Date;Nouveaux cas;Cumulatif de cas;
2020-02-25;1;1;
2020-02-26;0;1;
2020-02-27;0;1;
2020-02-28;0;1;
2020-02-29;0;1;
2020-03-01;1;2;
2020-03-02;2;4;
2020-03-03;0;4;
2020-03-04;0;4;
2020-03-05;0;4;
2020-03-06;0;4;
2020-03-07;0;4;
2020-03-08;1;5;
2020-03-09;1;6;
2020-03-10;2;8;
2020-03-11;3;11;
2020-03-12;3;14;
2020-03-13;2;16;
2020-03-14;5;21;
2020-03-15;6;27;
2020-03-16;5;32;
2020-03-17;7;39;
2020-03-18;6;45;
2020-03-19;36;81;
2020-03-20;49;130;
2020-03-21;91;221;
2020-03-22;88;309;
2020-03-23;132;441;
2020-03-24;145;586;
2020-03-25;185;771;
2020-03-26;180;951;
2020-03-27;240;1191;
2020-03-28;198;1389;
2020-03-29;258;1647;
2020-03-30;264;1911;
2020-03-31;330;2241;
2020-04-01;303;2544;
2020-04-02;408;2952;
2020-04-03;347;3299;
2020-04-04;340;3639;
2020-04-05;258;3897;
2020-04-06;457;4354;
2020-04-07;422;4776;
2020-04-08;373;5149;
2020-04-09;351;5500;
2020-04-10;305;5805;
2020-04-11;261;6066;
2020-04-12;329;6395;
2020-04-13;542;6937;
2020-04-14;468;7405;
2020-04-15;613;8018;
2020-04-16;496;8514;
2020-04-17;571;9085;
2020-04-18;331;9416;
2020-04-19;428;9844;
2020-04-20;482;10326;
2020-04-21;457;10783;
2020-04-22;530;11313;
2020-04-23;527;11840;
2020-04-24;492;12332;
2020-04-25;312;12644;
2020-04-26;282;12926;
2020-04-27;461;13387;
2020-04-28;471;13858;
2020-04-29;517;14375;
2020-04-30;588;14963;
2020-05-01;613;15576;
2020-05-02;526;16102;
2020-05-03;345;16447;
2020-05-04;419;16866;
2020-05-05;468;17334;
2020-05-06;569;17903;
2020-05-07;429;18332;
2020-05-08;427;18759;
2020-05-09;313;19072;
2020-05-10;299;19371;
2020-05-11;365;19736;
2020-05-12;426;20162;
2020-05-13;400;20562;
2020-05-14;353;20915;
2020-05-15;344;21259;
2020-05-16;271;21530;
2020-05-17;343;21873;
2020-05-18;331;22204;
2020-05-19;319;22523;
2020-05-20;406;22929;
2020-05-21;379;23308;
2020-05-22;257;23565;
2020-05-23;216;23781;
2020-05-24;216;23997;
2020-05-25;203;24200;
2020-05-26;240;24440;
2020-05-27;253;24693;
2020-05-28;193;24886;
2020-05-29;193;25079;
2020-05-30;205;25284;
2020-05-31;140;25424;
2020-06-01;155;25579;
2020-06-02;97;25676;
2020-06-03;114;25790;
2020-06-04;128;25918;
2020-06-05;109;26027;
2020-06-06;105;26132;
2020-06-07;75;26207;
2020-06-08;51;26258;
2020-06-09;79;26337;
2020-06-10;67;26404;
2020-06-11;66;26470;
2020-06-12;72;26542;
2020-06-13;66;26608;
2020-06-14;28;26636;
2020-06-15;56;26692;
2020-06-16;74;26766;
2020-06-17;53;26819;
2020-06-18;48;26867;
2020-06-19;64;26931;
2020-06-20;33;26964;
2020-06-21;27;26991;
2020-06-22;41;27032;
2020-06-23;40;27072;
2020-06-24;29;27101;
2020-06-25;45;27146;
2020-06-26;42;27188;
2020-06-27;30;27218;
2020-06-28;18;27236;
2020-06-29;16;27252;
2020-06-30;40;27292;
2020-07-01;24;27316;
2020-07-02;16;27332;
2020-07-03;17;27349;
2020-07-04;16;27365;
2020-07-05;7;27372;
2020-07-06;16;27388;
2020-07-07;21;27409;
2020-07-08;33;27442;
2020-07-09;52;27494;
2020-07-10;49;27543;
2020-07-11;22;27565;
2020-07-12;13;27578;
2020-07-13;75;27653;
2020-07-14;65;27718;
2020-07-15;69;27787;
2020-07-16;66;27853;
2020-07-17;100;27953;
2020-07-18;97;28050;
2020-07-19;55;28105;
2020-07-20;37;28142;
2020-07-21;62;28204;
2020-07-22;78;28282;
2020-07-23;94;28376;
2020-07-24;68;28444;
2020-07-25;34;28478;
2020-07-26;52;28530;
2020-07-27;34;28564;
2020-07-28;37;28601;
2020-07-29;69;28670;
2020-07-30;58;28728;
2020-07-31;57;28785;
2020-08-01;50;28835;
2020-08-02;31;28866;
2020-08-03;45;28911;
2020-08-04;65;28976;
2020-08-05;46;29022;
2020-08-06;21;29043;
2020-08-07;46;29089;
2020-08-08;35;29124;
2020-08-09;37;29161;
2020-08-10;34;29195;
2020-08-11;36;29231;
2020-08-12;35;29266;
2020-08-13;38;29304;
2020-08-14;30;29334;
2020-08-15;14;29348;
2020-08-16;12;29360;
2020-08-17;17;29377;
2020-08-18;17;29394;
2020-08-19;22;29416;
2020-08-20;34;29450;
2020-08-21;32;29482;
2020-08-22;20;29502;
2020-08-23;21;29523;
2020-08-24;8;29531;
2020-08-25;29;29560;
2020-08-26;41;29601;
2020-08-27;43;29644;
2020-08-28;25;29669;
2020-08-29;54;29723;
2020-08-30;14;29737;
2020-08-31;32;29769;
2020-09-01;36;29805;
2020-09-02;36;29841;
2020-09-03;72;29913;
2020-09-04;49;29962;
2020-09-05;63;30025;
2020-09-06;56;30081;
2020-09-07;50;30131;
2020-09-08;71;30202;
2020-09-09;70;30272;
2020-09-10;90;30362;
2020-09-11;109;30471;
2020-09-12;71;30542;
2020-09-13;98;30640;
2020-09-14;71;30711;
2020-09-15;94;30805;
2020-09-16;80;30885;
2020-09-17;71;30956;
2020-09-18;199;31155;
2020-09-19;141;31296;
2020-09-20;202;31498;
2020-09-21;140;31638;
2020-09-22;169;31807;
2020-09-23;254;32061;
2020-09-24;237;32298;
2020-09-25;287;32585;
2020-09-26;352;32937;
2020-09-27;274;33211;
2020-09-28;282;33493;
2020-09-29;355;33848;
2020-09-30;317;34165;
2020-10-01;312;34477;
2020-10-02;416;34893;
2020-10-03;365;35258;
2020-10-04;300;35558;
2020-10-05;279;35837;
2020-10-06;255;36092;
2020-10-07;303;36395;
2020-10-08;348;36743;
2020-10-09;286;37029;
2020-10-10;194;37223;
2020-10-11;327;37550;
2020-10-12;270;37820;
2020-10-13;202;38022;
2020-10-14;270;38292;
2020-10-15;254;38546;
2020-10-16;264;38810;
2020-10-17;273;39083;
2020-10-18;192;39275;
2020-10-19;244;39519;
2020-10-20;254;39773;
2020-10-21;288;40061;
2020-10-22;223;40284;
2020-10-23;247;40531;
2020-10-24;166;40697;
2020-10-25;220;40917;
2020-10-26;357;41274;
2020-10-27;244;41518;
2020-10-28;211;41729;
2020-10-29;219;41948;
2020-10-30;197;42145;
2020-10-31;239;42542;
2020-11-01;236;42778;
2020-11-02;198;42818;
2020-11-03;240;43058;
2020-11-04;245;43303;
2020-11-05;328;43631;
2020-11-06;265;43896;
2020-11-07;272;44168;
2020-11-08;277;44445;
2020-11-09;268;44713;
2020-11-10;320;45033;
2020-11-11;349;45382;
2020-11-12;286;45668;
2020-11-13;329;45997;
2020-11-14;307;46304;
2020-11-15;277;46581;
2020-11-16;306;46887;
2020-11-17;238;47125;
2020-11-18;229;47354;
2020-11-19;282;47636;
2020-11-20;254;47890;
2020-11-21;266;48156;
2020-11-22;302;48458;
2020-11-23;278;48736;
2020-11-24;243;48979;
2020-11-25;303;49282;
2020-11-26;348;49630;
2020-11-27;415;50045;
2020-11-28;445;50490;
2020-11-29;365;50855;
2020-11-30;338;51193;
2020-12-01;418;51611;
2020-12-02;458;52069;
2020-12-03;451;52520;
2020-12-04;498;53018;
2020-12-05;521;53539;
2020-12-06;484;54023;
2020-12-07;465;54488;
2020-12-08;531;55019;
2020-12-09;584;55603;
2020-12-10;548;56151;
2020-12-11;642;56793;
2020-12-12;734;57527;
2020-12-13;566;58093;
2020-12-14;678;58771;
2020-12-15;558;59329;
2020-12-16;698;60027;
2020-12-17;932;60959;
2020-12-18;813;61772;
2020-12-19;695;62467;
2020-12-20;650;63117;
2020-12-21;752;63869;
2020-12-22;761;64630;
2020-12-23;704;65334;
2020-12-24;877;66211;
2020-12-25;947;67158;
2020-12-26;754;67912;
2020-12-27;803;68715;
2020-12-28;843;69558;
2020-12-29;999;70557;
2020-12-30;934;71491;
2020-12-31;745;72236;
2021-01-01;1231;73467;
2021-01-02;927;74394;
2021-01-03;793;75187;
2021-01-04;771;75958;
2021-01-05;822;76780;
2021-01-06;1094;77874;
2021-01-07;1279;79153;
2021-01-08;1049;80202;
2021-01-09;824;81026;
2021-01-10;778;81804;
2021-01-11;564;82368;
2021-01-12;864;83232;
2021-01-13;732;83964;
2021-01-14;816;84780;
2021-01-15;714;85494;
2021-01-16;885;86379;
2021-01-17;584;86963;
2021-01-18;470;87433;
2021-01-19;637;88070;
2021-01-20;673;88743;
2021-01-21;765;89508;
2021-01-22;614;90122;
2021-01-23;564;90686;
2021-01-24;430;91116;
2021-01-25;505;91621;
2021-01-26;594;92215;
2021-01-27;455;92670;
2021-01-28;577;93247;
2021-01-29;498;93745;
2021-01-30;555;94300;
2021-01-31;390;94690;
2021-02-01;470;95160;
2021-02-02;559;95719;
2021-02-03;486;96205;
2021-02-04;524;96729;
2021-02-05;550;97279;
2021-02-06;512;97791;
2021-02-07;410;98201;
2021-02-08;334;98535;
2021-02-09;451;98986;
2021-02-10;552;99538;
2021-02-11;477;100015;
2021-02-12;482;100497;
2021-02-13;342;100839;
2021-02-14;352;101191;
2021-02-15;317;101508;
2021-02-16;414;101922;
2021-02-17;330;102252;
2021-02-18;376;102628;
2021-02-19;397;103025;
2021-02-20;391;103416;
2021-02-21;405;103821;
2021-02-22;258;104079;
2021-02-23;419;104498;
2021-02-24;410;104908;
2021-02-25;390;105298;
2021-02-26;398;105696;
2021-02-27;323;106019;
2021-02-28;249;106268;
2021-03-01;260;106528;
2021-03-02;391;106919;
2021-03-03;304;107223;
2021-03-04;376;107599;
2021-03-05;281;107880;
2021-03-06;398;108278;
2021-03-07;269;108547;
2021-03-08;260;108807;
2021-03-09;393;109200;
2021-03-10;315;109515;
2021-03-11;366;109881;
2021-03-12;390;110271;
2021-03-13;280;110551;
2021-03-14;271;110822;
2021-03-15;245;111067;
2021-03-16;341;111408;
2021-03-17;313;111721;
2021-03-18;355;112076;
2021-03-19;319;112395;
2021-03-20;266;112661;
2021-03-21;309;112970;
2021-03-22;229;113199;
2021-03-23;340;113539;
2021-03-24;370;113909;
2021-03-25;356;114265;
2021-03-26;361;114626;
2021-03-27;309;114935;
2021-03-28;262;115197;
2021-03-29;303;115500;
2021-03-30;375;115875;
2021-03-31;401;116276;
2021-04-01;360;116636;
2021-04-02;385;117021;
2021-04-03;355;117376;
2021-04-04;304;117680;
2021-04-05;294;117974;
2021-04-06;312;118286;
2021-04-07;282;118568;
;;;
;;;
;;;
;;;
;;;
;;;
;;;
;;;
;;;
;;;
;;;
;;;
;;;
;;;
;;;
;;;
;;;
;;;
;;;
;;;
;;;
;;;
;;;
;;;
;;;
;;;
;;;
;;;
;;;
;;;
;;;
;;;
;;;
;;;
;;;
;;;
;;;
;;;
;;;
;;;
;;;
;;;
;;;
;;;
;;;
;;;
;;;
;;;
;;;
;;;
;;;
;;;
;;;
;;;
;;;
;;;
;;;
;;;
;;;
;;;
;;;
;;;
;;;
;;;
;;;
;;;
;;;
;;;
;;;
;;;
;;;
;;;
;;;
;;;
;;;
;;;
;;;
;;;
;;;
;;;
;;;
;;;
;;;
;;;
;;;
;;;
;;;
;;;
;;;
;;;
;;;
;;;
;;;
;;;
;;;
;;;
;;;
;;;
;;;
;;;
;;;
;;;
;;;
;;;
;;;
;;;
;;;
;;;
;;;
;;;
;;;
;;;
;;;
;;;
;;;
;;;
;;;
;;;
;;;
