Date;Nouveaux cas;Cumulatif de cas;
2020-02-25;1;1;
2020-02-26;0;1;
2020-02-27;0;1;
2020-02-28;0;1;
2020-02-29;0;1;
2020-03-01;1;2;
2020-03-02;2;4;
2020-03-03;0;4;
2020-03-04;0;4;
2020-03-05;0;4;
2020-03-06;0;4;
2020-03-07;0;4;
2020-03-08;1;5;
2020-03-09;1;6;
2020-03-10;2;8;
2020-03-11;3;11;
2020-03-12;3;14;
2020-03-13;2;16;
2020-03-14;5;21;
2020-03-15;6;27;
2020-03-16;5;32;
2020-03-17;7;39;
2020-03-18;6;45;
2020-03-19;36;81;
2020-03-20;49;130;
2020-03-21;91;221;
2020-03-22;88;309;
2020-03-23;132;441;
2020-03-24;145;586;
2020-03-25;185;771;
2020-03-26;179;950;
2020-03-27;239;1189;
2020-03-28;198;1387;
2020-03-29;258;1645;
2020-03-30;264;1909;
2020-03-31;330;2239;
2020-04-01;303;2542;
2020-04-02;408;2950;
2020-04-03;347;3297;
2020-04-04;340;3637;
2020-04-05;258;3895;
2020-04-06;456;4351;
2020-04-07;421;4772;
2020-04-08;372;5144;
2020-04-09;350;5494;
2020-04-10;305;5799;
2020-04-11;261;6060;
2020-04-12;328;6388;
2020-04-13;542;6930;
2020-04-14;468;7398;
2020-04-15;612;8010;
2020-04-16;496;8506;
2020-04-17;570;9076;
2020-04-18;331;9407;
2020-04-19;428;9835;
2020-04-20;481;10316;
2020-04-21;456;10772;
2020-04-22;529;11301;
2020-04-23;526;11827;
2020-04-24;491;12318;
2020-04-25;312;12630;
2020-04-26;282;12912;
2020-04-27;461;13373;
2020-04-28;470;13843;
2020-04-29;517;14360;
2020-04-30;588;14948;
2020-05-01;612;15560;
2020-05-02;525;16085;
2020-05-03;345;16430;
2020-05-04;419;16849;
2020-05-05;467;17316;
2020-05-06;569;17885;
2020-05-07;429;18314;
2020-05-08;427;18741;
2020-05-09;312;19053;
2020-05-10;298;19351;
2020-05-11;363;19714;
2020-05-12;426;20140;
2020-05-13;400;20540;
2020-05-14;353;20893;
2020-05-15;344;21237;
2020-05-16;271;21508;
2020-05-17;342;21850;
2020-05-18;331;22181;
2020-05-19;319;22500;
2020-05-20;405;22905;
2020-05-21;378;23283;
2020-05-22;257;23540;
2020-05-23;216;23756;
2020-05-24;216;23972;
2020-05-25;203;24175;
2020-05-26;240;24415;
2020-05-27;253;24668;
2020-05-28;193;24861;
2020-05-29;193;25054;
2020-05-30;205;25259;
2020-05-31;140;25399;
2020-06-01;155;25554;
2020-06-02;97;25651;
2020-06-03;114;25765;
2020-06-04;127;25892;
2020-06-05;109;26001;
2020-06-06;105;26106;
2020-06-07;75;26181;
2020-06-08;51;26232;
2020-06-09;79;26311;
2020-06-10;67;26378;
2020-06-11;66;26444;
2020-06-12;72;26516;
2020-06-13;66;26582;
2020-06-14;28;26610;
2020-06-15;56;26666;
2020-06-16;74;26740;
2020-06-17;53;26793;
2020-06-18;48;26841;
2020-06-19;64;26905;
2020-06-20;33;26938;
2020-06-21;27;26965;
2020-06-22;41;27006;
2020-06-23;40;27046;
2020-06-24;29;27075;
2020-06-25;45;27120;
2020-06-26;42;27162;
2020-06-27;30;27192;
2020-06-28;18;27210;
2020-06-29;16;27226;
2020-06-30;40;27266;
2020-07-01;24;27290;
2020-07-02;16;27306;
2020-07-03;17;27323;
2020-07-04;16;27339;
2020-07-05;7;27346;
2020-07-06;16;27362;
2020-07-07;21;27383;
2020-07-08;33;27416;
2020-07-09;52;27468;
2020-07-10;48;27516;
2020-07-11;22;27538;
2020-07-12;13;27551;
2020-07-13;75;27626;
2020-07-14;65;27691;
2020-07-15;69;27760;
2020-07-16;66;27826;
2020-07-17;100;27926;
2020-07-18;97;28023;
2020-07-19;55;28078;
2020-07-20;37;28115;
2020-07-21;62;28177;
2020-07-22;78;28255;
2020-07-23;94;28349;
2020-07-24;69;28418;
2020-07-25;34;28452;
2020-07-26;52;28504;
2020-07-27;34;28538;
2020-07-28;37;28575;
2020-07-29;69;28644;
2020-07-30;58;28702;
2020-07-31;57;28759;
2020-08-01;50;28809;
2020-08-02;31;28840;
2020-08-03;45;28885;
2020-08-04;65;28950;
2020-08-05;46;28996;
2020-08-06;21;29017;
2020-08-07;46;29063;
2020-08-08;35;29098;
2020-08-09;37;29135;
2020-08-10;34;29169;
2020-08-11;36;29205;
2020-08-12;35;29240;
2020-08-13;38;29278;
2020-08-14;30;29308;
2020-08-15;14;29322;
2020-08-16;12;29334;
2020-08-17;17;29351;
2020-08-18;17;29368;
2020-08-19;22;29390;
2020-08-20;34;29424;
2020-08-21;32;29456;
2020-08-22;19;29475;
2020-08-23;21;29496;
2020-08-24;8;29504;
2020-08-25;29;29533;
2020-08-26;41;29574;
2020-08-27;43;29617;
2020-08-28;25;29642;
2020-08-29;54;29696;
2020-08-30;14;29710;
2020-08-31;32;29742;
2020-09-01;36;29778;
2020-09-02;36;29814;
2020-09-03;72;29886;
2020-09-04;49;29935;
2020-09-05;63;29998;
2020-09-06;57;30055;
2020-09-07;50;30105;
2020-09-08;71;30176;
2020-09-09;70;30246;
2020-09-10;90;30336;
2020-09-11;108;30444;
2020-09-12;71;30515;
2020-09-13;98;30613;
2020-09-14;71;30684;
2020-09-15;93;30777;
2020-09-16;79;30856;
2020-09-17;70;30926;
2020-09-18;198;31124;
2020-09-19;141;31265;
2020-09-20;201;31466;
2020-09-21;140;31606;
2020-09-22;169;31775;
2020-09-23;254;32029;
2020-09-24;235;32264;
2020-09-25;286;32550;
2020-09-26;352;32902;
2020-09-27;274;33176;
2020-09-28;282;33458;
2020-09-29;355;33813;
2020-09-30;317;34130;
2020-10-01;312;34442;
2020-10-02;416;34858;
2020-10-03;365;35223;
2020-10-04;299;35522;
2020-10-05;277;35799;
2020-10-06;254;36053;
2020-10-07;301;36354;
2020-10-08;347;36701;
2020-10-09;284;36985;
2020-10-10;194;37179;
2020-10-11;326;37505;
2020-10-12;270;37775;
2020-10-13;201;37976;
2020-10-14;270;38246;
2020-10-15;254;38500;
2020-10-16;264;38764;
2020-10-17;271;39035;
2020-10-18;191;39226;
2020-10-19;244;39470;
2020-10-20;254;39724;
2020-10-21;288;40012;
2020-10-22;222;40234;
2020-10-23;245;40479;
2020-10-24;166;40645;
2020-10-25;220;40865;
2020-10-26;356;41221;
2020-10-27;243;41464;
2020-10-28;211;41675;
2020-10-29;219;41894;
2020-10-30;196;42090;
2020-10-31;237;42542;
2020-11-01;235;42778;
2020-11-02;194;42756;
2020-11-03;240;42996;
2020-11-04;243;43239;
2020-11-05;327;43566;
2020-11-06;264;43830;
2020-11-07;270;44100;
2020-11-08;276;44376;
2020-11-09;267;44643;
2020-11-10;319;44962;
2020-11-11;347;45309;
2020-11-12;286;45595;
2020-11-13;328;45923;
2020-11-14;306;46229;
2020-11-15;277;46506;
2020-11-16;306;46812;
2020-11-17;238;47050;
2020-11-18;229;47279;
2020-11-19;281;47560;
2020-11-20;254;47814;
2020-11-21;263;48077;
2020-11-22;299;48376;
2020-11-23;277;48653;
2020-11-24;243;48896;
2020-11-25;301;49197;
2020-11-26;348;49545;
2020-11-27;414;49959;
2020-11-28;445;50404;
2020-11-29;364;50768;
2020-11-30;337;51105;
2020-12-01;418;51523;
2020-12-02;457;51980;
2020-12-03;448;52428;
2020-12-04;498;52926;
2020-12-05;519;53445;
2020-12-06;484;53929;
2020-12-07;462;54391;
2020-12-08;528;54919;
2020-12-09;582;55501;
2020-12-10;546;56047;
2020-12-11;640;56687;
2020-12-12;731;57418;
2020-12-13;564;57982;
2020-12-14;674;58656;
2020-12-15;557;59213;
2020-12-16;696;59909;
2020-12-17;931;60840;
2020-12-18;810;61650;
2020-12-19;692;62342;
2020-12-20;649;62991;
2020-12-21;751;63742;
2020-12-22;756;64498;
2020-12-23;702;65200;
2020-12-24;874;66074;
2020-12-25;942;67016;
2020-12-26;752;67768;
2020-12-27;801;68569;
2020-12-28;842;69411;
2020-12-29;999;70410;
2020-12-30;931;71341;
2020-12-31;741;72082;
2021-01-01;1223;73305;
2021-01-02;926;74231;
2021-01-03;790;75021;
2021-01-04;769;75790;
2021-01-05;820;76610;
2021-01-06;1090;77700;
2021-01-07;1276;78976;
2021-01-08;1044;80020;
2021-01-09;821;80841;
2021-01-10;778;81619;
2021-01-11;563;82182;
2021-01-12;863;83045;
2021-01-13;730;83775;
2021-01-14;815;84590;
2021-01-15;714;85304;
2021-01-16;880;86184;
2021-01-17;582;86766;
2021-01-18;467;87233;
2021-01-19;633;87866;
2021-01-20;670;88536;
2021-01-21;764;89300;
2021-01-22;611;89911;
2021-01-23;562;90473;
2021-01-24;428;90901;
2021-01-25;503;91404;
2021-01-26;593;91997;
2021-01-27;454;92451;
2021-01-28;576;93027;
2021-01-29;498;93525;
2021-01-30;556;94081;
2021-01-31;389;94470;
2021-02-01;468;94938;
2021-02-02;559;95497;
2021-02-03;483;95980;
2021-02-04;523;96503;
2021-02-05;547;97050;
2021-02-06;511;97561;
2021-02-07;409;97970;
2021-02-08;333;98303;
2021-02-09;451;98754;
2021-02-10;551;99305;
2021-02-11;474;99779;
2021-02-12;480;100259;
2021-02-13;341;100600;
2021-02-14;352;100952;
2021-02-15;317;101269;
2021-02-16;413;101682;
2021-02-17;327;102009;
2021-02-18;375;102384;
2021-02-19;395;102779;
2021-02-20;387;103166;
2021-02-21;401;103567;
2021-02-22;257;103824;
2021-02-23;419;104243;
2021-02-24;409;104652;
2021-02-25;389;105041;
2021-02-26;396;105437;
2021-02-27;321;105758;
2021-02-28;249;106007;
2021-03-01;259;106266;
2021-03-02;391;106657;
2021-03-03;303;106960;
2021-03-04;376;107336;
2021-03-05;281;107617;
2021-03-06;398;108015;
2021-03-07;266;108281;
2021-03-08;260;108541;
2021-03-09;391;108932;
2021-03-10;315;109247;
2021-03-11;366;109613;
2021-03-12;388;110001;
2021-03-13;280;110281;
2021-03-14;270;110551;
2021-03-15;245;110796;
2021-03-16;338;111134;
2021-03-17;312;111446;
2021-03-18;352;111798;
2021-03-19;319;112117;
2021-03-20;266;112383;
2021-03-21;309;112692;
2021-03-22;229;112921;
2021-03-23;339;113260;
2021-03-24;370;113630;
2021-03-25;356;113986;
2021-03-26;360;114346;
2021-03-27;309;114655;
2021-03-28;261;114916;
2021-03-29;303;115219;
2021-03-30;374;115593;
2021-03-31;401;115994;
2021-04-01;360;116354;
2021-04-02;385;116739;
2021-04-03;356;117095;
2021-04-04;300;117395;
2021-04-05;294;117689;
2021-04-06;311;118000;
2021-04-07;404;118404;
2021-04-08;395;118799;
2021-04-09;515;119314;
2021-04-10;297;119611;
2021-04-11;377;119988;
2021-04-12;262;120250;
2021-04-13;375;120625;
2021-04-14;354;120979;
2021-04-15;433;121412;
2021-04-16;368;121780;
2021-04-17;352;122132;
2021-04-18;219;122351;
2021-04-19;253;122604;
2021-04-20;274;122878;
2021-04-21;311;123189;
2021-04-22;316;123505;
2021-04-23;229;123734;
2021-04-24;341;124075;
2021-04-25;200;124275;
2021-04-26;243;124518;
2021-04-27;208;124726;
;;;
;;;
;;;
;;;
;;;
;;;
;;;
;;;
;;;
;;;
;;;
;;;
;;;
;;;
;;;
;;;
;;;
;;;
;;;
;;;
;;;
;;;
;;;
;;;
;;;
;;;
;;;
;;;
;;;
;;;
;;;
;;;
;;;
;;;
;;;
;;;
;;;
;;;
;;;
;;;
;;;
;;;
;;;
;;;
;;;
;;;
;;;
;;;
;;;
;;;
;;;
;;;
;;;
;;;
;;;
;;;
;;;
;;;
;;;
;;;
;;;
;;;
;;;
;;;
;;;
;;;
;;;
;;;
;;;
;;;
;;;
;;;
;;;
;;;
;;;
;;;
;;;
;;;
;;;
;;;
;;;
;;;
;;;
;;;
;;;
;;;
;;;
;;;
;;;
;;;
;;;
;;;
;;;
;;;
;;;
;;;
;;;
;;;
;;;
