Date;Nouveaux cas;Cumulatif de cas;
2020-02-25;1;1;
2020-02-26;0;1;
2020-02-27;0;1;
2020-02-28;0;1;
2020-02-29;0;1;
2020-03-01;1;2;
2020-03-02;2;4;
2020-03-03;0;4;
2020-03-04;0;4;
2020-03-05;0;4;
2020-03-06;0;4;
2020-03-07;0;4;
2020-03-08;1;5;
2020-03-09;1;6;
2020-03-10;2;8;
2020-03-11;3;11;
2020-03-12;3;14;
2020-03-13;2;16;
2020-03-14;5;21;
2020-03-15;6;27;
2020-03-16;5;32;
2020-03-17;7;39;
2020-03-18;6;45;
2020-03-19;36;81;
2020-03-20;49;130;
2020-03-21;91;221;
2020-03-22;88;309;
2020-03-23;132;441;
2020-03-24;145;586;
2020-03-25;185;771;
2020-03-26;179;950;
2020-03-27;239;1189;
2020-03-28;198;1387;
2020-03-29;258;1645;
2020-03-30;264;1909;
2020-03-31;330;2239;
2020-04-01;303;2542;
2020-04-02;408;2950;
2020-04-03;347;3297;
2020-04-04;340;3637;
2020-04-05;258;3895;
2020-04-06;455;4350;
2020-04-07;421;4771;
2020-04-08;372;5143;
2020-04-09;350;5493;
2020-04-10;305;5798;
2020-04-11;261;6059;
2020-04-12;328;6387;
2020-04-13;542;6929;
2020-04-14;468;7397;
2020-04-15;612;8009;
2020-04-16;496;8505;
2020-04-17;570;9075;
2020-04-18;331;9406;
2020-04-19;428;9834;
2020-04-20;481;10315;
2020-04-21;456;10771;
2020-04-22;529;11300;
2020-04-23;526;11826;
2020-04-24;491;12317;
2020-04-25;312;12629;
2020-04-26;282;12911;
2020-04-27;461;13372;
2020-04-28;470;13842;
2020-04-29;517;14359;
2020-04-30;588;14947;
2020-05-01;612;15559;
2020-05-02;525;16084;
2020-05-03;345;16429;
2020-05-04;419;16848;
2020-05-05;467;17315;
2020-05-06;569;17884;
2020-05-07;429;18313;
2020-05-08;427;18740;
2020-05-09;312;19052;
2020-05-10;297;19349;
2020-05-11;363;19712;
2020-05-12;426;20138;
2020-05-13;400;20538;
2020-05-14;353;20891;
2020-05-15;344;21235;
2020-05-16;271;21506;
2020-05-17;342;21848;
2020-05-18;331;22179;
2020-05-19;319;22498;
2020-05-20;405;22903;
2020-05-21;377;23280;
2020-05-22;257;23537;
2020-05-23;216;23753;
2020-05-24;216;23969;
2020-05-25;203;24172;
2020-05-26;240;24412;
2020-05-27;252;24664;
2020-05-28;193;24857;
2020-05-29;192;25049;
2020-05-30;205;25254;
2020-05-31;140;25394;
2020-06-01;155;25549;
2020-06-02;97;25646;
2020-06-03;114;25760;
2020-06-04;126;25886;
2020-06-05;109;25995;
2020-06-06;105;26100;
2020-06-07;75;26175;
2020-06-08;51;26226;
2020-06-09;79;26305;
2020-06-10;67;26372;
2020-06-11;66;26438;
2020-06-12;72;26510;
2020-06-13;66;26576;
2020-06-14;28;26604;
2020-06-15;56;26660;
2020-06-16;74;26734;
2020-06-17;53;26787;
2020-06-18;48;26835;
2020-06-19;64;26899;
2020-06-20;33;26932;
2020-06-21;27;26959;
2020-06-22;41;27000;
2020-06-23;40;27040;
2020-06-24;29;27069;
2020-06-25;45;27114;
2020-06-26;42;27156;
2020-06-27;30;27186;
2020-06-28;18;27204;
2020-06-29;16;27220;
2020-06-30;39;27259;
2020-07-01;24;27283;
2020-07-02;16;27299;
2020-07-03;17;27316;
2020-07-04;16;27332;
2020-07-05;7;27339;
2020-07-06;16;27355;
2020-07-07;21;27376;
2020-07-08;33;27409;
2020-07-09;52;27461;
2020-07-10;48;27509;
2020-07-11;22;27531;
2020-07-12;13;27544;
2020-07-13;75;27619;
2020-07-14;64;27683;
2020-07-15;69;27752;
2020-07-16;66;27818;
2020-07-17;99;27917;
2020-07-18;97;28014;
2020-07-19;55;28069;
2020-07-20;37;28106;
2020-07-21;62;28168;
2020-07-22;78;28246;
2020-07-23;94;28340;
2020-07-24;69;28409;
2020-07-25;34;28443;
2020-07-26;52;28495;
2020-07-27;34;28529;
2020-07-28;37;28566;
2020-07-29;69;28635;
2020-07-30;58;28693;
2020-07-31;57;28750;
2020-08-01;50;28800;
2020-08-02;31;28831;
2020-08-03;45;28876;
2020-08-04;65;28941;
2020-08-05;46;28987;
2020-08-06;21;29008;
2020-08-07;46;29054;
2020-08-08;35;29089;
2020-08-09;37;29126;
2020-08-10;34;29160;
2020-08-11;36;29196;
2020-08-12;35;29231;
2020-08-13;38;29269;
2020-08-14;30;29299;
2020-08-15;14;29313;
2020-08-16;12;29325;
2020-08-17;17;29342;
2020-08-18;17;29359;
2020-08-19;22;29381;
2020-08-20;34;29415;
2020-08-21;32;29447;
2020-08-22;19;29466;
2020-08-23;21;29487;
2020-08-24;8;29495;
2020-08-25;29;29524;
2020-08-26;41;29565;
2020-08-27;43;29608;
2020-08-28;25;29633;
2020-08-29;54;29687;
2020-08-30;14;29701;
2020-08-31;32;29733;
2020-09-01;36;29769;
2020-09-02;36;29805;
2020-09-03;72;29877;
2020-09-04;49;29926;
2020-09-05;63;29989;
2020-09-06;57;30046;
2020-09-07;50;30096;
2020-09-08;71;30167;
2020-09-09;70;30237;
2020-09-10;90;30327;
2020-09-11;108;30435;
2020-09-12;71;30506;
2020-09-13;98;30604;
2020-09-14;71;30675;
2020-09-15;93;30768;
2020-09-16;79;30847;
2020-09-17;70;30917;
2020-09-18;198;31115;
2020-09-19;141;31256;
2020-09-20;201;31457;
2020-09-21;140;31597;
2020-09-22;169;31766;
2020-09-23;254;32020;
2020-09-24;235;32255;
2020-09-25;286;32541;
2020-09-26;352;32893;
2020-09-27;274;33167;
2020-09-28;282;33449;
2020-09-29;355;33804;
2020-09-30;317;34121;
2020-10-01;312;34433;
2020-10-02;416;34849;
2020-10-03;365;35214;
2020-10-04;299;35513;
2020-10-05;277;35790;
2020-10-06;254;36044;
2020-10-07;301;36345;
2020-10-08;347;36692;
2020-10-09;284;36976;
2020-10-10;194;37170;
2020-10-11;326;37496;
2020-10-12;269;37765;
2020-10-13;201;37966;
2020-10-14;270;38236;
2020-10-15;254;38490;
2020-10-16;263;38753;
2020-10-17;271;39024;
2020-10-18;191;39215;
2020-10-19;243;39458;
2020-10-20;254;39712;
2020-10-21;288;40000;
2020-10-22;222;40222;
2020-10-23;244;40466;
2020-10-24;166;40632;
2020-10-25;219;40851;
2020-10-26;356;41207;
2020-10-27;243;41450;
2020-10-28;211;41661;
2020-10-29;219;41880;
2020-10-30;196;42076;
2020-10-31;237;42542;
2020-11-01;235;42778;
2020-11-02;194;42742;
2020-11-03;240;42982;
2020-11-04;243;43225;
2020-11-05;327;43552;
2020-11-06;264;43816;
2020-11-07;270;44086;
2020-11-08;275;44361;
2020-11-09;267;44628;
2020-11-10;319;44947;
2020-11-11;347;45294;
2020-11-12;283;45577;
2020-11-13;327;45904;
2020-11-14;306;46210;
2020-11-15;276;46486;
2020-11-16;305;46791;
2020-11-17;238;47029;
2020-11-18;229;47258;
2020-11-19;281;47539;
2020-11-20;252;47791;
2020-11-21;261;48052;
2020-11-22;299;48351;
2020-11-23;277;48628;
2020-11-24;243;48871;
2020-11-25;299;49170;
2020-11-26;348;49518;
2020-11-27;414;49932;
2020-11-28;445;50377;
2020-11-29;364;50741;
2020-11-30;337;51078;
2020-12-01;418;51496;
2020-12-02;457;51953;
2020-12-03;448;52401;
2020-12-04;498;52899;
2020-12-05;518;53417;
2020-12-06;484;53901;
2020-12-07;462;54363;
2020-12-08;528;54891;
2020-12-09;582;55473;
2020-12-10;545;56018;
2020-12-11;640;56658;
2020-12-12;731;57389;
2020-12-13;564;57953;
2020-12-14;674;58627;
2020-12-15;557;59184;
2020-12-16;696;59880;
2020-12-17;930;60810;
2020-12-18;808;61618;
2020-12-19;692;62310;
2020-12-20;649;62959;
2020-12-21;751;63710;
2020-12-22;755;64465;
2020-12-23;702;65167;
2020-12-24;873;66040;
2020-12-25;942;66982;
2020-12-26;752;67734;
2020-12-27;801;68535;
2020-12-28;841;69376;
2020-12-29;998;70374;
2020-12-30;930;71304;
2020-12-31;741;72045;
2021-01-01;1222;73267;
2021-01-02;926;74193;
2021-01-03;790;74983;
2021-01-04;769;75752;
2021-01-05;820;76572;
2021-01-06;1089;77661;
2021-01-07;1276;78937;
2021-01-08;1043;79980;
2021-01-09;818;80798;
2021-01-10;778;81576;
2021-01-11;561;82137;
2021-01-12;863;83000;
2021-01-13;730;83730;
2021-01-14;814;84544;
2021-01-15;714;85258;
2021-01-16;879;86137;
2021-01-17;582;86719;
2021-01-18;467;87186;
2021-01-19;631;87817;
2021-01-20;668;88485;
2021-01-21;763;89248;
2021-01-22;609;89857;
2021-01-23;561;90418;
2021-01-24;427;90845;
2021-01-25;503;91348;
2021-01-26;592;91940;
2021-01-27;454;92394;
2021-01-28;574;92968;
2021-01-29;498;93466;
2021-01-30;555;94021;
2021-01-31;389;94410;
2021-02-01;468;94878;
2021-02-02;559;95437;
2021-02-03;483;95920;
2021-02-04;523;96443;
2021-02-05;547;96990;
2021-02-06;511;97501;
2021-02-07;408;97909;
2021-02-08;332;98241;
2021-02-09;451;98692;
2021-02-10;551;99243;
2021-02-11;472;99715;
2021-02-12;478;100193;
2021-02-13;341;100534;
2021-02-14;352;100886;
2021-02-15;315;101201;
2021-02-16;413;101614;
2021-02-17;327;101941;
2021-02-18;375;102316;
2021-02-19;395;102711;
2021-02-20;386;103097;
2021-02-21;401;103498;
2021-02-22;257;103755;
2021-02-23;419;104174;
2021-02-24;409;104583;
2021-02-25;389;104972;
2021-02-26;395;105367;
2021-02-27;321;105688;
2021-02-28;249;105937;
2021-03-01;258;106195;
2021-03-02;391;106586;
2021-03-03;303;106889;
2021-03-04;376;107265;
2021-03-05;281;107546;
2021-03-06;398;107944;
2021-03-07;266;108210;
2021-03-08;260;108470;
2021-03-09;390;108860;
2021-03-10;315;109175;
2021-03-11;366;109541;
2021-03-12;388;109929;
2021-03-13;280;110209;
2021-03-14;270;110479;
2021-03-15;245;110724;
2021-03-16;338;111062;
2021-03-17;312;111374;
2021-03-18;352;111726;
2021-03-19;319;112045;
2021-03-20;266;112311;
2021-03-21;309;112620;
2021-03-22;229;112849;
2021-03-23;337;113186;
2021-03-24;370;113556;
2021-03-25;356;113912;
2021-03-26;360;114272;
2021-03-27;308;114580;
2021-03-28;261;114841;
2021-03-29;302;115143;
2021-03-30;373;115516;
2021-03-31;401;115917;
2021-04-01;360;116277;
2021-04-02;385;116662;
2021-04-03;356;117018;
2021-04-04;300;117318;
2021-04-05;294;117612;
2021-04-06;311;117923;
2021-04-07;404;118327;
2021-04-08;395;118722;
2021-04-09;515;119237;
2021-04-10;297;119534;
2021-04-11;377;119911;
2021-04-12;262;120173;
2021-04-13;375;120548;
2021-04-14;354;120902;
2021-04-15;433;121335;
2021-04-16;367;121702;
2021-04-17;351;122053;
2021-04-18;219;122272;
2021-04-19;253;122525;
2021-04-20;274;122799;
2021-04-21;311;123110;
2021-04-22;316;123426;
2021-04-23;229;123655;
2021-04-24;341;123996;
2021-04-25;201;124197;
2021-04-26;245;124442;
2021-04-27;291;124733;
2021-04-28;313;125046;
2021-04-29;345;125391;
2021-04-30;326;125717;
2021-05-01;265;125982;
2021-05-02;105;126087;
;;;
;;;
;;;
;;;
;;;
;;;
;;;
;;;
;;;
;;;
;;;
;;;
;;;
;;;
;;;
;;;
;;;
;;;
;;;
;;;
;;;
;;;
;;;
;;;
;;;
;;;
;;;
;;;
;;;
;;;
;;;
;;;
;;;
;;;
;;;
;;;
;;;
;;;
;;;
;;;
;;;
;;;
;;;
;;;
;;;
;;;
;;;
;;;
;;;
;;;
;;;
;;;
;;;
;;;
;;;
;;;
;;;
;;;
;;;
;;;
;;;
;;;
;;;
;;;
;;;
;;;
;;;
;;;
;;;
;;;
;;;
;;;
;;;
;;;
;;;
;;;
;;;
;;;
;;;
;;;
;;;
;;;
;;;
;;;
;;;
;;;
;;;
;;;
;;;
;;;
;;;
;;;
;;;
;;;
