Date;Nouveaux cas;Cumulatif de cas;
2020-01-08;0;0;
2020-02-25;1;1;
2020-02-26;0;1;
2020-02-27;0;1;
2020-02-28;0;1;
2020-02-29;0;1;
2020-03-01;1;2;
2020-03-02;2;4;
2020-03-03;0;4;
2020-03-04;0;4;
2020-03-05;0;4;
2020-03-06;0;4;
2020-03-07;0;4;
2020-03-08;1;5;
2020-03-09;1;6;
2020-03-10;2;8;
2020-03-11;3;11;
2020-03-12;3;14;
2020-03-13;2;16;
2020-03-14;5;21;
2020-03-15;6;27;
2020-03-16;5;32;
2020-03-17;7;39;
2020-03-18;6;45;
2020-03-19;36;81;
2020-03-20;49;130;
2020-03-21;92;222;
2020-03-22;89;311;
2020-03-23;133;444;
2020-03-24;145;589;
2020-03-25;188;777;
2020-03-26;180;957;
2020-03-27;242;1199;
2020-03-28;199;1398;
2020-03-29;260;1658;
2020-03-30;265;1923;
2020-03-31;330;2253;
2020-04-01;304;2557;
2020-04-02;409;2966;
2020-04-03;348;3314;
2020-04-04;339;3653;
2020-04-05;261;3914;
2020-04-06;458;4372;
2020-04-07;422;4794;
2020-04-08;373;5167;
2020-04-09;351;5518;
2020-04-10;306;5824;
2020-04-11;261;6085;
2020-04-12;331;6416;
2020-04-13;542;6958;
2020-04-14;468;7426;
2020-04-15;614;8040;
2020-04-16;497;8537;
2020-04-17;571;9108;
2020-04-18;331;9439;
2020-04-19;431;9870;
2020-04-20;483;10353;
2020-04-21;457;10810;
2020-04-22;531;11341;
2020-04-23;527;11868;
2020-04-24;495;12363;
2020-04-25;311;12674;
2020-04-26;283;12957;
2020-04-27;461;13418;
2020-04-28;472;13890;
2020-04-29;520;14410;
2020-04-30;588;14998;
2020-05-01;616;15614;
2020-05-02;525;16139;
2020-05-03;351;16490;
2020-05-04;421;16911;
2020-05-05;470;17381;
2020-05-06;568;17949;
2020-05-07;429;18378;
2020-05-08;431;18809;
2020-05-09;310;19119;
2020-05-10;299;19418;
2020-05-11;366;19784;
2020-05-12;426;20210;
2020-05-13;400;20610;
2020-05-14;354;20964;
2020-05-15;348;21312;
2020-05-16;270;21582;
2020-05-17;343;21925;
2020-05-18;333;22258;
2020-05-19;320;22578;
2020-05-20;409;22987;
2020-05-21;381;23368;
2020-05-22;257;23625;
2020-05-23;216;23841;
2020-05-24;215;24056;
2020-05-25;205;24261;
2020-05-26;240;24501;
2020-05-27;254;24755;
2020-05-28;193;24948;
2020-05-29;193;25141;
2020-05-30;205;25346;
2020-05-31;141;25487;
2020-06-01;155;25642;
2020-06-02;97;25739;
2020-06-03;114;25853;
2020-06-04;129;25982;
2020-06-05;112;26094;
2020-06-06;105;26199;
2020-06-07;76;26275;
2020-06-08;51;26326;
2020-06-09;78;26404;
2020-06-10;67;26471;
2020-06-11;67;26538;
2020-06-12;72;26610;
2020-06-13;66;26676;
2020-06-14;28;26704;
2020-06-15;56;26760;
2020-06-16;74;26834;
2020-06-17;52;26886;
2020-06-18;48;26934;
2020-06-19;65;26999;
2020-06-20;33;27032;
2020-06-21;26;27058;
2020-06-22;40;27098;
2020-06-23;38;27136;
2020-06-24;29;27165;
2020-06-25;46;27211;
2020-06-26;42;27253;
2020-06-27;30;27283;
2020-06-28;18;27301;
2020-06-29;16;27317;
2020-06-30;40;27357;
2020-07-01;24;27381;
2020-07-02;16;27397;
2020-07-03;17;27414;
2020-07-04;16;27430;
2020-07-05;7;27437;
2020-07-06;15;27452;
2020-07-07;21;27473;
2020-07-08;33;27506;
2020-07-09;52;27558;
2020-07-10;50;27608;
2020-07-11;22;27630;
2020-07-12;13;27643;
2020-07-13;75;27718;
2020-07-14;67;27785;
2020-07-15;69;27854;
2020-07-16;65;27919;
2020-07-17;100;28019;
2020-07-18;97;28116;
2020-07-19;54;28170;
2020-07-20;38;28208;
2020-07-21;63;28271;
2020-07-22;77;28348;
2020-07-23;92;28440;
2020-07-24;69;28509;
2020-07-25;35;28544;
2020-07-26;52;28596;
2020-07-27;34;28630;
2020-07-28;38;28668;
2020-07-29;71;28739;
2020-07-30;59;28798;
2020-07-31;58;28856;
2020-08-01;50;28906;
2020-08-02;31;28937;
2020-08-03;46;28983;
2020-08-04;65;29048;
2020-08-05;46;29094;
2020-08-06;21;29115;
2020-08-07;46;29161;
2020-08-08;35;29196;
2020-08-09;38;29234;
2020-08-10;34;29268;
2020-08-11;36;29304;
2020-08-12;35;29339;
2020-08-13;38;29377;
2020-08-14;30;29407;
2020-08-15;14;29421;
2020-08-16;12;29433;
2020-08-17;17;29450;
2020-08-18;17;29467;
2020-08-19;22;29489;
2020-08-20;35;29524;
2020-08-21;33;29557;
2020-08-22;20;29577;
2020-08-23;23;29600;
2020-08-24;8;29608;
2020-08-25;28;29636;
2020-08-26;42;29678;
2020-08-27;43;29721;
2020-08-28;25;29746;
2020-08-29;55;29801;
2020-08-30;14;29815;
2020-08-31;32;29847;
2020-09-01;36;29883;
2020-09-02;36;29919;
2020-09-03;72;29991;
2020-09-04;49;30040;
2020-09-05;67;30107;
2020-09-06;59;30166;
2020-09-07;50;30216;
2020-09-08;72;30288;
2020-09-09;70;30358;
2020-09-10;90;30448;
2020-09-11;109;30557;
2020-09-12;71;30628;
2020-09-13;97;30725;
2020-09-14;74;30799;
2020-09-15;95;30894;
2020-09-16;82;30976;
2020-09-17;73;31049;
2020-09-18;202;31251;
2020-09-19;141;31392;
2020-09-20;205;31597;
2020-09-21;140;31737;
2020-09-22;170;31907;
2020-09-23;255;32162;
2020-09-24;238;32400;
2020-09-25;287;32687;
2020-09-26;352;33039;
2020-09-27;276;33315;
2020-09-28;284;33599;
2020-09-29;359;33958;
2020-09-30;320;34278;
2020-10-01;314;34592;
2020-10-02;418;35010;
2020-10-03;374;35384;
2020-10-04;302;35686;
2020-10-05;281;35967;
2020-10-06;257;36224;
2020-10-07;305;36529;
2020-10-08;348;36877;
2020-10-09;287;37164;
2020-10-10;197;37361;
2020-10-11;334;37695;
2020-10-12;273;37968;
2020-10-13;204;38172;
2020-10-14;274;38446;
2020-10-15;258;38704;
2020-10-16;267;38971;
2020-10-17;276;39247;
2020-10-18;194;39441;
2020-10-19;244;39685;
2020-10-20;255;39940;
2020-10-21;292;40232;
2020-10-22;225;40457;
2020-10-23;247;40704;
2020-10-24;166;40870;
2020-10-25;220;41090;
2020-10-26;362;41452;
2020-10-27;244;41696;
2020-10-28;213;41909;
2020-10-29;220;42129;
2020-10-30;197;42326;
2020-10-31;240;42566;
2020-11-01;235;42801;
2020-11-02;198;42999;
2020-11-03;243;43242;
2020-11-04;247;43489;
2020-11-05;327;43816;
2020-11-06;265;44081;
2020-11-07;273;44354;
2020-11-08;277;44631;
2020-11-09;272;44903;
2020-11-10;324;45227;
2020-11-11;351;45578;
2020-11-12;286;45864;
2020-11-13;332;46196;
2020-11-14;310;46506;
2020-11-15;281;46787;
2020-11-16;308;47095;
2020-11-17;239;47334;
2020-11-18;230;47564;
2020-11-19;284;47848;
2020-11-20;255;48103;
2020-11-21;270;48373;
2020-11-22;303;48676;
2020-11-23;278;48954;
2020-11-24;245;49199;
2020-11-25;304;49503;
2020-11-26;348;49851;
2020-11-27;418;50269;
2020-11-28;448;50717;
2020-11-29;366;51083;
2020-11-30;339;51422;
2020-12-01;418;51840;
2020-12-02;460;52300;
2020-12-03;453;52753;
2020-12-04;501;53254;
2020-12-05;521;53775;
2020-12-06;487;54262;
2020-12-07;465;54727;
2020-12-08;534;55261;
2020-12-09;588;55849;
2020-12-10;552;56401;
2020-12-11;649;57050;
2020-12-12;737;57787;
2020-12-13;569;58356;
2020-12-14;676;59032;
2020-12-15;561;59593;
2020-12-16;704;60297;
2020-12-17;937;61234;
2020-12-18;816;62050;
2020-12-19;699;62749;
2020-12-20;651;63400;
2020-12-21;755;64155;
2020-12-22;770;64925;
2020-12-23;710;65635;
2020-12-24;882;66517;
2020-12-25;955;67472;
2020-12-26;757;68229;
2020-12-27;805;69034;
2020-12-28;845;69879;
2020-12-29;1005;70884;
2020-12-30;943;71827;
2020-12-31;752;72579;
2021-01-01;1236;73815;
2021-01-02;929;74744;
2021-01-03;793;75537;
2021-01-04;774;76311;
2021-01-05;828;77139;
2021-01-06;1102;78241;
2021-01-07;1284;79525;
2021-01-08;1052;80577;
2021-01-09;827;81404;
2021-01-10;780;82184;
2021-01-11;564;82748;
2021-01-12;864;83612;
2021-01-13;737;84349;
2021-01-14;822;85171;
2021-01-15;717;85888;
2021-01-16;888;86776;
2021-01-17;587;87363;
2021-01-18;471;87834;
2021-01-19;633;88467;
2021-01-20;674;89141;
2021-01-21;466;89607;
;;;
;;;
;;;
;;;
;;;
;;;
;;;
;;;
;;;
;;;
;;;
;;;
;;;
;;;
;;;
;;;
;;;
;;;
;;;
;;;
;;;
;;;
;;;
;;;
;;;
;;;
;;;
;;;
;;;
;;;
;;;
;;;
;;;
;;;
;;;
;;;
;;;
;;;
;;;
;;;
;;;
;;;
;;;
;;;
;;;
;;;
;;;
;;;
;;;
;;;
;;;
;;;
;;;
;;;
;;;
;;;
;;;
;;;
;;;
;;;
;;;
;;;
;;;
;;;
;;;
;;;
;;;
;;;
;;;
;;;
;;;
;;;
;;;
;;;
;;;
;;;
;;;
;;;
;;;
;;;
;;;
;;;
;;;
;;;
;;;
;;;
;;;
;;;
;;;
;;;
;;;
;;;
;;;
;;;
;;;
;;;
;;;
;;;
;;;
;;;
;;;
;;;
;;;
;;;
;;;
;;;
;;;
;;;
;;;
;;;
;;;
;;;
;;;
;;;
;;;
;;;
;;;
;;;
;;;
;;;
;;;
;;;
;;;
;;;
;;;
;;;
;;;
;;;
;;;
;;;
;;;
;;;
;;;
;;;
;;;
;;;
;;;
;;;
;;;
;;;
;;;
;;;
;;;
;;;
;;;
;;;
;;;
;;;
;;;
;;;
;;;
;;;
;;;
;;;
;;;
;;;
;;;
;;;
;;;
;;;
;;;
;;;
;;;
;;;
;;;
;;;
;;;
;;;
;;;
;;;
;;;
;;;
;;;
;;;
;;;
;;;
;;;
;;;
;;;
;;;
;;;
;;;
;;;
;;;
;;;
;;;
;;;
;;;
;;;
;;;
;;;
;;;
;;;
;;;
