Date;Nouveaux cas;Cumulatif de cas;;
2020-02-25;1;1;;
2020-02-26;0;1;;
2020-02-27;0;1;;
2020-02-28;0;1;;
2020-02-29;0;1;;
2020-03-01;1;2;;
2020-03-02;2;4;;
2020-03-03;0;4;;
2020-03-04;0;4;;
2020-03-05;0;4;;
2020-03-06;0;4;;
2020-03-07;0;4;;
2020-03-08;1;5;;
2020-03-09;1;6;;
2020-03-10;2;8;;
2020-03-11;3;11;;
2020-03-12;3;14;;
2020-03-13;2;16;;
2020-03-14;5;21;;
2020-03-15;6;27;;
2020-03-16;5;32;;
2020-03-17;7;39;;
2020-03-18;6;45;;
2020-03-19;35;80;;
2020-03-20;49;129;;
2020-03-21;91;220;;
2020-03-22;88;308;;
2020-03-23;132;440;;
2020-03-24;145;585;;
2020-03-25;184;769;;
2020-03-26;179;948;;
2020-03-27;239;1187;;
2020-03-28;198;1385;;
2020-03-29;258;1643;;
2020-03-30;264;1907;;
2020-03-31;329;2236;;
2020-04-01;303;2539;;
2020-04-02;407;2946;;
2020-04-03;346;3292;;
2020-04-04;340;3632;;
2020-04-05;258;3890;;
2020-04-06;455;4345;;
2020-04-07;421;4766;;
2020-04-08;372;5138;;
2020-04-09;350;5488;;
2020-04-10;305;5793;;
2020-04-11;261;6054;;
2020-04-12;327;6381;;
2020-04-13;542;6923;;
2020-04-14;468;7391;;
2020-04-15;609;8000;;
2020-04-16;496;8496;;
2020-04-17;568;9064;;
2020-04-18;330;9394;;
2020-04-19;427;9821;;
2020-04-20;479;10300;;
2020-04-21;456;10756;;
2020-04-22;530;11286;;
2020-04-23;523;11809;;
2020-04-24;491;12300;;
2020-04-25;312;12612;;
2020-04-26;282;12894;;
2020-04-27;461;13355;;
2020-04-28;470;13825;;
2020-04-29;517;14342;;
2020-04-30;587;14929;;
2020-05-01;613;15542;;
2020-05-02;526;16068;;
2020-05-03;343;16411;;
2020-05-04;419;16830;;
2020-05-05;465;17295;;
2020-05-06;566;17861;;
2020-05-07;428;18289;;
2020-05-08;427;18716;;
2020-05-09;310;19026;;
2020-05-10;297;19323;;
2020-05-11;362;19685;;
2020-05-12;427;20112;;
2020-05-13;398;20510;;
2020-05-14;352;20862;;
2020-05-15;341;21203;;
2020-05-16;271;21474;;
2020-05-17;341;21815;;
2020-05-18;330;22145;;
2020-05-19;319;22464;;
2020-05-20;405;22869;;
2020-05-21;376;23245;;
2020-05-22;256;23501;;
2020-05-23;216;23717;;
2020-05-24;216;23933;;
2020-05-25;203;24136;;
2020-05-26;238;24374;;
2020-05-27;252;24626;;
2020-05-28;193;24819;;
2020-05-29;192;25011;;
2020-05-30;204;25215;;
2020-05-31;140;25355;;
2020-06-01;155;25510;;
2020-06-02;97;25607;;
2020-06-03;114;25721;;
2020-06-04;125;25846;;
2020-06-05;109;25955;;
2020-06-06;105;26060;;
2020-06-07;75;26135;;
2020-06-08;51;26186;;
2020-06-09;78;26264;;
2020-06-10;67;26331;;
2020-06-11;66;26397;;
2020-06-12;71;26468;;
2020-06-13;64;26532;;
2020-06-14;28;26560;;
2020-06-15;56;26616;;
2020-06-16;74;26690;;
2020-06-17;53;26743;;
2020-06-18;48;26791;;
2020-06-19;64;26855;;
2020-06-20;33;26888;;
2020-06-21;27;26915;;
2020-06-22;41;26956;;
2020-06-23;40;26996;;
2020-06-24;29;27025;;
2020-06-25;45;27070;;
2020-06-26;42;27112;;
2020-06-27;30;27142;;
2020-06-28;18;27160;;
2020-06-29;16;27176;;
2020-06-30;39;27215;;
2020-07-01;23;27238;;
2020-07-02;16;27254;;
2020-07-03;17;27271;;
2020-07-04;16;27287;;
2020-07-05;7;27294;;
2020-07-06;16;27310;;
2020-07-07;21;27331;;
2020-07-08;33;27364;;
2020-07-09;52;27416;;
2020-07-10;48;27464;;
2020-07-11;22;27486;;
2020-07-12;13;27499;;
2020-07-13;75;27574;;
2020-07-14;64;27638;;
2020-07-15;69;27707;;
2020-07-16;66;27773;;
2020-07-17;99;27872;;
2020-07-18;97;27969;;
2020-07-19;55;28024;;
2020-07-20;37;28061;;
2020-07-21;61;28122;;
2020-07-22;78;28200;;
2020-07-23;94;28294;;
2020-07-24;69;28363;;
2020-07-25;34;28397;;
2020-07-26;52;28449;;
2020-07-27;33;28482;;
2020-07-28;36;28518;;
2020-07-29;68;28586;;
2020-07-30;58;28644;;
2020-07-31;56;28700;;
2020-08-01;49;28749;;
2020-08-02;31;28780;;
2020-08-03;45;28825;;
2020-08-04;65;28890;;
2020-08-05;46;28936;;
2020-08-06;21;28957;;
2020-08-07;45;29002;;
2020-08-08;35;29037;;
2020-08-09;37;29074;;
2020-08-10;34;29108;;
2020-08-11;36;29144;;
2020-08-12;35;29179;;
2020-08-13;38;29217;;
2020-08-14;29;29246;;
2020-08-15;14;29260;;
2020-08-16;12;29272;;
2020-08-17;17;29289;;
2020-08-18;17;29306;;
2020-08-19;22;29328;;
2020-08-20;34;29362;;
2020-08-21;32;29394;;
2020-08-22;19;29413;;
2020-08-23;21;29434;;
2020-08-24;8;29442;;
2020-08-25;29;29471;;
2020-08-26;41;29512;;
2020-08-27;43;29555;;
2020-08-28;25;29580;;
2020-08-29;54;29634;;
2020-08-30;14;29648;;
2020-08-31;32;29680;;
2020-09-01;36;29716;;
2020-09-02;35;29751;;
2020-09-03;72;29823;;
2020-09-04;49;29872;;
2020-09-05;63;29935;;
2020-09-06;57;29992;;
2020-09-07;50;30042;;
2020-09-08;71;30113;;
2020-09-09;69;30182;;
2020-09-10;90;30272;;
2020-09-11;107;30379;;
2020-09-12;71;30450;;
2020-09-13;97;30547;;
2020-09-14;71;30618;;
2020-09-15;92;30710;;
2020-09-16;78;30788;;
2020-09-17;70;30858;;
2020-09-18;197;31055;;
2020-09-19;141;31196;;
2020-09-20;200;31396;;
2020-09-21;138;31534;;
2020-09-22;168;31702;;
2020-09-23;253;31955;;
2020-09-24;231;32186;;
2020-09-25;286;32472;;
2020-09-26;352;32824;;
2020-09-27;273;33097;;
2020-09-28;280;33377;;
2020-09-29;355;33732;;
2020-09-30;316;34048;;
2020-10-01;310;34358;;
2020-10-02;415;34773;;
2020-10-03;364;35137;;
2020-10-04;298;35435;;
2020-10-05;277;35712;;
2020-10-06;254;35966;;
2020-10-07;300;36266;;
2020-10-08;345;36611;;
2020-10-09;282;36893;;
2020-10-10;192;37085;;
2020-10-11;323;37408;;
2020-10-12;266;37674;;
2020-10-13;198;37872;;
2020-10-14;268;38140;;
2020-10-15;254;38394;;
2020-10-16;259;38653;;
2020-10-17;268;38921;;
2020-10-18;189;39110;;
2020-10-19;239;39349;;
2020-10-20;254;39603;;
2020-10-21;284;39887;;
2020-10-22;220;40107;;
2020-10-23;240;40347;;
2020-10-24;166;40513;;
2020-10-25;216;40729;;
2020-10-26;354;41083;;
2020-10-27;241;41324;;
2020-10-28;210;41534;;
2020-10-29;216;41750;;
2020-10-30;194;41944;;
2020-10-31;235;42542;;
2020-11-01;234;42778;;
2020-11-02;192;42605;;
2020-11-03;237;42842;;
2020-11-04;241;43083;;
2020-11-05;321;43404;;
2020-11-06;261;43665;;
2020-11-07;270;43935;;
2020-11-08;271;44206;;
2020-11-09;266;44472;;
2020-11-10;318;44790;;
2020-11-11;344;45134;;
2020-11-12;281;45415;;
2020-11-13;325;45740;;
2020-11-14;301;46041;;
2020-11-15;274;46315;;
2020-11-16;305;46620;;
2020-11-17;238;46858;;
2020-11-18;230;47088;;
2020-11-19;280;47368;;
2020-11-20;250;47618;;
2020-11-21;260;47878;;
2020-11-22;296;48174;;
2020-11-23;276;48450;;
2020-11-24;242;48692;;
2020-11-25;296;48988;;
2020-11-26;345;49333;;
2020-11-27;415;49748;;
2020-11-28;445;50193;;
2020-11-29;362;50555;;
2020-11-30;335;50890;;
2020-12-01;413;51303;;
2020-12-02;456;51759;;
2020-12-03;445;52204;;
2020-12-04;495;52699;;
2020-12-05;513;53212;;
2020-12-06;480;53692;;
2020-12-07;461;54153;;
2020-12-08;522;54675;;
2020-12-09;577;55252;;
2020-12-10;544;55796;;
2020-12-11;634;56430;;
2020-12-12;719;57149;;
2020-12-13;561;57710;;
2020-12-14;668;58378;;
2020-12-15;552;58930;;
2020-12-16;693;59623;;
2020-12-17;925;60548;;
2020-12-18;802;61350;;
2020-12-19;689;62039;;
2020-12-20;644;62683;;
2020-12-21;745;63428;;
2020-12-22;751;64179;;
2020-12-23;693;64872;;
2020-12-24;866;65738;;
2020-12-25;932;66670;;
2020-12-26;742;67412;;
2020-12-27;796;68208;;
2020-12-28;834;69042;;
2020-12-29;996;70038;;
2020-12-30;923;70961;;
2020-12-31;740;71701;;
2021-01-01;1210;72911;;
2021-01-02;923;73834;;
2021-01-03;785;74619;;
2021-01-04;765;75384;;
2021-01-05;814;76198;;
2021-01-06;1083;77281;;
2021-01-07;1270;78551;;
2021-01-08;1033;79584;;
2021-01-09;815;80399;;
2021-01-10;774;81173;;
2021-01-11;556;81729;;
2021-01-12;852;82581;;
2021-01-13;726;83307;;
2021-01-14;809;84116;;
2021-01-15;711;84827;;
2021-01-16;875;85702;;
2021-01-17;577;86279;;
2021-01-18;462;86741;;
2021-01-19;628;87369;;
2021-01-20;666;88035;;
2021-01-21;758;88793;;
2021-01-22;601;89394;;
2021-01-23;556;89950;;
2021-01-24;423;90373;;
2021-01-25;498;90871;;
2021-01-26;586;91457;;
2021-01-27;451;91908;;
2021-01-28;566;92474;;
2021-01-29;492;92966;;
2021-01-30;544;93510;;
2021-01-31;385;93895;;
2021-02-01;466;94361;;
2021-02-02;554;94915;;
2021-02-03;480;95395;;
2021-02-04;520;95915;;
2021-02-05;543;96458;;
2021-02-06;507;96965;;
2021-02-07;405;97370;;
2021-02-08;328;97698;;
2021-02-09;445;98143;;
2021-02-10;549;98692;;
2021-02-11;472;99164;;
2021-02-12;471;99635;;
2021-02-13;336;99971;;
2021-02-14;348;100319;;
2021-02-15;317;100636;;
2021-02-16;406;101042;;
2021-02-17;326;101368;;
2021-02-18;370;101738;;
2021-02-19;394;102132;;
2021-02-20;380;102512;;
2021-02-21;399;102911;;
2021-02-22;254;103165;;
2021-02-23;418;103583;;
2021-02-24;407;103990;;
2021-02-25;381;104371;;
2021-02-26;394;104765;;
2021-02-27;317;105082;;
2021-02-28;247;105329;;
2021-03-01;254;105583;;
2021-03-02;387;105970;;
2021-03-03;300;106270;;
2021-03-04;374;106644;;
2021-03-05;279;106923;;
2021-03-06;398;107321;;
2021-03-07;265;107586;;
2021-03-08;259;107845;;
2021-03-09;388;108233;;
2021-03-10;313;108546;;
2021-03-11;364;108910;;
2021-03-12;387;109297;;
2021-03-13;277;109574;;
2021-03-14;265;109839;;
2021-03-15;245;110084;;
2021-03-16;334;110418;;
2021-03-17;312;110730;;
2021-03-18;351;111081;;
2021-03-19;316;111397;;
2021-03-20;265;111662;;
2021-03-21;306;111968;;
2021-03-22;228;112196;;
2021-03-23;333;112529;;
2021-03-24;368;112897;;
2021-03-25;354;113251;;
2021-03-26;360;113611;;
2021-03-27;307;113918;;
2021-03-28;256;114174;;
2021-03-29;302;114476;;
2021-03-30;374;114850;;
2021-03-31;394;115244;;
2021-04-01;358;115602;;
2021-04-02;384;115986;;
2021-04-03;350;116336;;
2021-04-04;297;116633;;
2021-04-05;291;116924;;
2021-04-06;306;117230;;
2021-04-07;404;117634;;
2021-04-08;395;118029;;
2021-04-09;515;118544;;
2021-04-10;298;118842;;
2021-04-11;376;119218;;
2021-04-12;263;119481;;
2021-04-13;375;119856;;
2021-04-14;354;120210;;
2021-04-15;432;120642;;
2021-04-16;366;121008;;
2021-04-17;352;121360;;
2021-04-18;219;121579;;
2021-04-19;252;121831;;
2021-04-20;276;122107;;
2021-04-21;311;122418;;
2021-04-22;316;122734;;
2021-04-23;228;122962;;
2021-04-24;341;123303;;
2021-04-25;200;123503;;
2021-04-26;244;123747;;
2021-04-27;292;124039;;
2021-04-28;312;124351;;
2021-04-29;344;124695;;
2021-04-30;325;125020;;
2021-05-01;264;125284;;
2021-05-02;211;125495;;
2021-05-03;228;125723;;
2021-05-04;238;125961;;
2021-05-05;202;126163;;
2021-05-06;261;126424;;
2021-05-07;281;126705;;
2021-05-08;213;126918;;
2021-05-09;198;127116;;
2021-05-10;188;127304;;
2021-05-11;263;127567;;
2021-05-12;261;127828;;
2021-05-13;290;128118;;
2021-05-14;246;128364;;
2021-05-15;207;128571;;
2021-05-16;190;128761;;
2021-05-17;193;128954;;
2021-05-18;209;129163;;
2021-05-19;265;129428;;
2021-05-20;248;129676;;
2021-05-21;198;129874;;
2021-05-22;183;130057;;
2021-05-23;116;130173;;
2021-05-24;156;130329;;
2021-05-25;164;130493;;
2021-05-26;156;130649;;
2021-05-27;148;130797;;
2021-05-28;143;130940;;
2021-05-29;85;131025;;
2021-05-30;81;131106;;
2021-05-31;84;131190;;
2021-06-01;108;131298;;
2021-06-02;100;131398;;
2021-06-03;87;131485;;
2021-06-04;88;131573;;
2021-06-05;75;131648;;
2021-06-06;50;131698;;
2021-06-07;60;131758;;
2021-06-08;61;131819;;
2021-06-09;44;131863;;
2021-06-10;67;131930;;
2021-06-11;69;131999;;
2021-06-12;52;132051;;
2021-06-13;36;132087;;
2021-06-14;36;132123;;
2021-06-15;61;132184;;
2021-06-16;44;132228;;
2021-06-17;18;132246;;
;;;;
;;;;
;;;;
;;;;
;;;;
;;;;
;;;;
;;;;
;;;;
;;;;
;;;;
;;;;
;;;;
;;;;
;;;;
;;;;
;;;;
;;;;
;;;;
;;;;
;;;;
;;;;
;;;;
;;;;
;;;;
;;;;
;;;;
;;;;
;;;;
;;;;
;;;;
;;;;
;;;;
;;;;
;;;;
;;;;
;;;;
;;;;
;;;;
;;;;
;;;;
;;;;
;;;;
;;;;
;;;;
;;;;
;;;;
;;;;
;;;;
;;;;
;;;;
;;;;
;;;;
;;;;
;;;;
;;;;
;;;;
;;;;
;;;;
;;;;
;;;;
;;;;
;;;;
;;;;
;;;;
;;;;
;;;;
;;;;
;;;;
;;;;
;;;;
;;;;
;;;;
;;;;
;;;;
;;;;
;;;;
;;;;
;;;;
;;;;
;;;;
;;;;
;;;;
;;;;
;;;;
;;;;
;;;;
;;;;
;;;;
;;;;
;;;;
;;;;
;;;;
;;;;
;;;;
;;;;
;;;;
;;;;
;;;;
;;;;
;;;;
;;;;
;;;;
;;;;
;;;;
;;;;
;;;;
;;;;
;;;;
;;;;
;;;;
;;;;
;;;;
;;;;
;;;;
;;;;
;;;;
;;;;
;;;;
;;;;
;;;;
;;;;
;;;;
;;;;
;;;;
;;;;
;;;;
;;;;
;;;;
;;;;
;;;;
;;;;
;;;;
;;;;
;;;;
;;;;
;;;;
;;;;
;;;;
;;;;
;;;;
;;;;
;;;;
;;;;
;;;;
;;;;
;;;;
;;;;
;;;;
;;;;
;;;;
;;;;
;;;;
;;;;
;;;;
;;;;
;;;;
;;;;
;;;;
;;;;
;;;;
;;;;
;;;;
;;;;
;;;;
;;;;
;;;;
;;;;
;;;;
;;;;
;;;;
;;;;
;;;;
;;;;
;;;;
;;;;
;;;;
;;;;
;;;;
;;;;
;;;;
;;;;
;;;;
;;;;
;;;;
;;;;
;;;;
;;;;
;;;;
;;;;
;;;;
;;;;
;;;;
;;;;
;;;;
;;;;
;;;;
;;;;
;;;;
;;;;
;;;;
;;;;
;;;;
;;;;
;;;;
;;;;
;;;;
;;;;
;;;;
;;;;
;;;;
;;;;
;;;;
;;;;
;;;;
;;;;
;;;;
;;;;
;;;;
;;;;
;;;;
;;;;
;;;;
;;;;
;;;;
;;;;
;;;;
;;;;
;;;;
;;;;
;;;;
;;;;
;;;;
;;;;
;;;;
;;;;
;;;;
;;;;
;;;;
;;;;
;;;;
;;;;
;;;;
;;;;
;;;;
;;;;
;;;;
;;;;
;;;;
;;;;
;;;;
;;;;
;;;;
;;;;
;;;;
;;;;
;;;;
;;;;
;;;;
;;;;
;;;;
;;;;
;;;;
;;;;
;;;;
;;;;
;;;;
;;;;
;;;;
;;;;
;;;;
;;;;
;;;;
;;;;
;;;;
;;;;
;;;;
;;;;
;;;;
;;;;
;;;;
;;;;
;;;;
;;;;
;;;;
;;;;
;;;;
;;;;
;;;;
;;;;
;;;;
;;;;
;;;;
;;;;
;;;;
;;;;
;;;;
;;;;
;;;;
;;;;
;;;;
;;;;
;;;;
;;;;
;;;;
;;;;
;;;;
;;;;
;;;;
;;;;
;;;;
;;;;
;;;;
;;;;
;;;;
;;;;
;;;;
;;;;
;;;;
;;;;
;;;;
;;;;
;;;;
;;;;
;;;;
;;;;
;;;;
;;;;
;;;;
;;;;
;;;;
;;;;
;;;;
;;;;
;;;;
;;;;
;;;;
;;;;
;;;;
;;;;
;;;;
;;;;
;;;;
;;;;
;;;;
;;;;
;;;;
;;;;
;;;;
;;;;
;;;;
;;;;
;;;;
;;;;
;;;;
;;;;
;;;;
;;;;
;;;;
;;;;
;;;;
;;;;
;;;;
;;;;
;;;;
;;;;
;;;;
;;;;
;;;;
;;;;
;;;;
;;;;
;;;;
;;;;
;;;;
;;;;
;;;;
;;;;
;;;;
;;;;
;;;;
;;;;
;;;;
;;;;
;;;;
;;;;
;;;;
;;;;
;;;;
;;;;
;;;;
;;;;
;;;;
;;;;
;;;;
;;;;
;;;;
;;;;
;;;;
;;;;
;;;;
;;;;
;;;;
;;;;
;;;;
;;;;
;;;;
;;;;
;;;;
;;;;
;;;;
;;;;
;;;;
;;;;
;;;;
;;;;
;;;;
;;;;
;;;;
;;;;
;;;;
;;;;
;;;;
;;;;
;;;;
;;;;
;;;;
;;;;
;;;;
;;;;
;;;;
;;;;
;;;;
;;;;
;;;;
;;;;
;;;;
;;;;
;;;;
;;;;
;;;;
;;;;
;;;;
;;;;
;;;;
;;;;
;;;;
;;;;
;;;;
;;;;
;;;;
;;;;
;;;;
;;;;
;;;;
;;;;
;;;;
;;;;
;;;;
;;;;
;;;;
;;;;
;;;;
;;;;
;;;;
;;;;
;;;;
;;;;
;;;;
;;;;
;;;;
;;;;
;;;;
;;;;
;;;;
;;;;
;;;;
;;;;
;;;;
;;;;
;;;;
;;;;
;;;;
;;;;
;;;;
;;;;
;;;;
;;;;
;;;;
;;;;
;;;;
;;;;
;;;;
;;;;
;;;;
;;;;
;;;;
;;;;
;;;;
;;;;
;;;;
;;;;
;;;;
;;;;
;;;;
;;;;
;;;;
;;;;
;;;;
;;;;
;;;;
;;;;
;;;;
;;;;
;;;;
;;;;
;;;;
;;;;
;;;;
;;;;
;;;;
;;;;
;;;;
;;;;
;;;;
;;;;
;;;;
;;;;
;;;;
;;;;
;;;;
;;;;
;;;;
;;;;
;;;;
;;;;
;;;;
;;;;
;;;;
;;;;
;;;;
;;;;
;;;;
;;;;
;;;;
;;;;
;;;;
;;;;
;;;;
;;;;
;;;;
;;;;
;;;;
;;;;
;;;;
;;;;
;;;;
;;;;
;;;;
;;;;
;;;;
;;;;
;;;;
;;;;
;;;;
;;;;
;;;;
;;;;
;;;;
