Date;Nouveaux cas;Cumulatif de cas;
2020-02-25;1;1;
2020-02-26;0;1;
2020-02-27;0;1;
2020-02-28;0;1;
2020-02-29;0;1;
2020-03-01;1;2;
2020-03-02;2;4;
2020-03-03;0;4;
2020-03-04;0;4;
2020-03-05;0;4;
2020-03-06;0;4;
2020-03-07;0;4;
2020-03-08;1;5;
2020-03-09;1;6;
2020-03-10;2;8;
2020-03-11;3;11;
2020-03-12;3;14;
2020-03-13;2;16;
2020-03-14;5;21;
2020-03-15;6;27;
2020-03-16;5;32;
2020-03-17;7;39;
2020-03-18;6;45;
2020-03-19;35;80;
2020-03-20;49;129;
2020-03-21;91;220;
2020-03-22;88;308;
2020-03-23;132;440;
2020-03-24;145;585;
2020-03-25;184;769;
2020-03-26;179;948;
2020-03-27;239;1187;
2020-03-28;198;1385;
2020-03-29;258;1643;
2020-03-30;264;1907;
2020-03-31;329;2236;
2020-04-01;303;2539;
2020-04-02;407;2946;
2020-04-03;347;3293;
2020-04-04;340;3633;
2020-04-05;258;3891;
2020-04-06;455;4346;
2020-04-07;421;4767;
2020-04-08;372;5139;
2020-04-09;350;5489;
2020-04-10;305;5794;
2020-04-11;261;6055;
2020-04-12;327;6382;
2020-04-13;542;6924;
2020-04-14;468;7392;
2020-04-15;611;8003;
2020-04-16;496;8499;
2020-04-17;568;9067;
2020-04-18;330;9397;
2020-04-19;427;9824;
2020-04-20;480;10304;
2020-04-21;456;10760;
2020-04-22;529;11289;
2020-04-23;524;11813;
2020-04-24;491;12304;
2020-04-25;312;12616;
2020-04-26;282;12898;
2020-04-27;461;13359;
2020-04-28;470;13829;
2020-04-29;517;14346;
2020-04-30;587;14933;
2020-05-01;613;15546;
2020-05-02;525;16071;
2020-05-03;344;16415;
2020-05-04;419;16834;
2020-05-05;466;17300;
2020-05-06;568;17868;
2020-05-07;429;18297;
2020-05-08;427;18724;
2020-05-09;311;19035;
2020-05-10;297;19332;
2020-05-11;362;19694;
2020-05-12;426;20120;
2020-05-13;398;20518;
2020-05-14;352;20870;
2020-05-15;343;21213;
2020-05-16;271;21484;
2020-05-17;341;21825;
2020-05-18;330;22155;
2020-05-19;319;22474;
2020-05-20;405;22879;
2020-05-21;376;23255;
2020-05-22;256;23511;
2020-05-23;216;23727;
2020-05-24;216;23943;
2020-05-25;203;24146;
2020-05-26;239;24385;
2020-05-27;252;24637;
2020-05-28;193;24830;
2020-05-29;192;25022;
2020-05-30;205;25227;
2020-05-31;140;25367;
2020-06-01;155;25522;
2020-06-02;97;25619;
2020-06-03;114;25733;
2020-06-04;125;25858;
2020-06-05;109;25967;
2020-06-06;105;26072;
2020-06-07;75;26147;
2020-06-08;51;26198;
2020-06-09;78;26276;
2020-06-10;67;26343;
2020-06-11;66;26409;
2020-06-12;71;26480;
2020-06-13;65;26545;
2020-06-14;28;26573;
2020-06-15;56;26629;
2020-06-16;74;26703;
2020-06-17;53;26756;
2020-06-18;48;26804;
2020-06-19;64;26868;
2020-06-20;33;26901;
2020-06-21;27;26928;
2020-06-22;41;26969;
2020-06-23;40;27009;
2020-06-24;29;27038;
2020-06-25;45;27083;
2020-06-26;42;27125;
2020-06-27;30;27155;
2020-06-28;18;27173;
2020-06-29;16;27189;
2020-06-30;39;27228;
2020-07-01;23;27251;
2020-07-02;16;27267;
2020-07-03;17;27284;
2020-07-04;16;27300;
2020-07-05;7;27307;
2020-07-06;16;27323;
2020-07-07;21;27344;
2020-07-08;33;27377;
2020-07-09;52;27429;
2020-07-10;48;27477;
2020-07-11;22;27499;
2020-07-12;13;27512;
2020-07-13;75;27587;
2020-07-14;64;27651;
2020-07-15;69;27720;
2020-07-16;66;27786;
2020-07-17;99;27885;
2020-07-18;97;27982;
2020-07-19;55;28037;
2020-07-20;37;28074;
2020-07-21;61;28135;
2020-07-22;78;28213;
2020-07-23;94;28307;
2020-07-24;69;28376;
2020-07-25;34;28410;
2020-07-26;52;28462;
2020-07-27;33;28495;
2020-07-28;36;28531;
2020-07-29;68;28599;
2020-07-30;58;28657;
2020-07-31;56;28713;
2020-08-01;49;28762;
2020-08-02;31;28793;
2020-08-03;45;28838;
2020-08-04;65;28903;
2020-08-05;46;28949;
2020-08-06;21;28970;
2020-08-07;45;29015;
2020-08-08;35;29050;
2020-08-09;37;29087;
2020-08-10;34;29121;
2020-08-11;36;29157;
2020-08-12;35;29192;
2020-08-13;38;29230;
2020-08-14;29;29259;
2020-08-15;14;29273;
2020-08-16;12;29285;
2020-08-17;17;29302;
2020-08-18;17;29319;
2020-08-19;22;29341;
2020-08-20;34;29375;
2020-08-21;32;29407;
2020-08-22;19;29426;
2020-08-23;21;29447;
2020-08-24;8;29455;
2020-08-25;29;29484;
2020-08-26;41;29525;
2020-08-27;43;29568;
2020-08-28;25;29593;
2020-08-29;54;29647;
2020-08-30;14;29661;
2020-08-31;32;29693;
2020-09-01;36;29729;
2020-09-02;36;29765;
2020-09-03;72;29837;
2020-09-04;49;29886;
2020-09-05;63;29949;
2020-09-06;57;30006;
2020-09-07;50;30056;
2020-09-08;71;30127;
2020-09-09;69;30196;
2020-09-10;90;30286;
2020-09-11;107;30393;
2020-09-12;71;30464;
2020-09-13;97;30561;
2020-09-14;71;30632;
2020-09-15;92;30724;
2020-09-16;78;30802;
2020-09-17;70;30872;
2020-09-18;197;31069;
2020-09-19;141;31210;
2020-09-20;200;31410;
2020-09-21;138;31548;
2020-09-22;168;31716;
2020-09-23;254;31970;
2020-09-24;234;32204;
2020-09-25;286;32490;
2020-09-26;352;32842;
2020-09-27;273;33115;
2020-09-28;280;33395;
2020-09-29;355;33750;
2020-09-30;316;34066;
2020-10-01;311;34377;
2020-10-02;416;34793;
2020-10-03;365;35158;
2020-10-04;298;35456;
2020-10-05;277;35733;
2020-10-06;254;35987;
2020-10-07;300;36287;
2020-10-08;346;36633;
2020-10-09;282;36915;
2020-10-10;193;37108;
2020-10-11;324;37432;
2020-10-12;266;37698;
2020-10-13;199;37897;
2020-10-14;268;38165;
2020-10-15;254;38419;
2020-10-16;260;38679;
2020-10-17;270;38949;
2020-10-18;190;39139;
2020-10-19;240;39379;
2020-10-20;254;39633;
2020-10-21;286;39919;
2020-10-22;221;40140;
2020-10-23;241;40381;
2020-10-24;166;40547;
2020-10-25;216;40763;
2020-10-26;355;41118;
2020-10-27;241;41359;
2020-10-28;210;41569;
2020-10-29;216;41785;
2020-10-30;194;41979;
2020-10-31;233;42542;
2020-11-01;234;42778;
2020-11-02;192;42638;
2020-11-03;238;42876;
2020-11-04;241;43117;
2020-11-05;324;43441;
2020-11-06;262;43703;
2020-11-07;270;43973;
2020-11-08;272;44245;
2020-11-09;266;44511;
2020-11-10;319;44830;
2020-11-11;345;45175;
2020-11-12;282;45457;
2020-11-13;326;45783;
2020-11-14;302;46085;
2020-11-15;275;46360;
2020-11-16;304;46664;
2020-11-17;238;46902;
2020-11-18;229;47131;
2020-11-19;279;47410;
2020-11-20;251;47661;
2020-11-21;260;47921;
2020-11-22;297;48218;
2020-11-23;276;48494;
2020-11-24;243;48737;
2020-11-25;297;49034;
2020-11-26;345;49379;
2020-11-27;413;49792;
2020-11-28;444;50236;
2020-11-29;363;50599;
2020-11-30;335;50934;
2020-12-01;413;51347;
2020-12-02;457;51804;
2020-12-03;445;52249;
2020-12-04;495;52744;
2020-12-05;515;53259;
2020-12-06;478;53737;
2020-12-07;461;54198;
2020-12-08;523;54721;
2020-12-09;577;55298;
2020-12-10;542;55840;
2020-12-11;638;56478;
2020-12-12;725;57203;
2020-12-13;562;57765;
2020-12-14;670;58435;
2020-12-15;554;58989;
2020-12-16;695;59684;
2020-12-17;927;60611;
2020-12-18;806;61417;
2020-12-19;689;62106;
2020-12-20;646;62752;
2020-12-21;748;63500;
2020-12-22;753;64253;
2020-12-23;696;64949;
2020-12-24;867;65816;
2020-12-25;935;66751;
2020-12-26;748;67499;
2020-12-27;799;68298;
2020-12-28;835;69133;
2020-12-29;997;70130;
2020-12-30;927;71057;
2020-12-31;740;71797;
2021-01-01;1215;73012;
2021-01-02;924;73936;
2021-01-03;787;74723;
2021-01-04;766;75489;
2021-01-05;816;76305;
2021-01-06;1083;77388;
2021-01-07;1270;78658;
2021-01-08;1037;79695;
2021-01-09;816;80511;
2021-01-10;776;81287;
2021-01-11;557;81844;
2021-01-12;858;82702;
2021-01-13;728;83430;
2021-01-14;810;84240;
2021-01-15;712;84952;
2021-01-16;875;85827;
2021-01-17;578;86405;
2021-01-18;463;86868;
2021-01-19;629;87497;
2021-01-20;666;88163;
2021-01-21;760;88923;
2021-01-22;602;89525;
2021-01-23;559;90084;
2021-01-24;423;90507;
2021-01-25;500;91007;
2021-01-26;588;91595;
2021-01-27;453;92048;
2021-01-28;568;92616;
2021-01-29;494;93110;
2021-01-30;547;93657;
2021-01-31;387;94044;
2021-02-01;467;94511;
2021-02-02;556;95067;
2021-02-03;480;95547;
2021-02-04;522;96069;
2021-02-05;544;96613;
2021-02-06;507;97120;
2021-02-07;405;97525;
2021-02-08;328;97853;
2021-02-09;449;98302;
2021-02-10;550;98852;
2021-02-11;471;99323;
2021-02-12;473;99796;
2021-02-13;336;100132;
2021-02-14;349;100481;
2021-02-15;318;100799;
2021-02-16;408;101207;
2021-02-17;327;101534;
2021-02-18;372;101906;
2021-02-19;394;102300;
2021-02-20;382;102682;
2021-02-21;400;103082;
2021-02-22;256;103338;
2021-02-23;418;103756;
2021-02-24;407;104163;
2021-02-25;385;104548;
2021-02-26;394;104942;
2021-02-27;319;105261;
2021-02-28;247;105508;
2021-03-01;256;105764;
2021-03-02;387;106151;
2021-03-03;301;106452;
2021-03-04;375;106827;
2021-03-05;279;107106;
2021-03-06;399;107505;
2021-03-07;265;107770;
2021-03-08;259;108029;
2021-03-09;390;108419;
2021-03-10;313;108732;
2021-03-11;364;109096;
2021-03-12;387;109483;
2021-03-13;279;109762;
2021-03-14;265;110027;
2021-03-15;245;110272;
2021-03-16;335;110607;
2021-03-17;312;110919;
2021-03-18;351;111270;
2021-03-19;317;111587;
2021-03-20;266;111853;
2021-03-21;306;112159;
2021-03-22;228;112387;
2021-03-23;334;112721;
2021-03-24;369;113090;
2021-03-25;354;113444;
2021-03-26;360;113804;
2021-03-27;307;114111;
2021-03-28;257;114368;
2021-03-29;303;114671;
2021-03-30;374;115045;
2021-03-31;397;115442;
2021-04-01;359;115801;
2021-04-02;385;116186;
2021-04-03;352;116538;
2021-04-04;297;116835;
2021-04-05;291;117126;
2021-04-06;306;117432;
2021-04-07;404;117836;
2021-04-08;395;118231;
2021-04-09;515;118746;
2021-04-10;298;119044;
2021-04-11;377;119421;
2021-04-12;264;119685;
2021-04-13;375;120060;
2021-04-14;354;120414;
2021-04-15;432;120846;
2021-04-16;366;121212;
2021-04-17;352;121564;
2021-04-18;219;121783;
2021-04-19;253;122036;
2021-04-20;276;122312;
2021-04-21;311;122623;
2021-04-22;316;122939;
2021-04-23;228;123167;
2021-04-24;340;123507;
2021-04-25;201;123708;
2021-04-26;245;123953;
2021-04-27;291;124244;
2021-04-28;312;124556;
2021-04-29;344;124900;
2021-04-30;325;125225;
2021-05-01;264;125489;
2021-05-02;211;125700;
2021-05-03;229;125929;
2021-05-04;238;126167;
2021-05-05;202;126369;
2021-05-06;261;126630;
2021-05-07;281;126911;
2021-05-08;213;127124;
2021-05-09;198;127322;
2021-05-10;188;127510;
2021-05-11;263;127773;
2021-05-12;261;128034;
2021-05-13;290;128324;
2021-05-14;247;128571;
2021-05-15;207;128778;
2021-05-16;190;128968;
2021-05-17;193;129161;
2021-05-18;210;129371;
2021-05-19;265;129636;
2021-05-20;247;129883;
2021-05-21;198;130081;
2021-05-22;183;130264;
2021-05-23;120;130384;
2021-05-24;82;130466;
;;;
;;;
;;;
;;;
;;;
;;;
;;;
;;;
;;;
;;;
;;;
;;;
;;;
;;;
;;;
;;;
;;;
;;;
;;;
;;;
;;;
;;;
;;;
;;;
;;;
;;;
;;;
;;;
;;;
;;;
;;;
;;;
;;;
;;;
;;;
;;;
;;;
;;;
;;;
;;;
;;;
;;;
;;;
;;;
;;;
;;;
;;;
;;;
;;;
;;;
;;;
;;;
;;;
;;;
;;;
;;;
;;;
;;;
;;;
;;;
;;;
;;;
;;;
;;;
;;;
;;;
;;;
;;;
;;;
;;;
;;;
;;;
