Date;Nouveaux cas;Cumulatif de cas;
2020-02-25;1;1;
2020-02-26;0;1;
2020-02-27;0;1;
2020-02-28;0;1;
2020-02-29;0;1;
2020-03-01;1;2;
2020-03-02;2;4;
2020-03-03;0;4;
2020-03-04;0;4;
2020-03-05;0;4;
2020-03-06;0;4;
2020-03-07;0;4;
2020-03-08;1;5;
2020-03-09;1;6;
2020-03-10;2;8;
2020-03-11;3;11;
2020-03-12;3;14;
2020-03-13;2;16;
2020-03-14;5;21;
2020-03-15;6;27;
2020-03-16;5;32;
2020-03-17;7;39;
2020-03-18;6;45;
2020-03-19;36;81;
2020-03-20;49;130;
2020-03-21;91;221;
2020-03-22;89;310;
2020-03-23;133;443;
2020-03-24;145;588;
2020-03-25;186;774;
2020-03-26;180;954;
2020-03-27;241;1195;
2020-03-28;199;1394;
2020-03-29;258;1652;
2020-03-30;265;1917;
2020-03-31;330;2247;
2020-04-01;304;2551;
2020-04-02;409;2960;
2020-04-03;347;3307;
2020-04-04;340;3647;
2020-04-05;259;3906;
2020-04-06;457;4363;
2020-04-07;422;4785;
2020-04-08;373;5158;
2020-04-09;351;5509;
2020-04-10;305;5814;
2020-04-11;261;6075;
2020-04-12;329;6404;
2020-04-13;542;6946;
2020-04-14;468;7414;
2020-04-15;613;8027;
2020-04-16;497;8524;
2020-04-17;571;9095;
2020-04-18;331;9426;
2020-04-19;430;9856;
2020-04-20;483;10339;
2020-04-21;457;10796;
2020-04-22;531;11327;
2020-04-23;527;11854;
2020-04-24;493;12347;
2020-04-25;312;12659;
2020-04-26;281;12940;
2020-04-27;461;13401;
2020-04-28;471;13872;
2020-04-29;518;14390;
2020-04-30;588;14978;
2020-05-01;616;15594;
2020-05-02;526;16120;
2020-05-03;345;16465;
2020-05-04;419;16884;
2020-05-05;469;17353;
2020-05-06;569;17922;
2020-05-07;429;18351;
2020-05-08;429;18780;
2020-05-09;313;19093;
2020-05-10;299;19392;
2020-05-11;366;19758;
2020-05-12;427;20185;
2020-05-13;401;20586;
2020-05-14;353;20939;
2020-05-15;348;21287;
2020-05-16;271;21558;
2020-05-17;343;21901;
2020-05-18;332;22233;
2020-05-19;319;22552;
2020-05-20;407;22959;
2020-05-21;380;23339;
2020-05-22;257;23596;
2020-05-23;216;23812;
2020-05-24;216;24028;
2020-05-25;204;24232;
2020-05-26;240;24472;
2020-05-27;253;24725;
2020-05-28;193;24918;
2020-05-29;193;25111;
2020-05-30;205;25316;
2020-05-31;140;25456;
2020-06-01;156;25612;
2020-06-02;97;25709;
2020-06-03;114;25823;
2020-06-04;128;25951;
2020-06-05;109;26060;
2020-06-06;105;26165;
2020-06-07;76;26241;
2020-06-08;51;26292;
2020-06-09;79;26371;
2020-06-10;67;26438;
2020-06-11;66;26504;
2020-06-12;72;26576;
2020-06-13;66;26642;
2020-06-14;28;26670;
2020-06-15;56;26726;
2020-06-16;74;26800;
2020-06-17;53;26853;
2020-06-18;48;26901;
2020-06-19;64;26965;
2020-06-20;33;26998;
2020-06-21;27;27025;
2020-06-22;41;27066;
2020-06-23;40;27106;
2020-06-24;29;27135;
2020-06-25;46;27181;
2020-06-26;42;27223;
2020-06-27;30;27253;
2020-06-28;18;27271;
2020-06-29;16;27287;
2020-06-30;40;27327;
2020-07-01;24;27351;
2020-07-02;16;27367;
2020-07-03;17;27384;
2020-07-04;16;27400;
2020-07-05;7;27407;
2020-07-06;16;27423;
2020-07-07;21;27444;
2020-07-08;33;27477;
2020-07-09;52;27529;
2020-07-10;50;27579;
2020-07-11;21;27600;
2020-07-12;13;27613;
2020-07-13;75;27688;
2020-07-14;65;27753;
2020-07-15;69;27822;
2020-07-16;66;27888;
2020-07-17;100;27988;
2020-07-18;97;28085;
2020-07-19;55;28140;
2020-07-20;37;28177;
2020-07-21;63;28240;
2020-07-22;79;28319;
2020-07-23;94;28413;
2020-07-24;69;28482;
2020-07-25;34;28516;
2020-07-26;52;28568;
2020-07-27;34;28602;
2020-07-28;37;28639;
2020-07-29;69;28708;
2020-07-30;59;28767;
2020-07-31;57;28824;
2020-08-01;50;28874;
2020-08-02;31;28905;
2020-08-03;45;28950;
2020-08-04;65;29015;
2020-08-05;46;29061;
2020-08-06;21;29082;
2020-08-07;46;29128;
2020-08-08;35;29163;
2020-08-09;38;29201;
2020-08-10;34;29235;
2020-08-11;36;29271;
2020-08-12;35;29306;
2020-08-13;38;29344;
2020-08-14;30;29374;
2020-08-15;14;29388;
2020-08-16;12;29400;
2020-08-17;17;29417;
2020-08-18;17;29434;
2020-08-19;22;29456;
2020-08-20;36;29492;
2020-08-21;32;29524;
2020-08-22;20;29544;
2020-08-23;21;29565;
2020-08-24;8;29573;
2020-08-25;29;29602;
2020-08-26;41;29643;
2020-08-27;43;29686;
2020-08-28;25;29711;
2020-08-29;54;29765;
2020-08-30;14;29779;
2020-08-31;32;29811;
2020-09-01;36;29847;
2020-09-02;36;29883;
2020-09-03;72;29955;
2020-09-04;49;30004;
2020-09-05;64;30068;
2020-09-06;57;30125;
2020-09-07;50;30175;
2020-09-08;71;30246;
2020-09-09;70;30316;
2020-09-10;90;30406;
2020-09-11;109;30515;
2020-09-12;71;30586;
2020-09-13;98;30684;
2020-09-14;72;30756;
2020-09-15;95;30851;
2020-09-16;81;30932;
2020-09-17;71;31003;
2020-09-18;200;31203;
2020-09-19;141;31344;
2020-09-20;203;31547;
2020-09-21;140;31687;
2020-09-22;170;31857;
2020-09-23;254;32111;
2020-09-24;238;32349;
2020-09-25;287;32636;
2020-09-26;353;32989;
2020-09-27;274;33263;
2020-09-28;284;33547;
2020-09-29;357;33904;
2020-09-30;317;34221;
2020-10-01;313;34534;
2020-10-02;418;34952;
2020-10-03;372;35324;
2020-10-04;301;35625;
2020-10-05;279;35904;
2020-10-06;257;36161;
2020-10-07;305;36466;
2020-10-08;348;36814;
2020-10-09;287;37101;
2020-10-10;196;37297;
2020-10-11;330;37627;
2020-10-12;273;37900;
2020-10-13;204;38104;
2020-10-14;273;38377;
2020-10-15;255;38632;
2020-10-16;266;38898;
2020-10-17;276;39174;
2020-10-18;192;39366;
2020-10-19;244;39610;
2020-10-20;254;39864;
2020-10-21;292;40156;
2020-10-22;223;40379;
2020-10-23;247;40626;
2020-10-24;166;40792;
2020-10-25;220;41012;
2020-10-26;361;41373;
2020-10-27;244;41617;
2020-10-28;212;41829;
2020-10-29;219;42048;
2020-10-30;197;42245;
2020-10-31;239;42542;
2020-11-01;236;42778;
2020-11-02;198;42918;
2020-11-03;241;43159;
2020-11-04;246;43405;
2020-11-05;328;43733;
2020-11-06;265;43998;
2020-11-07;273;44271;
2020-11-08;277;44548;
2020-11-09;272;44820;
2020-11-10;323;45143;
2020-11-11;349;45492;
2020-11-12;286;45778;
2020-11-13;331;46109;
2020-11-14;310;46419;
2020-11-15;280;46699;
2020-11-16;308;47007;
2020-11-17;237;47244;
2020-11-18;230;47474;
2020-11-19;284;47758;
2020-11-20;255;48013;
2020-11-21;268;48281;
2020-11-22;303;48584;
2020-11-23;278;48862;
2020-11-24;245;49107;
2020-11-25;304;49411;
2020-11-26;348;49759;
2020-11-27;418;50177;
2020-11-28;448;50625;
2020-11-29;365;50990;
2020-11-30;339;51329;
2020-12-01;418;51747;
2020-12-02;459;52206;
2020-12-03;452;52658;
2020-12-04;501;53159;
2020-12-05;522;53681;
2020-12-06;487;54168;
2020-12-07;464;54632;
2020-12-08;532;55164;
2020-12-09;589;55753;
2020-12-10;550;56303;
2020-12-11;649;56952;
2020-12-12;738;57690;
2020-12-13;569;58259;
2020-12-14;678;58937;
2020-12-15;560;59497;
2020-12-16;703;60200;
2020-12-17;936;61136;
2020-12-18;817;61953;
2020-12-19;698;62651;
2020-12-20;650;63301;
2020-12-21;754;64055;
2020-12-22;765;64820;
2020-12-23;706;65526;
2020-12-24;883;66409;
2020-12-25;952;67361;
2020-12-26;756;68117;
2020-12-27;805;68922;
2020-12-28;846;69768;
2020-12-29;1001;70769;
2020-12-30;938;71707;
2020-12-31;750;72457;
2021-01-01;1234;73691;
2021-01-02;930;74621;
2021-01-03;793;75414;
2021-01-04;774;76188;
2021-01-05;823;77011;
2021-01-06;1098;78109;
2021-01-07;1283;79392;
2021-01-08;1050;80442;
2021-01-09;824;81266;
2021-01-10;780;82046;
2021-01-11;564;82610;
2021-01-12;864;83474;
2021-01-13;735;84209;
2021-01-14;820;85029;
2021-01-15;717;85746;
2021-01-16;886;86632;
2021-01-17;586;87218;
2021-01-18;471;87689;
2021-01-19;640;88329;
2021-01-20;673;89002;
2021-01-21;767;89769;
2021-01-22;615;90384;
2021-01-23;565;90949;
2021-01-24;431;91380;
2021-01-25;506;91886;
2021-01-26;596;92482;
2021-01-27;455;92937;
2021-01-28;580;93517;
2021-01-29;499;94016;
2021-01-30;557;94573;
2021-01-31;390;94963;
2021-02-01;471;95434;
2021-02-02;561;95995;
2021-02-03;488;96483;
2021-02-04;525;97008;
2021-02-05;554;97562;
2021-02-06;515;98077;
2021-02-07;410;98487;
2021-02-08;335;98822;
2021-02-09;452;99274;
2021-02-10;551;99825;
2021-02-11;477;100302;
2021-02-12;486;100788;
2021-02-13;342;101130;
2021-02-14;354;101484;
2021-02-15;317;101801;
2021-02-16;414;102215;
2021-02-17;332;102547;
2021-02-18;377;102924;
2021-02-19;395;103319;
2021-02-20;392;103711;
2021-02-21;407;104118;
2021-02-22;259;104377;
2021-02-23;419;104796;
2021-02-24;411;105207;
2021-02-25;390;105597;
2021-02-26;399;105996;
2021-02-27;324;106320;
2021-02-28;249;106569;
2021-03-01;259;106828;
2021-03-02;398;107226;
2021-03-03;179;107405;
;;;
;;;
;;;
;;;
;;;
;;;
;;;
;;;
;;;
;;;
;;;
;;;
;;;
;;;
;;;
;;;
;;;
;;;
;;;
;;;
;;;
;;;
;;;
;;;
;;;
;;;
;;;
;;;
;;;
;;;
;;;
;;;
;;;
;;;
;;;
;;;
;;;
;;;
;;;
;;;
;;;
;;;
;;;
;;;
;;;
;;;
;;;
;;;
;;;
;;;
;;;
;;;
;;;
;;;
;;;
;;;
;;;
;;;
;;;
;;;
;;;
;;;
;;;
;;;
;;;
;;;
;;;
;;;
;;;
;;;
;;;
;;;
;;;
;;;
;;;
;;;
;;;
;;;
;;;
;;;
;;;
;;;
;;;
;;;
;;;
;;;
;;;
;;;
;;;
;;;
;;;
;;;
;;;
;;;
;;;
;;;
;;;
;;;
;;;
;;;
;;;
;;;
;;;
;;;
;;;
;;;
;;;
;;;
;;;
;;;
;;;
;;;
;;;
;;;
;;;
;;;
;;;
;;;
;;;
;;;
;;;
;;;
;;;
;;;
;;;
;;;
;;;
;;;
;;;
;;;
;;;
;;;
;;;
;;;
;;;
;;;
;;;
;;;
;;;
;;;
;;;
;;;
;;;
;;;
;;;
;;;
;;;
;;;
;;;
;;;
;;;
;;;
;;;
;;;
