Date;Nouveaux cas;Cumulatif de cas;;
2020-02-25;1;1;;
2020-02-26;0;1;;
2020-02-27;0;1;;
2020-02-28;0;1;;
2020-02-29;0;1;;
2020-03-01;1;2;;
2020-03-02;2;4;;
2020-03-03;0;4;;
2020-03-04;0;4;;
2020-03-05;0;4;;
2020-03-06;0;4;;
2020-03-07;0;4;;
2020-03-08;1;5;;
2020-03-09;1;6;;
2020-03-10;2;8;;
2020-03-11;3;11;;
2020-03-12;3;14;;
2020-03-13;2;16;;
2020-03-14;5;21;;
2020-03-15;6;27;;
2020-03-16;5;32;;
2020-03-17;7;39;;
2020-03-18;6;45;;
2020-03-19;35;80;;
2020-03-20;49;129;;
2020-03-21;91;220;;
2020-03-22;89;309;;
2020-03-23;133;442;;
2020-03-24;145;587;;
2020-03-25;187;774;;
2020-03-26;180;954;;
2020-03-27;241;1195;;
2020-03-28;200;1395;;
2020-03-29;258;1653;;
2020-03-30;264;1917;;
2020-03-31;329;2246;;
2020-04-01;303;2549;;
2020-04-02;406;2955;;
2020-04-03;345;3300;;
2020-04-04;340;3640;;
2020-04-05;259;3899;;
2020-04-06;456;4355;;
2020-04-07;421;4776;;
2020-04-08;372;5148;;
2020-04-09;349;5497;;
2020-04-10;304;5801;;
2020-04-11;262;6063;;
2020-04-12;328;6391;;
2020-04-13;542;6933;;
2020-04-14;468;7401;;
2020-04-15;610;8011;;
2020-04-16;496;8507;;
2020-04-17;568;9075;;
2020-04-18;330;9405;;
2020-04-19;428;9833;;
2020-04-20;480;10313;;
2020-04-21;455;10768;;
2020-04-22;530;11298;;
2020-04-23;525;11823;;
2020-04-24;490;12313;;
2020-04-25;312;12625;;
2020-04-26;282;12907;;
2020-04-27;461;13368;;
2020-04-28;472;13840;;
2020-04-29;518;14358;;
2020-04-30;587;14945;;
2020-05-01;613;15558;;
2020-05-02;526;16084;;
2020-05-03;343;16427;;
2020-05-04;419;16846;;
2020-05-05;467;17313;;
2020-05-06;566;17879;;
2020-05-07;429;18308;;
2020-05-08;426;18734;;
2020-05-09;312;19046;;
2020-05-10;297;19343;;
2020-05-11;360;19703;;
2020-05-12;427;20130;;
2020-05-13;398;20528;;
2020-05-14;351;20879;;
2020-05-15;341;21220;;
2020-05-16;272;21492;;
2020-05-17;337;21829;;
2020-05-18;331;22160;;
2020-05-19;318;22478;;
2020-05-20;404;22882;;
2020-05-21;375;23257;;
2020-05-22;255;23512;;
2020-05-23;217;23729;;
2020-05-24;215;23944;;
2020-05-25;203;24147;;
2020-05-26;237;24384;;
2020-05-27;253;24637;;
2020-05-28;193;24830;;
2020-05-29;192;25022;;
2020-05-30;204;25226;;
2020-05-31;140;25366;;
2020-06-01;156;25522;;
2020-06-02;98;25620;;
2020-06-03;115;25735;;
2020-06-04;126;25861;;
2020-06-05;109;25970;;
2020-06-06;104;26074;;
2020-06-07;75;26149;;
2020-06-08;51;26200;;
2020-06-09;79;26279;;
2020-06-10;67;26346;;
2020-06-11;66;26412;;
2020-06-12;71;26483;;
2020-06-13;64;26547;;
2020-06-14;28;26575;;
2020-06-15;57;26632;;
2020-06-16;74;26706;;
2020-06-17;53;26759;;
2020-06-18;48;26807;;
2020-06-19;64;26871;;
2020-06-20;33;26904;;
2020-06-21;26;26930;;
2020-06-22;40;26970;;
2020-06-23;40;27010;;
2020-06-24;28;27038;;
2020-06-25;47;27085;;
2020-06-26;42;27127;;
2020-06-27;30;27157;;
2020-06-28;18;27175;;
2020-06-29;16;27191;;
2020-06-30;40;27231;;
2020-07-01;24;27255;;
2020-07-02;16;27271;;
2020-07-03;17;27288;;
2020-07-04;16;27304;;
2020-07-05;7;27311;;
2020-07-06;15;27326;;
2020-07-07;21;27347;;
2020-07-08;33;27380;;
2020-07-09;52;27432;;
2020-07-10;48;27480;;
2020-07-11;22;27502;;
2020-07-12;13;27515;;
2020-07-13;75;27590;;
2020-07-14;65;27655;;
2020-07-15;69;27724;;
2020-07-16;66;27790;;
2020-07-17;101;27891;;
2020-07-18;97;27988;;
2020-07-19;55;28043;;
2020-07-20;37;28080;;
2020-07-21;62;28142;;
2020-07-22;78;28220;;
2020-07-23;94;28314;;
2020-07-24;70;28384;;
2020-07-25;33;28417;;
2020-07-26;52;28469;;
2020-07-27;35;28504;;
2020-07-28;36;28540;;
2020-07-29;69;28609;;
2020-07-30;59;28668;;
2020-07-31;56;28724;;
2020-08-01;49;28773;;
2020-08-02;30;28803;;
2020-08-03;46;28849;;
2020-08-04;64;28913;;
2020-08-05;45;28958;;
2020-08-06;21;28979;;
2020-08-07;45;29024;;
2020-08-08;36;29060;;
2020-08-09;37;29097;;
2020-08-10;33;29130;;
2020-08-11;36;29166;;
2020-08-12;35;29201;;
2020-08-13;38;29239;;
2020-08-14;29;29268;;
2020-08-15;14;29282;;
2020-08-16;12;29294;;
2020-08-17;17;29311;;
2020-08-18;17;29328;;
2020-08-19;22;29350;;
2020-08-20;34;29384;;
2020-08-21;33;29417;;
2020-08-22;19;29436;;
2020-08-23;21;29457;;
2020-08-24;9;29466;;
2020-08-25;30;29496;;
2020-08-26;41;29537;;
2020-08-27;43;29580;;
2020-08-28;25;29605;;
2020-08-29;54;29659;;
2020-08-30;13;29672;;
2020-08-31;32;29704;;
2020-09-01;36;29740;;
2020-09-02;35;29775;;
2020-09-03;72;29847;;
2020-09-04;49;29896;;
2020-09-05;63;29959;;
2020-09-06;57;30016;;
2020-09-07;50;30066;;
2020-09-08;71;30137;;
2020-09-09;69;30206;;
2020-09-10;90;30296;;
2020-09-11;107;30403;;
2020-09-12;71;30474;;
2020-09-13;97;30571;;
2020-09-14;72;30643;;
2020-09-15;92;30735;;
2020-09-16;77;30812;;
2020-09-17;70;30882;;
2020-09-18;198;31080;;
2020-09-19;140;31220;;
2020-09-20;200;31420;;
2020-09-21;137;31557;;
2020-09-22;169;31726;;
2020-09-23;253;31979;;
2020-09-24;231;32210;;
2020-09-25;287;32497;;
2020-09-26;349;32846;;
2020-09-27;273;33119;;
2020-09-28;283;33402;;
2020-09-29;355;33757;;
2020-09-30;312;34069;;
2020-10-01;309;34378;;
2020-10-02;415;34793;;
2020-10-03;365;35158;;
2020-10-04;299;35457;;
2020-10-05;278;35735;;
2020-10-06;255;35990;;
2020-10-07;298;36288;;
2020-10-08;345;36633;;
2020-10-09;282;36915;;
2020-10-10;191;37106;;
2020-10-11;323;37429;;
2020-10-12;266;37695;;
2020-10-13;198;37893;;
2020-10-14;269;38162;;
2020-10-15;253;38415;;
2020-10-16;259;38674;;
2020-10-17;267;38941;;
2020-10-18;188;39129;;
2020-10-19;236;39365;;
2020-10-20;254;39619;;
2020-10-21;284;39903;;
2020-10-22;221;40124;;
2020-10-23;240;40364;;
2020-10-24;166;40530;;
2020-10-25;217;40747;;
2020-10-26;351;41098;;
2020-10-27;241;41339;;
2020-10-28;209;41548;;
2020-10-29;217;41765;;
2020-10-30;194;41959;;
2020-10-31;236;42542;;
2020-11-01;234;42778;;
2020-11-02;191;42620;;
2020-11-03;236;42856;;
2020-11-04;242;43098;;
2020-11-05;320;43418;;
2020-11-06;261;43679;;
2020-11-07;270;43949;;
2020-11-08;272;44221;;
2020-11-09;266;44487;;
2020-11-10;318;44805;;
2020-11-11;344;45149;;
2020-11-12;282;45431;;
2020-11-13;325;45756;;
2020-11-14;302;46058;;
2020-11-15;274;46332;;
2020-11-16;308;46640;;
2020-11-17;238;46878;;
2020-11-18;231;47109;;
2020-11-19;280;47389;;
2020-11-20;249;47638;;
2020-11-21;261;47899;;
2020-11-22;296;48195;;
2020-11-23;277;48472;;
2020-11-24;238;48710;;
2020-11-25;297;49007;;
2020-11-26;344;49351;;
2020-11-27;415;49766;;
2020-11-28;444;50210;;
2020-11-29;361;50571;;
2020-11-30;334;50905;;
2020-12-01;413;51318;;
2020-12-02;454;51772;;
2020-12-03;445;52217;;
2020-12-04;494;52711;;
2020-12-05;513;53224;;
2020-12-06;479;53703;;
2020-12-07;460;54163;;
2020-12-08;523;54686;;
2020-12-09;576;55262;;
2020-12-10;542;55804;;
2020-12-11;634;56438;;
2020-12-12;716;57154;;
2020-12-13;561;57715;;
2020-12-14;670;58385;;
2020-12-15;553;58938;;
2020-12-16;693;59631;;
2020-12-17;925;60556;;
2020-12-18;802;61358;;
2020-12-19;687;62045;;
2020-12-20;646;62691;;
2020-12-21;749;63440;;
2020-12-22;752;64192;;
2020-12-23;694;64886;;
2020-12-24;870;65756;;
2020-12-25;933;66689;;
2020-12-26;743;67432;;
2020-12-27;797;68229;;
2020-12-28;836;69065;;
2020-12-29;996;70061;;
2020-12-30;922;70983;;
2020-12-31;737;71720;;
2021-01-01;1207;72927;;
2021-01-02;923;73850;;
2021-01-03;785;74635;;
2021-01-04;764;75399;;
2021-01-05;815;76214;;
2021-01-06;1084;77298;;
2021-01-07;1271;78569;;
2021-01-08;1032;79601;;
2021-01-09;814;80415;;
2021-01-10;778;81193;;
2021-01-11;559;81752;;
2021-01-12;850;82602;;
2021-01-13;726;83328;;
2021-01-14;811;84139;;
2021-01-15;709;84848;;
2021-01-16;874;85722;;
2021-01-17;577;86299;;
2021-01-18;461;86760;;
2021-01-19;627;87387;;
2021-01-20;664;88051;;
2021-01-21;761;88812;;
2021-01-22;604;89416;;
2021-01-23;556;89972;;
2021-01-24;423;90395;;
2021-01-25;497;90892;;
2021-01-26;587;91479;;
2021-01-27;452;91931;;
2021-01-28;565;92496;;
2021-01-29;492;92988;;
2021-01-30;545;93533;;
2021-01-31;386;93919;;
2021-02-01;466;94385;;
2021-02-02;552;94937;;
2021-02-03;480;95417;;
2021-02-04;520;95937;;
2021-02-05;547;96484;;
2021-02-06;506;96990;;
2021-02-07;402;97392;;
2021-02-08;328;97720;;
2021-02-09;443;98163;;
2021-02-10;549;98712;;
2021-02-11;472;99184;;
2021-02-12;474;99658;;
2021-02-13;339;99997;;
2021-02-14;349;100346;;
2021-02-15;318;100664;;
2021-02-16;407;101071;;
2021-02-17;326;101397;;
2021-02-18;371;101768;;
2021-02-19;393;102161;;
2021-02-20;380;102541;;
2021-02-21;398;102939;;
2021-02-22;258;103197;;
2021-02-23;418;103615;;
2021-02-24;406;104021;;
2021-02-25;381;104402;;
2021-02-26;394;104796;;
2021-02-27;317;105113;;
2021-02-28;247;105360;;
2021-03-01;255;105615;;
2021-03-02;386;106001;;
2021-03-03;300;106301;;
2021-03-04;374;106675;;
2021-03-05;278;106953;;
2021-03-06;400;107353;;
2021-03-07;266;107619;;
2021-03-08;260;107879;;
2021-03-09;388;108267;;
2021-03-10;314;108581;;
2021-03-11;362;108943;;
2021-03-12;388;109331;;
2021-03-13;277;109608;;
2021-03-14;266;109874;;
2021-03-15;245;110119;;
2021-03-16;336;110455;;
2021-03-17;314;110769;;
2021-03-18;351;111120;;
2021-03-19;315;111435;;
2021-03-20;266;111701;;
2021-03-21;306;112007;;
2021-03-22;227;112234;;
2021-03-23;332;112566;;
2021-03-24;368;112934;;
2021-03-25;353;113287;;
2021-03-26;359;113646;;
2021-03-27;308;113954;;
2021-03-28;257;114211;;
2021-03-29;304;114515;;
2021-03-30;376;114891;;
2021-03-31;396;115287;;
2021-04-01;356;115643;;
2021-04-02;385;116028;;
2021-04-03;351;116379;;
2021-04-04;296;116675;;
2021-04-05;292;116967;;
2021-04-06;307;117274;;
2021-04-07;403;117677;;
2021-04-08;395;118072;;
2021-04-09;516;118588;;
2021-04-10;297;118885;;
2021-04-11;377;119262;;
2021-04-12;260;119522;;
2021-04-13;372;119894;;
2021-04-14;354;120248;;
2021-04-15;430;120678;;
2021-04-16;366;121044;;
2021-04-17;353;121397;;
2021-04-18;218;121615;;
2021-04-19;252;121867;;
2021-04-20;275;122142;;
2021-04-21;312;122454;;
2021-04-22;315;122769;;
2021-04-23;228;122997;;
2021-04-24;340;123337;;
2021-04-25;198;123535;;
2021-04-26;245;123780;;
2021-04-27;290;124070;;
2021-04-28;310;124380;;
2021-04-29;341;124721;;
2021-04-30;325;125046;;
2021-05-01;264;125310;;
2021-05-02;211;125521;;
2021-05-03;225;125746;;
2021-05-04;238;125984;;
2021-05-05;201;126185;;
2021-05-06;260;126445;;
2021-05-07;281;126726;;
2021-05-08;212;126938;;
2021-05-09;196;127134;;
2021-05-10;188;127322;;
2021-05-11;262;127584;;
2021-05-12;261;127845;;
2021-05-13;291;128136;;
2021-05-14;243;128379;;
2021-05-15;207;128586;;
2021-05-16;186;128772;;
2021-05-17;191;128963;;
2021-05-18;208;129171;;
2021-05-19;263;129434;;
2021-05-20;248;129682;;
2021-05-21;196;129878;;
2021-05-22;181;130059;;
2021-05-23;114;130173;;
2021-05-24;153;130326;;
2021-05-25;164;130490;;
2021-05-26;155;130645;;
2021-05-27;148;130793;;
2021-05-28;142;130935;;
2021-05-29;82;131017;;
2021-05-30;80;131097;;
2021-05-31;84;131181;;
2021-06-01;107;131288;;
2021-06-02;99;131387;;
2021-06-03;85;131472;;
2021-06-04;87;131559;;
2021-06-05;73;131632;;
2021-06-06;49;131681;;
2021-06-07;60;131741;;
2021-06-08;57;131798;;
2021-06-09;42;131840;;
2021-06-10;64;131904;;
2021-06-11;67;131971;;
2021-06-12;51;132022;;
2021-06-13;35;132057;;
2021-06-14;36;132093;;
2021-06-15;62;132155;;
2021-06-16;44;132199;;
2021-06-17;57;132256;;
2021-06-18;50;132306;;
2021-06-19;24;132330;;
2021-06-20;28;132358;;
2021-06-21;28;132386;;
2021-06-22;45;132431;;
2021-06-23;28;132459;;
2021-06-24;27;132486;;
2021-06-25;35;132521;;
2021-06-26;35;132556;;
2021-06-27;13;132569;;
2021-06-28;38;132607;;
2021-06-29;40;132647;;
2021-06-30;26;132673;;
2021-07-01;25;132698;;
2021-07-02;26;132724;;
2021-07-03;24;132748;;
2021-07-04;12;132760;;
2021-07-05;22;132782;;
2021-07-06;30;132812;;
2021-07-07;29;132841;;
2021-07-08;33;132874;;
2021-07-09;25;132899;;
2021-07-10;18;132917;;
2021-07-11;22;132939;;
2021-07-12;27;132966;;
2021-07-13;31;132997;;
2021-07-14;32;133029;;
2021-07-15;40;133069;;
2021-07-16;30;133099;;
2021-07-17;32;133131;;
2021-07-18;35;133166;;
2021-07-19;28;133194;;
2021-07-20;54;133248;;
2021-07-21;53;133301;;
2021-07-22;49;133350;;
2021-07-23;46;133396;;
2021-07-24;33;133429;;
2021-07-25;35;133464;;
2021-07-26;39;133503;;
2021-07-27;52;133555;;
2021-07-28;48;133603;;
2021-07-29;16;133619;;
2021-07-30;106;133725;;
2021-07-31;52;133777;;
2021-08-01;43;133820;;
2021-08-02;54;133874;;
2021-08-03;52;133926;;
2021-08-04;94;134020;;
2021-08-05;103;134123;;
2021-08-06;93;134216;;
2021-08-07;86;134302;;
2021-08-08;69;134371;;
2021-08-09;86;134457;;
2021-08-10;105;134562;;
2021-08-11;152;134714;;
2021-08-12;143;134857;;
2021-08-13;158;135015;;
2021-08-14;143;135158;;
2021-08-15;134;135292;;
2021-08-16;139;135431;;
2021-08-17;148;135579;;
2021-08-18;201;135780;;
2021-08-19;178;135958;;
2021-08-20;208;136166;;
2021-08-21;158;136324;;
2021-08-22;129;136453;;
2021-08-23;160;136613;;
2021-08-24;218;136831;;
2021-08-25;226;137057;;
2021-08-26;246;137303;;
2021-08-27;200;137503;;
2021-08-28;154;137657;;
2021-08-29;134;137791;;
2021-08-30;182;137973;;
2021-08-31;246;138219;;
2021-09-01;275;138494;;
2021-09-02;243;138737;;
2021-09-03;250;138987;;
2021-09-04;204;139191;;
2021-09-05;193;139384;;
2021-09-06;182;139566;;
2021-09-07;203;139769;;
2021-09-08;239;140008;;
2021-09-09;317;140325;;
2021-09-10;286;140611;;
2021-09-11;238;140849;;
2021-09-12;204;141053;;
2021-09-13;236;141289;;
2021-09-14;250;141539;;
2021-09-15;319;141858;;
2021-09-16;284;142142;;
2021-09-17;266;142408;;
2021-09-18;261;142669;;
2021-09-19;214;142883;;
2021-09-20;207;143090;;
2021-09-21;229;143319;;
2021-09-22;252;143571;;
2021-09-23;211;143782;;
2021-09-24;269;144051;;
2021-09-25;211;144262;;
2021-09-26;137;144399;;
2021-09-27;140;144539;;
2021-09-28;190;144729;;
2021-09-29;235;144964;;
2021-09-30;190;145154;;
2021-10-01;150;145304;;
2021-10-02;119;145423;;
2021-10-03;127;145550;;
2021-10-04;120;145670;;
2021-10-05;130;145800;;
2021-10-06;160;145960;;
2021-10-07;175;146135;;
2021-10-08;156;146291;;
2021-10-09;154;146445;;
2021-10-10;91;146536;;
2021-10-11;129;146665;;
2021-10-12;156;146821;;
2021-10-13;146;146967;;
2021-10-14;192;147159;;
2021-10-15;206;147365;;
2021-10-16;140;147505;;
2021-10-17;98;147603;;
2021-10-18;119;147722;;
2021-10-19;56;147778;;
;;;;
;;;;
;;;;
;;;;
;;;;
;;;;
;;;;
;;;;
;;;;
;;;;
;;;;
;;;;
;;;;
;;;;
;;;;
;;;;
;;;;
;;;;
;;;;
;;;;
;;;;
;;;;
;;;;
;;;;
;;;;
;;;;
;;;;
;;;;
;;;;
;;;;
;;;;
;;;;
;;;;
;;;;
;;;;
;;;;
;;;;
;;;;
;;;;
;;;;
;;;;
;;;;
;;;;
;;;;
;;;;
;;;;
;;;;
;;;;
;;;;
;;;;
;;;;
;;;;
;;;;
;;;;
;;;;
;;;;
;;;;
;;;;
;;;;
;;;;
;;;;
;;;;
;;;;
;;;;
;;;;
;;;;
;;;;
;;;;
;;;;
;;;;
;;;;
;;;;
;;;;
;;;;
;;;;
;;;;
;;;;
;;;;
;;;;
;;;;
;;;;
;;;;
;;;;
;;;;
;;;;
;;;;
;;;;
;;;;
;;;;
;;;;
;;;;
;;;;
;;;;
;;;;
;;;;
;;;;
;;;;
;;;;
;;;;
;;;;
;;;;
;;;;
;;;;
;;;;
;;;;
;;;;
;;;;
;;;;
;;;;
;;;;
;;;;
;;;;
;;;;
;;;;
;;;;
;;;;
;;;;
;;;;
;;;;
;;;;
;;;;
;;;;
;;;;
;;;;
;;;;
;;;;
;;;;
;;;;
;;;;
;;;;
;;;;
;;;;
;;;;
;;;;
;;;;
;;;;
;;;;
;;;;
;;;;
;;;;
;;;;
;;;;
;;;;
;;;;
;;;;
;;;;
;;;;
;;;;
;;;;
;;;;
;;;;
;;;;
;;;;
;;;;
;;;;
;;;;
;;;;
;;;;
;;;;
;;;;
;;;;
;;;;
;;;;
;;;;
;;;;
;;;;
;;;;
;;;;
;;;;
;;;;
;;;;
;;;;
;;;;
;;;;
;;;;
;;;;
;;;;
;;;;
;;;;
;;;;
;;;;
;;;;
;;;;
;;;;
;;;;
;;;;
;;;;
;;;;
;;;;
;;;;
;;;;
;;;;
;;;;
;;;;
;;;;
;;;;
;;;;
;;;;
;;;;
;;;;
;;;;
;;;;
;;;;
;;;;
;;;;
;;;;
;;;;
;;;;
;;;;
;;;;
;;;;
;;;;
;;;;
;;;;
;;;;
;;;;
;;;;
;;;;
;;;;
;;;;
;;;;
;;;;
;;;;
;;;;
;;;;
;;;;
;;;;
;;;;
;;;;
;;;;
;;;;
;;;;
;;;;
;;;;
;;;;
;;;;
;;;;
;;;;
;;;;
;;;;
;;;;
;;;;
;;;;
;;;;
;;;;
;;;;
;;;;
;;;;
;;;;
;;;;
;;;;
;;;;
;;;;
;;;;
;;;;
;;;;
;;;;
;;;;
;;;;
;;;;
;;;;
;;;;
;;;;
;;;;
;;;;
;;;;
;;;;
;;;;
;;;;
;;;;
;;;;
;;;;
;;;;
;;;;
;;;;
;;;;
;;;;
;;;;
;;;;
;;;;
;;;;
;;;;
;;;;
;;;;
;;;;
;;;;
;;;;
;;;;
;;;;
;;;;
;;;;
;;;;
;;;;
;;;;
;;;;
;;;;
;;;;
;;;;
;;;;
;;;;
;;;;
;;;;
;;;;
;;;;
;;;;
;;;;
;;;;
;;;;
;;;;
;;;;
;;;;
;;;;
;;;;
;;;;
;;;;
;;;;
;;;;
;;;;
;;;;
;;;;
;;;;
;;;;
;;;;
;;;;
;;;;
;;;;
;;;;
;;;;
;;;;
;;;;
;;;;
;;;;
;;;;
;;;;
;;;;
;;;;
;;;;
;;;;
;;;;
;;;;
;;;;
;;;;
;;;;
;;;;
;;;;
;;;;
;;;;
;;;;
;;;;
;;;;
;;;;
;;;;
;;;;
;;;;
;;;;
;;;;
;;;;
;;;;
;;;;
;;;;
;;;;
;;;;
;;;;
;;;;
;;;;
;;;;
;;;;
;;;;
;;;;
;;;;
;;;;
;;;;
;;;;
;;;;
;;;;
;;;;
;;;;
;;;;
;;;;
;;;;
;;;;
;;;;
;;;;
;;;;
;;;;
;;;;
;;;;
;;;;
;;;;
;;;;
;;;;
;;;;
;;;;
;;;;
;;;;
;;;;
;;;;
;;;;
;;;;
;;;;
;;;;
;;;;
;;;;
;;;;
;;;;
;;;;
;;;;
;;;;
;;;;
;;;;
;;;;
;;;;
;;;;
;;;;
;;;;
;;;;
;;;;
;;;;
;;;;
;;;;
;;;;
;;;;
;;;;
;;;;
;;;;
;;;;
;;;;
;;;;
;;;;
;;;;
;;;;
;;;;
;;;;
;;;;
;;;;
;;;;
;;;;
;;;;
;;;;
;;;;
;;;;
;;;;
;;;;
;;;;
;;;;
