Date;Nouveaux cas;Cumulatif de cas;;
2020-02-25;1;1;;
2020-02-26;0;1;;
2020-02-27;0;1;;
2020-02-28;0;1;;
2020-02-29;0;1;;
2020-03-01;1;2;;
2020-03-02;2;4;;
2020-03-03;0;4;;
2020-03-04;0;4;;
2020-03-05;0;4;;
2020-03-06;0;4;;
2020-03-07;0;4;;
2020-03-08;1;5;;
2020-03-09;1;6;;
2020-03-10;2;8;;
2020-03-11;3;11;;
2020-03-12;3;14;;
2020-03-13;2;16;;
2020-03-14;5;21;;
2020-03-15;6;27;;
2020-03-16;5;32;;
2020-03-17;7;39;;
2020-03-18;6;45;;
2020-03-19;35;80;;
2020-03-20;49;129;;
2020-03-21;91;220;;
2020-03-22;89;309;;
2020-03-23;133;442;;
2020-03-24;145;587;;
2020-03-25;187;774;;
2020-03-26;180;954;;
2020-03-27;241;1195;;
2020-03-28;200;1395;;
2020-03-29;259;1654;;
2020-03-30;264;1918;;
2020-03-31;329;2247;;
2020-04-01;304;2551;;
2020-04-02;406;2957;;
2020-04-03;345;3302;;
2020-04-04;340;3642;;
2020-04-05;259;3901;;
2020-04-06;456;4357;;
2020-04-07;421;4778;;
2020-04-08;372;5150;;
2020-04-09;349;5499;;
2020-04-10;304;5803;;
2020-04-11;262;6065;;
2020-04-12;328;6393;;
2020-04-13;542;6935;;
2020-04-14;468;7403;;
2020-04-15;610;8013;;
2020-04-16;496;8509;;
2020-04-17;568;9077;;
2020-04-18;330;9407;;
2020-04-19;428;9835;;
2020-04-20;480;10315;;
2020-04-21;455;10770;;
2020-04-22;530;11300;;
2020-04-23;525;11825;;
2020-04-24;491;12316;;
2020-04-25;313;12629;;
2020-04-26;281;12910;;
2020-04-27;461;13371;;
2020-04-28;472;13843;;
2020-04-29;518;14361;;
2020-04-30;588;14949;;
2020-05-01;613;15562;;
2020-05-02;526;16088;;
2020-05-03;343;16431;;
2020-05-04;419;16850;;
2020-05-05;467;17317;;
2020-05-06;566;17883;;
2020-05-07;430;18313;;
2020-05-08;426;18739;;
2020-05-09;312;19051;;
2020-05-10;297;19348;;
2020-05-11;360;19708;;
2020-05-12;427;20135;;
2020-05-13;398;20533;;
2020-05-14;351;20884;;
2020-05-15;341;21225;;
2020-05-16;272;21497;;
2020-05-17;337;21834;;
2020-05-18;331;22165;;
2020-05-19;317;22482;;
2020-05-20;404;22886;;
2020-05-21;375;23261;;
2020-05-22;255;23516;;
2020-05-23;217;23733;;
2020-05-24;215;23948;;
2020-05-25;203;24151;;
2020-05-26;237;24388;;
2020-05-27;253;24641;;
2020-05-28;193;24834;;
2020-05-29;192;25026;;
2020-05-30;204;25230;;
2020-05-31;140;25370;;
2020-06-01;156;25526;;
2020-06-02;96;25622;;
2020-06-03;115;25737;;
2020-06-04;126;25863;;
2020-06-05;108;25971;;
2020-06-06;104;26075;;
2020-06-07;75;26150;;
2020-06-08;51;26201;;
2020-06-09;79;26280;;
2020-06-10;67;26347;;
2020-06-11;66;26413;;
2020-06-12;71;26484;;
2020-06-13;64;26548;;
2020-06-14;28;26576;;
2020-06-15;57;26633;;
2020-06-16;74;26707;;
2020-06-17;53;26760;;
2020-06-18;49;26809;;
2020-06-19;64;26873;;
2020-06-20;33;26906;;
2020-06-21;26;26932;;
2020-06-22;40;26972;;
2020-06-23;40;27012;;
2020-06-24;28;27040;;
2020-06-25;47;27087;;
2020-06-26;42;27129;;
2020-06-27;30;27159;;
2020-06-28;18;27177;;
2020-06-29;16;27193;;
2020-06-30;40;27233;;
2020-07-01;24;27257;;
2020-07-02;16;27273;;
2020-07-03;17;27290;;
2020-07-04;16;27306;;
2020-07-05;7;27313;;
2020-07-06;15;27328;;
2020-07-07;21;27349;;
2020-07-08;33;27382;;
2020-07-09;52;27434;;
2020-07-10;48;27482;;
2020-07-11;22;27504;;
2020-07-12;13;27517;;
2020-07-13;75;27592;;
2020-07-14;65;27657;;
2020-07-15;69;27726;;
2020-07-16;66;27792;;
2020-07-17;101;27893;;
2020-07-18;97;27990;;
2020-07-19;55;28045;;
2020-07-20;37;28082;;
2020-07-21;62;28144;;
2020-07-22;78;28222;;
2020-07-23;94;28316;;
2020-07-24;70;28386;;
2020-07-25;33;28419;;
2020-07-26;52;28471;;
2020-07-27;35;28506;;
2020-07-28;36;28542;;
2020-07-29;69;28611;;
2020-07-30;59;28670;;
2020-07-31;56;28726;;
2020-08-01;48;28774;;
2020-08-02;30;28804;;
2020-08-03;46;28850;;
2020-08-04;64;28914;;
2020-08-05;45;28959;;
2020-08-06;21;28980;;
2020-08-07;45;29025;;
2020-08-08;36;29061;;
2020-08-09;37;29098;;
2020-08-10;33;29131;;
2020-08-11;36;29167;;
2020-08-12;35;29202;;
2020-08-13;38;29240;;
2020-08-14;29;29269;;
2020-08-15;14;29283;;
2020-08-16;12;29295;;
2020-08-17;17;29312;;
2020-08-18;17;29329;;
2020-08-19;22;29351;;
2020-08-20;34;29385;;
2020-08-21;33;29418;;
2020-08-22;19;29437;;
2020-08-23;21;29458;;
2020-08-24;9;29467;;
2020-08-25;30;29497;;
2020-08-26;41;29538;;
2020-08-27;43;29581;;
2020-08-28;25;29606;;
2020-08-29;54;29660;;
2020-08-30;13;29673;;
2020-08-31;32;29705;;
2020-09-01;36;29741;;
2020-09-02;35;29776;;
2020-09-03;72;29848;;
2020-09-04;49;29897;;
2020-09-05;63;29960;;
2020-09-06;57;30017;;
2020-09-07;50;30067;;
2020-09-08;71;30138;;
2020-09-09;69;30207;;
2020-09-10;90;30297;;
2020-09-11;107;30404;;
2020-09-12;71;30475;;
2020-09-13;97;30572;;
2020-09-14;73;30645;;
2020-09-15;92;30737;;
2020-09-16;77;30814;;
2020-09-17;71;30885;;
2020-09-18;198;31083;;
2020-09-19;140;31223;;
2020-09-20;200;31423;;
2020-09-21;138;31561;;
2020-09-22;169;31730;;
2020-09-23;253;31983;;
2020-09-24;231;32214;;
2020-09-25;287;32501;;
2020-09-26;349;32850;;
2020-09-27;273;33123;;
2020-09-28;283;33406;;
2020-09-29;355;33761;;
2020-09-30;313;34074;;
2020-10-01;309;34383;;
2020-10-02;415;34798;;
2020-10-03;367;35165;;
2020-10-04;299;35464;;
2020-10-05;278;35742;;
2020-10-06;255;35997;;
2020-10-07;298;36295;;
2020-10-08;345;36640;;
2020-10-09;282;36922;;
2020-10-10;190;37112;;
2020-10-11;323;37435;;
2020-10-12;267;37702;;
2020-10-13;199;37901;;
2020-10-14;270;38171;;
2020-10-15;252;38423;;
2020-10-16;259;38682;;
2020-10-17;267;38949;;
2020-10-18;188;39137;;
2020-10-19;236;39373;;
2020-10-20;254;39627;;
2020-10-21;284;39911;;
2020-10-22;223;40134;;
2020-10-23;241;40375;;
2020-10-24;165;40540;;
2020-10-25;217;40757;;
2020-10-26;351;41108;;
2020-10-27;242;41350;;
2020-10-28;209;41559;;
2020-10-29;216;41775;;
2020-10-30;194;41969;;
2020-10-31;236;42542;;
2020-11-01;234;42778;;
2020-11-02;192;42631;;
2020-11-03;236;42867;;
2020-11-04;242;43109;;
2020-11-05;320;43429;;
2020-11-06;261;43690;;
2020-11-07;270;43960;;
2020-11-08;272;44232;;
2020-11-09;266;44498;;
2020-11-10;318;44816;;
2020-11-11;343;45159;;
2020-11-12;282;45441;;
2020-11-13;325;45766;;
2020-11-14;300;46066;;
2020-11-15;274;46340;;
2020-11-16;308;46648;;
2020-11-17;239;46887;;
2020-11-18;231;47118;;
2020-11-19;280;47398;;
2020-11-20;250;47648;;
2020-11-21;261;47909;;
2020-11-22;296;48205;;
2020-11-23;277;48482;;
2020-11-24;238;48720;;
2020-11-25;297;49017;;
2020-11-26;344;49361;;
2020-11-27;415;49776;;
2020-11-28;444;50220;;
2020-11-29;361;50581;;
2020-11-30;334;50915;;
2020-12-01;413;51328;;
2020-12-02;454;51782;;
2020-12-03;445;52227;;
2020-12-04;494;52721;;
2020-12-05;514;53235;;
2020-12-06;478;53713;;
2020-12-07;460;54173;;
2020-12-08;523;54696;;
2020-12-09;578;55274;;
2020-12-10;542;55816;;
2020-12-11;635;56451;;
2020-12-12;715;57166;;
2020-12-13;561;57727;;
2020-12-14;670;58397;;
2020-12-15;553;58950;;
2020-12-16;695;59645;;
2020-12-17;925;60570;;
2020-12-18;802;61372;;
2020-12-19;687;62059;;
2020-12-20;646;62705;;
2020-12-21;751;63456;;
2020-12-22;752;64208;;
2020-12-23;693;64901;;
2020-12-24;870;65771;;
2020-12-25;933;66704;;
2020-12-26;744;67448;;
2020-12-27;798;68246;;
2020-12-28;836;69082;;
2020-12-29;996;70078;;
2020-12-30;922;71000;;
2020-12-31;737;71737;;
2021-01-01;1209;72946;;
2021-01-02;923;73869;;
2021-01-03;785;74654;;
2021-01-04;764;75418;;
2021-01-05;815;76233;;
2021-01-06;1083;77316;;
2021-01-07;1272;78588;;
2021-01-08;1032;79620;;
2021-01-09;814;80434;;
2021-01-10;778;81212;;
2021-01-11;559;81771;;
2021-01-12;851;82622;;
2021-01-13;726;83348;;
2021-01-14;809;84157;;
2021-01-15;709;84866;;
2021-01-16;874;85740;;
2021-01-17;577;86317;;
2021-01-18;461;86778;;
2021-01-19;627;87405;;
2021-01-20;664;88069;;
2021-01-21;760;88829;;
2021-01-22;604;89433;;
2021-01-23;556;89989;;
2021-01-24;423;90412;;
2021-01-25;498;90910;;
2021-01-26;587;91497;;
2021-01-27;452;91949;;
2021-01-28;565;92514;;
2021-01-29;493;93007;;
2021-01-30;545;93552;;
2021-01-31;386;93938;;
2021-02-01;467;94405;;
2021-02-02;552;94957;;
2021-02-03;480;95437;;
2021-02-04;521;95958;;
2021-02-05;547;96505;;
2021-02-06;506;97011;;
2021-02-07;402;97413;;
2021-02-08;328;97741;;
2021-02-09;443;98184;;
2021-02-10;549;98733;;
2021-02-11;471;99204;;
2021-02-12;474;99678;;
2021-02-13;339;100017;;
2021-02-14;348;100365;;
2021-02-15;318;100683;;
2021-02-16;407;101090;;
2021-02-17;325;101415;;
2021-02-18;371;101786;;
2021-02-19;394;102180;;
2021-02-20;380;102560;;
2021-02-21;398;102958;;
2021-02-22;258;103216;;
2021-02-23;418;103634;;
2021-02-24;406;104040;;
2021-02-25;380;104420;;
2021-02-26;394;104814;;
2021-02-27;318;105132;;
2021-02-28;247;105379;;
2021-03-01;255;105634;;
2021-03-02;386;106020;;
2021-03-03;300;106320;;
2021-03-04;375;106695;;
2021-03-05;278;106973;;
2021-03-06;400;107373;;
2021-03-07;266;107639;;
2021-03-08;259;107898;;
2021-03-09;388;108286;;
2021-03-10;314;108600;;
2021-03-11;360;108960;;
2021-03-12;387;109347;;
2021-03-13;277;109624;;
2021-03-14;266;109890;;
2021-03-15;245;110135;;
2021-03-16;335;110470;;
2021-03-17;314;110784;;
2021-03-18;352;111136;;
2021-03-19;315;111451;;
2021-03-20;266;111717;;
2021-03-21;306;112023;;
2021-03-22;227;112250;;
2021-03-23;333;112583;;
2021-03-24;368;112951;;
2021-03-25;353;113304;;
2021-03-26;360;113664;;
2021-03-27;308;113972;;
2021-03-28;257;114229;;
2021-03-29;304;114533;;
2021-03-30;376;114909;;
2021-03-31;396;115305;;
2021-04-01;356;115661;;
2021-04-02;385;116046;;
2021-04-03;351;116397;;
2021-04-04;296;116693;;
2021-04-05;291;116984;;
2021-04-06;307;117291;;
2021-04-07;404;117695;;
2021-04-08;395;118090;;
2021-04-09;516;118606;;
2021-04-10;297;118903;;
2021-04-11;377;119280;;
2021-04-12;260;119540;;
2021-04-13;372;119912;;
2021-04-14;354;120266;;
2021-04-15;430;120696;;
2021-04-16;366;121062;;
2021-04-17;354;121416;;
2021-04-18;218;121634;;
2021-04-19;251;121885;;
2021-04-20;275;122160;;
2021-04-21;313;122473;;
2021-04-22;315;122788;;
2021-04-23;229;123017;;
2021-04-24;340;123357;;
2021-04-25;198;123555;;
2021-04-26;245;123800;;
2021-04-27;291;124091;;
2021-04-28;311;124402;;
2021-04-29;341;124743;;
2021-04-30;325;125068;;
2021-05-01;264;125332;;
2021-05-02;211;125543;;
2021-05-03;225;125768;;
2021-05-04;238;126006;;
2021-05-05;201;126207;;
2021-05-06;260;126467;;
2021-05-07;282;126749;;
2021-05-08;212;126961;;
2021-05-09;196;127157;;
2021-05-10;188;127345;;
2021-05-11;262;127607;;
2021-05-12;261;127868;;
2021-05-13;291;128159;;
2021-05-14;243;128402;;
2021-05-15;207;128609;;
2021-05-16;186;128795;;
2021-05-17;191;128986;;
2021-05-18;208;129194;;
2021-05-19;263;129457;;
2021-05-20;248;129705;;
2021-05-21;197;129902;;
2021-05-22;181;130083;;
2021-05-23;114;130197;;
2021-05-24;153;130350;;
2021-05-25;164;130514;;
2021-05-26;155;130669;;
2021-05-27;148;130817;;
2021-05-28;142;130959;;
2021-05-29;82;131041;;
2021-05-30;80;131121;;
2021-05-31;83;131204;;
2021-06-01;107;131311;;
2021-06-02;99;131410;;
2021-06-03;85;131495;;
2021-06-04;87;131582;;
2021-06-05;73;131655;;
2021-06-06;49;131704;;
2021-06-07;60;131764;;
2021-06-08;56;131820;;
2021-06-09;42;131862;;
2021-06-10;64;131926;;
2021-06-11;67;131993;;
2021-06-12;51;132044;;
2021-06-13;35;132079;;
2021-06-14;36;132115;;
2021-06-15;62;132177;;
2021-06-16;44;132221;;
2021-06-17;57;132278;;
2021-06-18;50;132328;;
2021-06-19;24;132352;;
2021-06-20;28;132380;;
2021-06-21;28;132408;;
2021-06-22;45;132453;;
2021-06-23;28;132481;;
2021-06-24;27;132508;;
2021-06-25;35;132543;;
2021-06-26;35;132578;;
2021-06-27;13;132591;;
2021-06-28;38;132629;;
2021-06-29;40;132669;;
2021-06-30;26;132695;;
2021-07-01;25;132720;;
2021-07-02;26;132746;;
2021-07-03;24;132770;;
2021-07-04;12;132782;;
2021-07-05;22;132804;;
2021-07-06;30;132834;;
2021-07-07;29;132863;;
2021-07-08;33;132896;;
2021-07-09;25;132921;;
2021-07-10;18;132939;;
2021-07-11;22;132961;;
2021-07-12;27;132988;;
2021-07-13;31;133019;;
2021-07-14;32;133051;;
2021-07-15;40;133091;;
2021-07-16;30;133121;;
2021-07-17;32;133153;;
2021-07-18;35;133188;;
2021-07-19;28;133216;;
2021-07-20;54;133270;;
2021-07-21;53;133323;;
2021-07-22;49;133372;;
2021-07-23;46;133418;;
2021-07-24;33;133451;;
2021-07-25;35;133486;;
2021-07-26;40;133526;;
2021-07-27;52;133578;;
2021-07-28;48;133626;;
2021-07-29;16;133642;;
2021-07-30;106;133748;;
2021-07-31;52;133800;;
2021-08-01;43;133843;;
2021-08-02;54;133897;;
2021-08-03;52;133949;;
2021-08-04;94;134043;;
2021-08-05;103;134146;;
2021-08-06;92;134238;;
2021-08-07;86;134324;;
2021-08-08;69;134393;;
2021-08-09;86;134479;;
2021-08-10;105;134584;;
2021-08-11;152;134736;;
2021-08-12;143;134879;;
2021-08-13;158;135037;;
2021-08-14;143;135180;;
2021-08-15;135;135315;;
2021-08-16;139;135454;;
2021-08-17;148;135602;;
2021-08-18;201;135803;;
2021-08-19;179;135982;;
2021-08-20;209;136191;;
2021-08-21;157;136348;;
2021-08-22;129;136477;;
2021-08-23;160;136637;;
2021-08-24;217;136854;;
2021-08-25;226;137080;;
2021-08-26;246;137326;;
2021-08-27;200;137526;;
2021-08-28;154;137680;;
2021-08-29;134;137814;;
2021-08-30;182;137996;;
2021-08-31;246;138242;;
2021-09-01;275;138517;;
2021-09-02;243;138760;;
2021-09-03;250;139010;;
2021-09-04;204;139214;;
2021-09-05;193;139407;;
2021-09-06;182;139589;;
2021-09-07;203;139792;;
2021-09-08;239;140031;;
2021-09-09;317;140348;;
2021-09-10;286;140634;;
2021-09-11;238;140872;;
2021-09-12;204;141076;;
2021-09-13;236;141312;;
2021-09-14;250;141562;;
2021-09-15;319;141881;;
2021-09-16;284;142165;;
2021-09-17;266;142431;;
2021-09-18;261;142692;;
2021-09-19;214;142906;;
2021-09-20;207;143113;;
2021-09-21;229;143342;;
2021-09-22;252;143594;;
2021-09-23;210;143804;;
2021-09-24;269;144073;;
2021-09-25;211;144284;;
2021-09-26;137;144421;;
2021-09-27;140;144561;;
2021-09-28;190;144751;;
2021-09-29;235;144986;;
2021-09-30;190;145176;;
2021-10-01;150;145326;;
2021-10-02;119;145445;;
2021-10-03;127;145572;;
2021-10-04;120;145692;;
2021-10-05;130;145822;;
2021-10-06;160;145982;;
2021-10-07;175;146157;;
2021-10-08;156;146313;;
2021-10-09;154;146467;;
2021-10-10;91;146558;;
2021-10-11;129;146687;;
2021-10-12;156;146843;;
2021-10-13;147;146990;;
2021-10-14;193;147183;;
2021-10-15;207;147390;;
2021-10-16;142;147532;;
2021-10-17;95;147627;;
2021-10-18;121;147748;;
2021-10-19;119;147867;;
2021-10-20;141;148008;;
2021-10-21;89;148097;;
2021-10-22;120;148217;;
2021-10-23;99;148316;;
2021-10-24;102;148418;;
2021-10-25;103;148521;;
2021-10-26;147;148668;;
2021-10-27;142;148810;;
2021-10-28;168;148978;;
2021-10-29;138;149116;;
2021-10-30;143;149259;;
2021-10-31;140;149399;;
2021-11-01;122;149521;;
2021-11-02;111;149632;;
2021-11-03;163;149795;;
2021-11-04;153;149948;;
2021-11-05;165;150113;;
2021-11-06;206;150319;;
2021-11-07;178;150497;;
2021-11-08;154;150651;;
2021-11-09;235;150886;;
2021-11-10;214;151100;;
2021-11-11;102;151202;;
;;;;
;;;;
;;;;
;;;;
;;;;
;;;;
;;;;
;;;;
;;;;
;;;;
;;;;
;;;;
;;;;
;;;;
;;;;
;;;;
;;;;
;;;;
;;;;
;;;;
;;;;
;;;;
;;;;
;;;;
;;;;
;;;;
;;;;
;;;;
;;;;
;;;;
;;;;
;;;;
;;;;
;;;;
;;;;
;;;;
;;;;
;;;;
;;;;
;;;;
;;;;
;;;;
;;;;
;;;;
;;;;
;;;;
;;;;
;;;;
;;;;
;;;;
;;;;
;;;;
;;;;
;;;;
;;;;
;;;;
;;;;
;;;;
;;;;
;;;;
;;;;
;;;;
;;;;
;;;;
;;;;
;;;;
;;;;
;;;;
;;;;
;;;;
;;;;
;;;;
;;;;
;;;;
;;;;
;;;;
;;;;
;;;;
;;;;
;;;;
;;;;
;;;;
;;;;
;;;;
;;;;
;;;;
;;;;
;;;;
;;;;
;;;;
;;;;
;;;;
;;;;
;;;;
;;;;
;;;;
;;;;
;;;;
;;;;
;;;;
;;;;
;;;;
;;;;
;;;;
;;;;
;;;;
;;;;
;;;;
;;;;
;;;;
;;;;
;;;;
;;;;
;;;;
;;;;
;;;;
;;;;
;;;;
;;;;
;;;;
;;;;
;;;;
;;;;
;;;;
;;;;
;;;;
;;;;
;;;;
;;;;
;;;;
;;;;
;;;;
;;;;
;;;;
;;;;
;;;;
;;;;
;;;;
;;;;
;;;;
;;;;
;;;;
;;;;
;;;;
;;;;
;;;;
;;;;
;;;;
;;;;
;;;;
;;;;
;;;;
;;;;
;;;;
;;;;
;;;;
;;;;
;;;;
;;;;
;;;;
;;;;
;;;;
;;;;
;;;;
;;;;
;;;;
;;;;
;;;;
;;;;
;;;;
;;;;
;;;;
;;;;
;;;;
;;;;
;;;;
;;;;
;;;;
;;;;
;;;;
;;;;
;;;;
;;;;
;;;;
;;;;
;;;;
;;;;
;;;;
;;;;
;;;;
;;;;
;;;;
;;;;
;;;;
;;;;
;;;;
;;;;
;;;;
;;;;
;;;;
;;;;
