Date;Nouveaux cas;Cumulatif de cas;
2020-02-25;1;1;
2020-02-26;0;1;
2020-02-27;0;1;
2020-02-28;0;1;
2020-02-29;0;1;
2020-03-01;1;2;
2020-03-02;2;4;
2020-03-03;0;4;
2020-03-04;0;4;
2020-03-05;0;4;
2020-03-06;0;4;
2020-03-07;0;4;
2020-03-08;1;5;
2020-03-09;1;6;
2020-03-10;2;8;
2020-03-11;3;11;
2020-03-12;3;14;
2020-03-13;2;16;
2020-03-14;5;21;
2020-03-15;6;27;
2020-03-16;5;32;
2020-03-17;7;39;
2020-03-18;6;45;
2020-03-19;36;81;
2020-03-20;49;130;
2020-03-21;91;221;
2020-03-22;88;309;
2020-03-23;132;441;
2020-03-24;145;586;
2020-03-25;185;771;
2020-03-26;180;951;
2020-03-27;240;1191;
2020-03-28;198;1389;
2020-03-29;258;1647;
2020-03-30;264;1911;
2020-03-31;330;2241;
2020-04-01;303;2544;
2020-04-02;408;2952;
2020-04-03;347;3299;
2020-04-04;340;3639;
2020-04-05;258;3897;
2020-04-06;457;4354;
2020-04-07;422;4776;
2020-04-08;373;5149;
2020-04-09;351;5500;
2020-04-10;305;5805;
2020-04-11;261;6066;
2020-04-12;329;6395;
2020-04-13;542;6937;
2020-04-14;468;7405;
2020-04-15;613;8018;
2020-04-16;496;8514;
2020-04-17;570;9084;
2020-04-18;331;9415;
2020-04-19;428;9843;
2020-04-20;482;10325;
2020-04-21;456;10781;
2020-04-22;529;11310;
2020-04-23;526;11836;
2020-04-24;492;12328;
2020-04-25;312;12640;
2020-04-26;282;12922;
2020-04-27;461;13383;
2020-04-28;471;13854;
2020-04-29;517;14371;
2020-04-30;588;14959;
2020-05-01;613;15572;
2020-05-02;526;16098;
2020-05-03;345;16443;
2020-05-04;419;16862;
2020-05-05;468;17330;
2020-05-06;569;17899;
2020-05-07;429;18328;
2020-05-08;427;18755;
2020-05-09;313;19068;
2020-05-10;299;19367;
2020-05-11;365;19732;
2020-05-12;426;20158;
2020-05-13;400;20558;
2020-05-14;353;20911;
2020-05-15;344;21255;
2020-05-16;271;21526;
2020-05-17;343;21869;
2020-05-18;331;22200;
2020-05-19;319;22519;
2020-05-20;406;22925;
2020-05-21;379;23304;
2020-05-22;257;23561;
2020-05-23;216;23777;
2020-05-24;216;23993;
2020-05-25;203;24196;
2020-05-26;240;24436;
2020-05-27;253;24689;
2020-05-28;193;24882;
2020-05-29;193;25075;
2020-05-30;205;25280;
2020-05-31;140;25420;
2020-06-01;155;25575;
2020-06-02;97;25672;
2020-06-03;114;25786;
2020-06-04;127;25913;
2020-06-05;109;26022;
2020-06-06;105;26127;
2020-06-07;75;26202;
2020-06-08;51;26253;
2020-06-09;79;26332;
2020-06-10;67;26399;
2020-06-11;66;26465;
2020-06-12;72;26537;
2020-06-13;66;26603;
2020-06-14;28;26631;
2020-06-15;56;26687;
2020-06-16;74;26761;
2020-06-17;53;26814;
2020-06-18;48;26862;
2020-06-19;64;26926;
2020-06-20;33;26959;
2020-06-21;27;26986;
2020-06-22;41;27027;
2020-06-23;40;27067;
2020-06-24;29;27096;
2020-06-25;45;27141;
2020-06-26;42;27183;
2020-06-27;30;27213;
2020-06-28;18;27231;
2020-06-29;16;27247;
2020-06-30;40;27287;
2020-07-01;24;27311;
2020-07-02;16;27327;
2020-07-03;17;27344;
2020-07-04;16;27360;
2020-07-05;7;27367;
2020-07-06;16;27383;
2020-07-07;21;27404;
2020-07-08;33;27437;
2020-07-09;52;27489;
2020-07-10;49;27538;
2020-07-11;22;27560;
2020-07-12;13;27573;
2020-07-13;75;27648;
2020-07-14;65;27713;
2020-07-15;69;27782;
2020-07-16;66;27848;
2020-07-17;100;27948;
2020-07-18;97;28045;
2020-07-19;55;28100;
2020-07-20;37;28137;
2020-07-21;62;28199;
2020-07-22;78;28277;
2020-07-23;94;28371;
2020-07-24;68;28439;
2020-07-25;34;28473;
2020-07-26;52;28525;
2020-07-27;34;28559;
2020-07-28;37;28596;
2020-07-29;69;28665;
2020-07-30;58;28723;
2020-07-31;57;28780;
2020-08-01;50;28830;
2020-08-02;31;28861;
2020-08-03;45;28906;
2020-08-04;65;28971;
2020-08-05;46;29017;
2020-08-06;21;29038;
2020-08-07;46;29084;
2020-08-08;35;29119;
2020-08-09;37;29156;
2020-08-10;34;29190;
2020-08-11;36;29226;
2020-08-12;35;29261;
2020-08-13;38;29299;
2020-08-14;30;29329;
2020-08-15;14;29343;
2020-08-16;12;29355;
2020-08-17;17;29372;
2020-08-18;17;29389;
2020-08-19;22;29411;
2020-08-20;34;29445;
2020-08-21;32;29477;
2020-08-22;20;29497;
2020-08-23;21;29518;
2020-08-24;8;29526;
2020-08-25;29;29555;
2020-08-26;41;29596;
2020-08-27;43;29639;
2020-08-28;25;29664;
2020-08-29;54;29718;
2020-08-30;14;29732;
2020-08-31;32;29764;
2020-09-01;36;29800;
2020-09-02;36;29836;
2020-09-03;72;29908;
2020-09-04;49;29957;
2020-09-05;63;30020;
2020-09-06;57;30077;
2020-09-07;50;30127;
2020-09-08;71;30198;
2020-09-09;70;30268;
2020-09-10;90;30358;
2020-09-11;109;30467;
2020-09-12;71;30538;
2020-09-13;98;30636;
2020-09-14;71;30707;
2020-09-15;94;30801;
2020-09-16;79;30880;
2020-09-17;71;30951;
2020-09-18;199;31150;
2020-09-19;141;31291;
2020-09-20;202;31493;
2020-09-21;140;31633;
2020-09-22;169;31802;
2020-09-23;254;32056;
2020-09-24;237;32293;
2020-09-25;287;32580;
2020-09-26;352;32932;
2020-09-27;274;33206;
2020-09-28;282;33488;
2020-09-29;355;33843;
2020-09-30;317;34160;
2020-10-01;312;34472;
2020-10-02;416;34888;
2020-10-03;365;35253;
2020-10-04;300;35553;
2020-10-05;279;35832;
2020-10-06;255;36087;
2020-10-07;303;36390;
2020-10-08;348;36738;
2020-10-09;286;37024;
2020-10-10;194;37218;
2020-10-11;327;37545;
2020-10-12;270;37815;
2020-10-13;202;38017;
2020-10-14;270;38287;
2020-10-15;254;38541;
2020-10-16;264;38805;
2020-10-17;273;39078;
2020-10-18;192;39270;
2020-10-19;244;39514;
2020-10-20;254;39768;
2020-10-21;288;40056;
2020-10-22;223;40279;
2020-10-23;247;40526;
2020-10-24;166;40692;
2020-10-25;220;40912;
2020-10-26;357;41269;
2020-10-27;244;41513;
2020-10-28;211;41724;
2020-10-29;219;41943;
2020-10-30;197;42140;
2020-10-31;238;42542;
2020-11-01;235;42778;
2020-11-02;195;42808;
2020-11-03;240;43048;
2020-11-04;245;43293;
2020-11-05;328;43621;
2020-11-06;265;43886;
2020-11-07;271;44157;
2020-11-08;277;44434;
2020-11-09;268;44702;
2020-11-10;320;45022;
2020-11-11;349;45371;
2020-11-12;286;45657;
2020-11-13;329;45986;
2020-11-14;306;46292;
2020-11-15;277;46569;
2020-11-16;306;46875;
2020-11-17;238;47113;
2020-11-18;229;47342;
2020-11-19;282;47624;
2020-11-20;254;47878;
2020-11-21;266;48144;
2020-11-22;301;48445;
2020-11-23;278;48723;
2020-11-24;243;48966;
2020-11-25;303;49269;
2020-11-26;348;49617;
2020-11-27;415;50032;
2020-11-28;445;50477;
2020-11-29;365;50842;
2020-11-30;338;51180;
2020-12-01;418;51598;
2020-12-02;457;52055;
2020-12-03;449;52504;
2020-12-04;498;53002;
2020-12-05;520;53522;
2020-12-06;484;54006;
2020-12-07;465;54471;
2020-12-08;529;55000;
2020-12-09;583;55583;
2020-12-10;548;56131;
2020-12-11;642;56773;
2020-12-12;733;57506;
2020-12-13;566;58072;
2020-12-14;677;58749;
2020-12-15;558;59307;
2020-12-16;698;60005;
2020-12-17;932;60937;
2020-12-18;812;61749;
2020-12-19;694;62443;
2020-12-20;650;63093;
2020-12-21;752;63845;
2020-12-22;761;64606;
2020-12-23;704;65310;
2020-12-24;876;66186;
2020-12-25;947;67133;
2020-12-26;753;67886;
2020-12-27;803;68689;
2020-12-28;843;69532;
2020-12-29;999;70531;
2020-12-30;934;71465;
2020-12-31;745;72210;
2021-01-01;1228;73438;
2021-01-02;927;74365;
2021-01-03;793;75158;
2021-01-04;770;75928;
2021-01-05;822;76750;
2021-01-06;1094;77844;
2021-01-07;1279;79123;
2021-01-08;1049;80172;
2021-01-09;822;80994;
2021-01-10;778;81772;
2021-01-11;564;82336;
2021-01-12;864;83200;
2021-01-13;732;83932;
2021-01-14;816;84748;
2021-01-15;714;85462;
2021-01-16;884;86346;
2021-01-17;584;86930;
2021-01-18;469;87399;
2021-01-19;635;88034;
2021-01-20;673;88707;
2021-01-21;764;89471;
2021-01-22;614;90085;
2021-01-23;564;90649;
2021-01-24;430;91079;
2021-01-25;505;91584;
2021-01-26;594;92178;
2021-01-27;454;92632;
2021-01-28;577;93209;
2021-01-29;498;93707;
2021-01-30;555;94262;
2021-01-31;390;94652;
2021-02-01;470;95122;
2021-02-02;559;95681;
2021-02-03;486;96167;
2021-02-04;524;96691;
2021-02-05;550;97241;
2021-02-06;512;97753;
2021-02-07;410;98163;
2021-02-08;334;98497;
2021-02-09;451;98948;
2021-02-10;552;99500;
2021-02-11;477;99977;
2021-02-12;482;100459;
2021-02-13;342;100801;
2021-02-14;352;101153;
2021-02-15;317;101470;
2021-02-16;414;101884;
2021-02-17;330;102214;
2021-02-18;376;102590;
2021-02-19;397;102987;
2021-02-20;390;103377;
2021-02-21;404;103781;
2021-02-22;258;104039;
2021-02-23;419;104458;
2021-02-24;410;104868;
2021-02-25;390;105258;
2021-02-26;398;105656;
2021-02-27;323;105979;
2021-02-28;249;106228;
2021-03-01;260;106488;
2021-03-02;390;106878;
2021-03-03;304;107182;
2021-03-04;376;107558;
2021-03-05;281;107839;
2021-03-06;398;108237;
2021-03-07;268;108505;
2021-03-08;260;108765;
2021-03-09;393;109158;
2021-03-10;315;109473;
2021-03-11;366;109839;
2021-03-12;390;110229;
2021-03-13;280;110509;
2021-03-14;271;110780;
2021-03-15;245;111025;
2021-03-16;341;111366;
2021-03-17;313;111679;
2021-03-18;353;112032;
2021-03-19;319;112351;
2021-03-20;266;112617;
2021-03-21;309;112926;
2021-03-22;229;113155;
2021-03-23;340;113495;
2021-03-24;370;113865;
2021-03-25;356;114221;
2021-03-26;360;114581;
2021-03-27;309;114890;
2021-03-28;261;115151;
2021-03-29;303;115454;
2021-03-30;375;115829;
2021-03-31;401;116230;
2021-04-01;360;116590;
2021-04-02;385;116975;
2021-04-03;356;117331;
2021-04-04;301;117632;
2021-04-05;295;117927;
2021-04-06;311;118238;
2021-04-07;405;118643;
2021-04-08;398;119041;
2021-04-09;513;119554;
2021-04-10;294;119848;
2021-04-11;228;120076;
;;;
;;;
;;;
;;;
;;;
;;;
;;;
;;;
;;;
;;;
;;;
;;;
;;;
;;;
;;;
;;;
;;;
;;;
;;;
;;;
;;;
;;;
;;;
;;;
;;;
;;;
;;;
;;;
;;;
;;;
;;;
;;;
;;;
;;;
;;;
;;;
;;;
;;;
;;;
;;;
;;;
;;;
;;;
;;;
;;;
;;;
;;;
;;;
;;;
;;;
;;;
;;;
;;;
;;;
;;;
;;;
;;;
;;;
;;;
;;;
;;;
;;;
;;;
;;;
;;;
;;;
;;;
;;;
;;;
;;;
;;;
;;;
;;;
;;;
;;;
;;;
;;;
;;;
;;;
;;;
;;;
;;;
;;;
;;;
;;;
;;;
;;;
;;;
;;;
;;;
;;;
;;;
;;;
;;;
;;;
;;;
;;;
;;;
;;;
;;;
;;;
;;;
;;;
;;;
;;;
;;;
;;;
;;;
;;;
;;;
;;;
;;;
;;;
;;;
;;;
