Date;Nouveaux cas;Cumulatif de cas;;
2020-02-25;1;1;;
2020-02-26;0;1;;
2020-02-27;0;1;;
2020-02-28;0;1;;
2020-02-29;0;1;;
2020-03-01;1;2;;
2020-03-02;2;4;;
2020-03-03;0;4;;
2020-03-04;0;4;;
2020-03-05;0;4;;
2020-03-06;0;4;;
2020-03-07;0;4;;
2020-03-08;1;5;;
2020-03-09;1;6;;
2020-03-10;2;8;;
2020-03-11;3;11;;
2020-03-12;3;14;;
2020-03-13;2;16;;
2020-03-14;5;21;;
2020-03-15;6;27;;
2020-03-16;5;32;;
2020-03-17;7;39;;
2020-03-18;6;45;;
2020-03-19;35;80;;
2020-03-20;49;129;;
2020-03-21;91;220;;
2020-03-22;89;309;;
2020-03-23;133;442;;
2020-03-24;145;587;;
2020-03-25;187;774;;
2020-03-26;180;954;;
2020-03-27;241;1195;;
2020-03-28;199;1394;;
2020-03-29;258;1652;;
2020-03-30;264;1916;;
2020-03-31;329;2245;;
2020-04-01;304;2549;;
2020-04-02;406;2955;;
2020-04-03;345;3300;;
2020-04-04;340;3640;;
2020-04-05;258;3898;;
2020-04-06;455;4353;;
2020-04-07;421;4774;;
2020-04-08;372;5146;;
2020-04-09;348;5494;;
2020-04-10;305;5799;;
2020-04-11;262;6061;;
2020-04-12;328;6389;;
2020-04-13;542;6931;;
2020-04-14;468;7399;;
2020-04-15;610;8009;;
2020-04-16;496;8505;;
2020-04-17;568;9073;;
2020-04-18;330;9403;;
2020-04-19;428;9831;;
2020-04-20;480;10311;;
2020-04-21;455;10766;;
2020-04-22;529;11295;;
2020-04-23;525;11820;;
2020-04-24;490;12310;;
2020-04-25;312;12622;;
2020-04-26;282;12904;;
2020-04-27;462;13366;;
2020-04-28;472;13838;;
2020-04-29;517;14355;;
2020-04-30;587;14942;;
2020-05-01;613;15555;;
2020-05-02;526;16081;;
2020-05-03;343;16424;;
2020-05-04;419;16843;;
2020-05-05;467;17310;;
2020-05-06;566;17876;;
2020-05-07;429;18305;;
2020-05-08;426;18731;;
2020-05-09;311;19042;;
2020-05-10;297;19339;;
2020-05-11;360;19699;;
2020-05-12;427;20126;;
2020-05-13;398;20524;;
2020-05-14;351;20875;;
2020-05-15;341;21216;;
2020-05-16;271;21487;;
2020-05-17;337;21824;;
2020-05-18;331;22155;;
2020-05-19;318;22473;;
2020-05-20;405;22878;;
2020-05-21;375;23253;;
2020-05-22;255;23508;;
2020-05-23;217;23725;;
2020-05-24;215;23940;;
2020-05-25;203;24143;;
2020-05-26;237;24380;;
2020-05-27;252;24632;;
2020-05-28;193;24825;;
2020-05-29;192;25017;;
2020-05-30;204;25221;;
2020-05-31;140;25361;;
2020-06-01;156;25517;;
2020-06-02;98;25615;;
2020-06-03;115;25730;;
2020-06-04;126;25856;;
2020-06-05;109;25965;;
2020-06-06;105;26070;;
2020-06-07;75;26145;;
2020-06-08;51;26196;;
2020-06-09;79;26275;;
2020-06-10;67;26342;;
2020-06-11;66;26408;;
2020-06-12;72;26480;;
2020-06-13;64;26544;;
2020-06-14;28;26572;;
2020-06-15;57;26629;;
2020-06-16;74;26703;;
2020-06-17;53;26756;;
2020-06-18;48;26804;;
2020-06-19;64;26868;;
2020-06-20;33;26901;;
2020-06-21;26;26927;;
2020-06-22;40;26967;;
2020-06-23;40;27007;;
2020-06-24;28;27035;;
2020-06-25;46;27081;;
2020-06-26;42;27123;;
2020-06-27;30;27153;;
2020-06-28;18;27171;;
2020-06-29;16;27187;;
2020-06-30;40;27227;;
2020-07-01;24;27251;;
2020-07-02;16;27267;;
2020-07-03;17;27284;;
2020-07-04;16;27300;;
2020-07-05;7;27307;;
2020-07-06;15;27322;;
2020-07-07;21;27343;;
2020-07-08;33;27376;;
2020-07-09;52;27428;;
2020-07-10;48;27476;;
2020-07-11;22;27498;;
2020-07-12;13;27511;;
2020-07-13;75;27586;;
2020-07-14;65;27651;;
2020-07-15;69;27720;;
2020-07-16;66;27786;;
2020-07-17;101;27887;;
2020-07-18;97;27984;;
2020-07-19;55;28039;;
2020-07-20;37;28076;;
2020-07-21;61;28137;;
2020-07-22;78;28215;;
2020-07-23;94;28309;;
2020-07-24;70;28379;;
2020-07-25;33;28412;;
2020-07-26;52;28464;;
2020-07-27;35;28499;;
2020-07-28;36;28535;;
2020-07-29;69;28604;;
2020-07-30;59;28663;;
2020-07-31;56;28719;;
2020-08-01;49;28768;;
2020-08-02;30;28798;;
2020-08-03;46;28844;;
2020-08-04;64;28908;;
2020-08-05;45;28953;;
2020-08-06;21;28974;;
2020-08-07;45;29019;;
2020-08-08;36;29055;;
2020-08-09;37;29092;;
2020-08-10;33;29125;;
2020-08-11;36;29161;;
2020-08-12;35;29196;;
2020-08-13;38;29234;;
2020-08-14;29;29263;;
2020-08-15;14;29277;;
2020-08-16;12;29289;;
2020-08-17;17;29306;;
2020-08-18;17;29323;;
2020-08-19;22;29345;;
2020-08-20;34;29379;;
2020-08-21;33;29412;;
2020-08-22;19;29431;;
2020-08-23;21;29452;;
2020-08-24;9;29461;;
2020-08-25;30;29491;;
2020-08-26;41;29532;;
2020-08-27;43;29575;;
2020-08-28;25;29600;;
2020-08-29;54;29654;;
2020-08-30;13;29667;;
2020-08-31;32;29699;;
2020-09-01;36;29735;;
2020-09-02;35;29770;;
2020-09-03;72;29842;;
2020-09-04;49;29891;;
2020-09-05;63;29954;;
2020-09-06;57;30011;;
2020-09-07;50;30061;;
2020-09-08;71;30132;;
2020-09-09;69;30201;;
2020-09-10;90;30291;;
2020-09-11;107;30398;;
2020-09-12;71;30469;;
2020-09-13;97;30566;;
2020-09-14;72;30638;;
2020-09-15;92;30730;;
2020-09-16;77;30807;;
2020-09-17;70;30877;;
2020-09-18;197;31074;;
2020-09-19;141;31215;;
2020-09-20;200;31415;;
2020-09-21;137;31552;;
2020-09-22;169;31721;;
2020-09-23;253;31974;;
2020-09-24;230;32204;;
2020-09-25;286;32490;;
2020-09-26;349;32839;;
2020-09-27;273;33112;;
2020-09-28;282;33394;;
2020-09-29;355;33749;;
2020-09-30;312;34061;;
2020-10-01;310;34371;;
2020-10-02;415;34786;;
2020-10-03;365;35151;;
2020-10-04;298;35449;;
2020-10-05;278;35727;;
2020-10-06;255;35982;;
2020-10-07;298;36280;;
2020-10-08;345;36625;;
2020-10-09;282;36907;;
2020-10-10;191;37098;;
2020-10-11;323;37421;;
2020-10-12;266;37687;;
2020-10-13;198;37885;;
2020-10-14;269;38154;;
2020-10-15;254;38408;;
2020-10-16;258;38666;;
2020-10-17;268;38934;;
2020-10-18;188;39122;;
2020-10-19;238;39360;;
2020-10-20;254;39614;;
2020-10-21;284;39898;;
2020-10-22;221;40119;;
2020-10-23;240;40359;;
2020-10-24;166;40525;;
2020-10-25;216;40741;;
2020-10-26;353;41094;;
2020-10-27;241;41335;;
2020-10-28;209;41544;;
2020-10-29;217;41761;;
2020-10-30;194;41955;;
2020-10-31;236;42542;;
2020-11-01;234;42778;;
2020-11-02;191;42616;;
2020-11-03;236;42852;;
2020-11-04;241;43093;;
2020-11-05;321;43414;;
2020-11-06;261;43675;;
2020-11-07;270;43945;;
2020-11-08;272;44217;;
2020-11-09;266;44483;;
2020-11-10;317;44800;;
2020-11-11;344;45144;;
2020-11-12;281;45425;;
2020-11-13;325;45750;;
2020-11-14;302;46052;;
2020-11-15;274;46326;;
2020-11-16;307;46633;;
2020-11-17;238;46871;;
2020-11-18;231;47102;;
2020-11-19;280;47382;;
2020-11-20;248;47630;;
2020-11-21;260;47890;;
2020-11-22;295;48185;;
2020-11-23;276;48461;;
2020-11-24;238;48699;;
2020-11-25;297;48996;;
2020-11-26;344;49340;;
2020-11-27;415;49755;;
2020-11-28;444;50199;;
2020-11-29;361;50560;;
2020-11-30;335;50895;;
2020-12-01;413;51308;;
2020-12-02;454;51762;;
2020-12-03;445;52207;;
2020-12-04;495;52702;;
2020-12-05;513;53215;;
2020-12-06;479;53694;;
2020-12-07;460;54154;;
2020-12-08;523;54677;;
2020-12-09;576;55253;;
2020-12-10;543;55796;;
2020-12-11;634;56430;;
2020-12-12;718;57148;;
2020-12-13;561;57709;;
2020-12-14;669;58378;;
2020-12-15;552;58930;;
2020-12-16;692;59622;;
2020-12-17;925;60547;;
2020-12-18;802;61349;;
2020-12-19;687;62036;;
2020-12-20;645;62681;;
2020-12-21;748;63429;;
2020-12-22;751;64180;;
2020-12-23;694;64874;;
2020-12-24;870;65744;;
2020-12-25;933;66677;;
2020-12-26;743;67420;;
2020-12-27;797;68217;;
2020-12-28;836;69053;;
2020-12-29;996;70049;;
2020-12-30;921;70970;;
2020-12-31;737;71707;;
2021-01-01;1208;72915;;
2021-01-02;922;73837;;
2021-01-03;784;74621;;
2021-01-04;764;75385;;
2021-01-05;814;76199;;
2021-01-06;1083;77282;;
2021-01-07;1271;78553;;
2021-01-08;1032;79585;;
2021-01-09;814;80399;;
2021-01-10;777;81176;;
2021-01-11;558;81734;;
2021-01-12;850;82584;;
2021-01-13;726;83310;;
2021-01-14;811;84121;;
2021-01-15;709;84830;;
2021-01-16;874;85704;;
2021-01-17;577;86281;;
2021-01-18;461;86742;;
2021-01-19;627;87369;;
2021-01-20;665;88034;;
2021-01-21;759;88793;;
2021-01-22;603;89396;;
2021-01-23;556;89952;;
2021-01-24;423;90375;;
2021-01-25;497;90872;;
2021-01-26;586;91458;;
2021-01-27;452;91910;;
2021-01-28;565;92475;;
2021-01-29;491;92966;;
2021-01-30;545;93511;;
2021-01-31;385;93896;;
2021-02-01;466;94362;;
2021-02-02;552;94914;;
2021-02-03;480;95394;;
2021-02-04;520;95914;;
2021-02-05;547;96461;;
2021-02-06;506;96967;;
2021-02-07;402;97369;;
2021-02-08;329;97698;;
2021-02-09;443;98141;;
2021-02-10;549;98690;;
2021-02-11;472;99162;;
2021-02-12;473;99635;;
2021-02-13;338;99973;;
2021-02-14;349;100322;;
2021-02-15;318;100640;;
2021-02-16;407;101047;;
2021-02-17;326;101373;;
2021-02-18;371;101744;;
2021-02-19;393;102137;;
2021-02-20;380;102517;;
2021-02-21;399;102916;;
2021-02-22;258;103174;;
2021-02-23;418;103592;;
2021-02-24;406;103998;;
2021-02-25;381;104379;;
2021-02-26;394;104773;;
2021-02-27;317;105090;;
2021-02-28;247;105337;;
2021-03-01;255;105592;;
2021-03-02;387;105979;;
2021-03-03;300;106279;;
2021-03-04;375;106654;;
2021-03-05;279;106933;;
2021-03-06;400;107333;;
2021-03-07;266;107599;;
2021-03-08;260;107859;;
2021-03-09;388;108247;;
2021-03-10;314;108561;;
2021-03-11;362;108923;;
2021-03-12;387;109310;;
2021-03-13;277;109587;;
2021-03-14;266;109853;;
2021-03-15;245;110098;;
2021-03-16;336;110434;;
2021-03-17;314;110748;;
2021-03-18;351;111099;;
2021-03-19;316;111415;;
2021-03-20;266;111681;;
2021-03-21;306;111987;;
2021-03-22;228;112215;;
2021-03-23;333;112548;;
2021-03-24;368;112916;;
2021-03-25;353;113269;;
2021-03-26;360;113629;;
2021-03-27;308;113937;;
2021-03-28;257;114194;;
2021-03-29;304;114498;;
2021-03-30;375;114873;;
2021-03-31;396;115269;;
2021-04-01;356;115625;;
2021-04-02;385;116010;;
2021-04-03;351;116361;;
2021-04-04;296;116657;;
2021-04-05;292;116949;;
2021-04-06;307;117256;;
2021-04-07;403;117659;;
2021-04-08;395;118054;;
2021-04-09;514;118568;;
2021-04-10;297;118865;;
2021-04-11;377;119242;;
2021-04-12;259;119501;;
2021-04-13;372;119873;;
2021-04-14;353;120226;;
2021-04-15;430;120656;;
2021-04-16;365;121021;;
2021-04-17;353;121374;;
2021-04-18;218;121592;;
2021-04-19;252;121844;;
2021-04-20;274;122118;;
2021-04-21;311;122429;;
2021-04-22;315;122744;;
2021-04-23;228;122972;;
2021-04-24;340;123312;;
2021-04-25;199;123511;;
2021-04-26;245;123756;;
2021-04-27;290;124046;;
2021-04-28;310;124356;;
2021-04-29;341;124697;;
2021-04-30;325;125022;;
2021-05-01;264;125286;;
2021-05-02;211;125497;;
2021-05-03;226;125723;;
2021-05-04;238;125961;;
2021-05-05;201;126162;;
2021-05-06;260;126422;;
2021-05-07;282;126704;;
2021-05-08;212;126916;;
2021-05-09;196;127112;;
2021-05-10;188;127300;;
2021-05-11;262;127562;;
2021-05-12;261;127823;;
2021-05-13;291;128114;;
2021-05-14;243;128357;;
2021-05-15;207;128564;;
2021-05-16;186;128750;;
2021-05-17;191;128941;;
2021-05-18;208;129149;;
2021-05-19;263;129412;;
2021-05-20;248;129660;;
2021-05-21;196;129856;;
2021-05-22;181;130037;;
2021-05-23;114;130151;;
2021-05-24;153;130304;;
2021-05-25;164;130468;;
2021-05-26;154;130622;;
2021-05-27;148;130770;;
2021-05-28;142;130912;;
2021-05-29;82;130994;;
2021-05-30;80;131074;;
2021-05-31;83;131157;;
2021-06-01;107;131264;;
2021-06-02;99;131363;;
2021-06-03;85;131448;;
2021-06-04;87;131535;;
2021-06-05;73;131608;;
2021-06-06;49;131657;;
2021-06-07;60;131717;;
2021-06-08;57;131774;;
2021-06-09;42;131816;;
2021-06-10;64;131880;;
2021-06-11;68;131948;;
2021-06-12;51;131999;;
2021-06-13;35;132034;;
2021-06-14;36;132070;;
2021-06-15;62;132132;;
2021-06-16;44;132176;;
2021-06-17;57;132233;;
2021-06-18;50;132283;;
2021-06-19;24;132307;;
2021-06-20;28;132335;;
2021-06-21;28;132363;;
2021-06-22;45;132408;;
2021-06-23;28;132436;;
2021-06-24;27;132463;;
2021-06-25;35;132498;;
2021-06-26;35;132533;;
2021-06-27;13;132546;;
2021-06-28;38;132584;;
2021-06-29;40;132624;;
2021-06-30;26;132650;;
2021-07-01;25;132675;;
2021-07-02;26;132701;;
2021-07-03;24;132725;;
2021-07-04;12;132737;;
2021-07-05;22;132759;;
2021-07-06;30;132789;;
2021-07-07;29;132818;;
2021-07-08;33;132851;;
2021-07-09;25;132876;;
2021-07-10;18;132894;;
2021-07-11;22;132916;;
2021-07-12;27;132943;;
2021-07-13;31;132974;;
2021-07-14;32;133006;;
2021-07-15;40;133046;;
2021-07-16;30;133076;;
2021-07-17;32;133108;;
2021-07-18;35;133143;;
2021-07-19;28;133171;;
2021-07-20;54;133225;;
2021-07-21;53;133278;;
2021-07-22;49;133327;;
2021-07-23;46;133373;;
2021-07-24;33;133406;;
2021-07-25;35;133441;;
2021-07-26;39;133480;;
2021-07-27;52;133532;;
2021-07-28;48;133580;;
2021-07-29;16;133596;;
2021-07-30;106;133702;;
2021-07-31;52;133754;;
2021-08-01;43;133797;;
2021-08-02;54;133851;;
2021-08-03;52;133903;;
2021-08-04;94;133997;;
2021-08-05;103;134100;;
2021-08-06;93;134193;;
2021-08-07;86;134279;;
2021-08-08;69;134348;;
2021-08-09;86;134434;;
2021-08-10;103;134537;;
2021-08-11;152;134689;;
2021-08-12;143;134832;;
2021-08-13;158;134990;;
2021-08-14;143;135133;;
2021-08-15;135;135268;;
2021-08-16;139;135407;;
2021-08-17;148;135555;;
2021-08-18;201;135756;;
2021-08-19;178;135934;;
2021-08-20;208;136142;;
2021-08-21;158;136300;;
2021-08-22;129;136429;;
2021-08-23;160;136589;;
2021-08-24;218;136807;;
2021-08-25;226;137033;;
2021-08-26;246;137279;;
2021-08-27;200;137479;;
2021-08-28;154;137633;;
2021-08-29;134;137767;;
2021-08-30;181;137948;;
2021-08-31;246;138194;;
2021-09-01;275;138469;;
2021-09-02;242;138711;;
2021-09-03;250;138961;;
2021-09-04;204;139165;;
2021-09-05;193;139358;;
2021-09-06;182;139540;;
2021-09-07;203;139743;;
2021-09-08;239;139982;;
2021-09-09;317;140299;;
2021-09-10;286;140585;;
2021-09-11;237;140822;;
2021-09-12;204;141026;;
2021-09-13;236;141262;;
2021-09-14;249;141511;;
2021-09-15;319;141830;;
2021-09-16;284;142114;;
2021-09-17;266;142380;;
2021-09-18;261;142641;;
2021-09-19;214;142855;;
2021-09-20;207;143062;;
2021-09-21;229;143291;;
2021-09-22;252;143543;;
2021-09-23;211;143754;;
2021-09-24;270;144024;;
2021-09-25;211;144235;;
2021-09-26;136;144371;;
2021-09-27;140;144511;;
2021-09-28;190;144701;;
2021-09-29;236;144937;;
2021-09-30;190;145127;;
2021-10-01;148;145275;;
2021-10-02;120;145395;;
2021-10-03;129;145524;;
2021-10-04;120;145644;;
2021-10-05;56;145700;;
;;;;
;;;;
;;;;
;;;;
;;;;
;;;;
;;;;
;;;;
;;;;
;;;;
;;;;
;;;;
;;;;
;;;;
;;;;
;;;;
;;;;
;;;;
;;;;
;;;;
;;;;
;;;;
;;;;
;;;;
;;;;
;;;;
;;;;
;;;;
;;;;
;;;;
;;;;
;;;;
;;;;
;;;;
;;;;
;;;;
;;;;
;;;;
;;;;
;;;;
;;;;
;;;;
;;;;
;;;;
;;;;
;;;;
;;;;
;;;;
;;;;
;;;;
;;;;
;;;;
;;;;
;;;;
;;;;
;;;;
;;;;
;;;;
;;;;
;;;;
;;;;
;;;;
;;;;
;;;;
;;;;
;;;;
;;;;
;;;;
;;;;
;;;;
;;;;
;;;;
;;;;
;;;;
;;;;
;;;;
;;;;
;;;;
;;;;
;;;;
;;;;
;;;;
;;;;
;;;;
;;;;
;;;;
;;;;
;;;;
;;;;
;;;;
;;;;
;;;;
;;;;
;;;;
;;;;
;;;;
;;;;
;;;;
;;;;
;;;;
;;;;
;;;;
;;;;
;;;;
;;;;
;;;;
;;;;
;;;;
;;;;
;;;;
;;;;
;;;;
;;;;
;;;;
;;;;
;;;;
;;;;
;;;;
;;;;
;;;;
;;;;
;;;;
;;;;
;;;;
;;;;
;;;;
;;;;
;;;;
;;;;
;;;;
;;;;
;;;;
;;;;
;;;;
;;;;
;;;;
;;;;
;;;;
;;;;
;;;;
;;;;
;;;;
;;;;
;;;;
;;;;
;;;;
;;;;
;;;;
;;;;
;;;;
;;;;
;;;;
;;;;
;;;;
;;;;
;;;;
;;;;
;;;;
;;;;
;;;;
;;;;
;;;;
;;;;
;;;;
;;;;
;;;;
;;;;
;;;;
;;;;
;;;;
;;;;
;;;;
;;;;
;;;;
;;;;
;;;;
;;;;
;;;;
;;;;
;;;;
;;;;
;;;;
;;;;
;;;;
;;;;
;;;;
;;;;
;;;;
;;;;
;;;;
;;;;
;;;;
;;;;
;;;;
;;;;
;;;;
;;;;
;;;;
;;;;
;;;;
;;;;
;;;;
;;;;
;;;;
;;;;
;;;;
;;;;
;;;;
;;;;
;;;;
;;;;
;;;;
;;;;
;;;;
;;;;
;;;;
;;;;
;;;;
;;;;
;;;;
;;;;
;;;;
;;;;
;;;;
;;;;
;;;;
;;;;
;;;;
;;;;
;;;;
;;;;
;;;;
;;;;
;;;;
;;;;
;;;;
;;;;
;;;;
;;;;
;;;;
;;;;
;;;;
;;;;
;;;;
;;;;
;;;;
;;;;
;;;;
;;;;
;;;;
;;;;
;;;;
;;;;
;;;;
;;;;
;;;;
;;;;
;;;;
;;;;
;;;;
;;;;
;;;;
;;;;
;;;;
;;;;
;;;;
;;;;
;;;;
;;;;
;;;;
;;;;
;;;;
;;;;
;;;;
;;;;
;;;;
;;;;
;;;;
;;;;
;;;;
;;;;
;;;;
;;;;
;;;;
;;;;
;;;;
;;;;
;;;;
;;;;
;;;;
;;;;
;;;;
;;;;
;;;;
;;;;
;;;;
;;;;
;;;;
;;;;
;;;;
;;;;
;;;;
;;;;
;;;;
;;;;
;;;;
;;;;
;;;;
;;;;
;;;;
;;;;
;;;;
;;;;
;;;;
;;;;
;;;;
;;;;
;;;;
;;;;
;;;;
;;;;
;;;;
;;;;
;;;;
;;;;
;;;;
;;;;
;;;;
;;;;
;;;;
;;;;
;;;;
;;;;
;;;;
;;;;
;;;;
;;;;
;;;;
;;;;
;;;;
;;;;
;;;;
;;;;
;;;;
;;;;
;;;;
;;;;
;;;;
;;;;
;;;;
;;;;
;;;;
;;;;
;;;;
;;;;
;;;;
;;;;
;;;;
;;;;
;;;;
;;;;
;;;;
;;;;
;;;;
;;;;
;;;;
;;;;
;;;;
;;;;
;;;;
;;;;
;;;;
;;;;
;;;;
;;;;
;;;;
;;;;
;;;;
;;;;
;;;;
;;;;
;;;;
;;;;
;;;;
;;;;
;;;;
;;;;
;;;;
;;;;
;;;;
;;;;
;;;;
;;;;
;;;;
;;;;
;;;;
;;;;
;;;;
;;;;
;;;;
;;;;
;;;;
;;;;
;;;;
;;;;
;;;;
;;;;
;;;;
;;;;
;;;;
;;;;
;;;;
;;;;
;;;;
;;;;
;;;;
;;;;
;;;;
;;;;
;;;;
;;;;
;;;;
;;;;
;;;;
;;;;
;;;;
;;;;
;;;;
;;;;
;;;;
;;;;
;;;;
;;;;
;;;;
;;;;
;;;;
;;;;
;;;;
;;;;
;;;;
;;;;
;;;;
;;;;
;;;;
;;;;
;;;;
;;;;
;;;;
;;;;
;;;;
;;;;
;;;;
;;;;
;;;;
;;;;
;;;;
;;;;
;;;;
;;;;
