Date;Nouveaux cas;Cumulatif;
2020-02-25;1;1;
2020-02-26;0;1;
2020-02-27;0;1;
2020-02-28;0;1;
2020-02-29;0;1;
2020-03-01;1;2;
2020-03-02;2;4;
2020-03-03;0;4;
2020-03-04;0;4;
2020-03-05;0;4;
2020-03-06;0;4;
2020-03-07;0;4;
2020-03-08;1;5;
2020-03-09;1;6;
2020-03-10;2;8;
2020-03-11;3;11;
2020-03-12;3;14;
2020-03-13;2;16;
2020-03-14;5;21;
2020-03-15;6;27;
2020-03-16;5;32;
2020-03-17;7;39;
2020-03-18;6;45;
2020-03-19;36;81;
2020-03-20;49;130;
2020-03-21;92;222;
2020-03-22;88;310;
2020-03-23;133;443;
2020-03-24;146;589;
2020-03-25;188;777;
2020-03-26;184;961;
2020-03-27;244;1205;
2020-03-28;201;1406;
2020-03-29;262;1668;
2020-03-30;266;1934;
2020-03-31;332;2266;
2020-04-01;305;2571;
2020-04-02;412;2983;
2020-04-03;351;3334;
2020-04-04;341;3675;
2020-04-05;261;3936;
2020-04-06;458;4394;
2020-04-07;423;4817;
2020-04-08;377;5194;
2020-04-09;353;5547;
2020-04-10;307;5854;
2020-04-11;262;6116;
2020-04-12;331;6447;
2020-04-13;544;6991;
2020-04-14;470;7461;
2020-04-15;619;8080;
2020-04-16;497;8577;
2020-04-17;573;9150;
2020-04-18;330;9480;
2020-04-19;434;9914;
2020-04-20;484;10398;
2020-04-21;462;10860;
2020-04-22;538;11398;
2020-04-23;527;11925;
2020-04-24;498;12423;
2020-04-25;312;12735;
2020-04-26;283;13018;
2020-04-27;462;13480;
2020-04-28;475;13955;
2020-04-29;519;14474;
2020-04-30;593;15067;
2020-05-01;619;15686;
2020-05-02;523;16209;
2020-05-03;347;16556;
2020-05-04;418;16974;
2020-05-05;471;17445;
2020-05-06;568;18013;
2020-05-07;428;18441;
2020-05-08;432;18873;
2020-05-09;313;19186;
2020-05-10;302;19488;
2020-05-11;368;19856;
2020-05-12;425;20281;
2020-05-13;393;20674;
2020-05-14;354;21028;
2020-05-15;349;21377;
2020-05-16;271;21648;
2020-05-17;342;21990;
2020-05-18;330;22320;
2020-05-19;317;22637;
2020-05-20;407;23044;
2020-05-21;378;23422;
2020-05-22;252;23674;
2020-05-23;215;23889;
2020-05-24;211;24100;
2020-05-25;202;24302;
2020-05-26;237;24539;
2020-05-27;249;24788;
2020-05-28;184;24972;
2020-05-29;193;25165;
2020-05-30;207;25372;
2020-05-31;134;25506;
2020-06-01;155;25661;
2020-06-02;95;25756;
2020-06-03;113;25869;
2020-06-04;121;25990;
2020-06-05;108;26098;
2020-06-06;103;26201;
2020-06-07;73;26274;
2020-06-08;50;26324;
2020-06-09;76;26400;
2020-06-10;68;26468;
2020-06-11;64;26532;
2020-06-12;73;26605;
2020-06-13;67;26672;
2020-06-14;27;26699;
2020-06-15;55;26754;
2020-06-16;72;26826;
2020-06-17;50;26876;
2020-06-18;54;26930;
2020-06-19;64;26994;
2020-06-20;34;27028;
2020-06-21;26;27054;
2020-06-22;37;27091;
2020-06-23;39;27130;
2020-06-24;29;27159;
2020-06-25;47;27206;
2020-06-26;40;27246;
2020-06-27;28;27274;
2020-06-28;18;27292;
2020-06-29;17;27309;
2020-06-30;39;27348;
2020-07-01;26;27374;
2020-07-02;16;27390;
2020-07-03;17;27407;
2020-07-04;15;27422;
2020-07-05;6;27428;
2020-07-06;15;27443;
2020-07-07;22;27465;
2020-07-08;32;27497;
;;;
;;;
;;;
;;;
;;;
;;;
;;;
;;;
;;;
;;;
;;;
;;;
;;;
;;;
;;;
;;;
;;;
;;;
;;;
;;;
;;;
;;;
;;;
