Date;Nouveaux cas;Cumulatif de cas;
2020-02-25;1;1;
2020-02-26;0;1;
2020-02-27;0;1;
2020-02-28;0;1;
2020-02-29;0;1;
2020-03-01;1;2;
2020-03-02;2;4;
2020-03-03;0;4;
2020-03-04;0;4;
2020-03-05;0;4;
2020-03-06;0;4;
2020-03-07;0;4;
2020-03-08;1;5;
2020-03-09;1;6;
2020-03-10;2;8;
2020-03-11;3;11;
2020-03-12;3;14;
2020-03-13;2;16;
2020-03-14;5;21;
2020-03-15;6;27;
2020-03-16;5;32;
2020-03-17;7;39;
2020-03-18;6;45;
2020-03-19;36;81;
2020-03-20;49;130;
2020-03-21;91;221;
2020-03-22;88;309;
2020-03-23;132;441;
2020-03-24;145;586;
2020-03-25;185;771;
2020-03-26;180;951;
2020-03-27;240;1191;
2020-03-28;198;1389;
2020-03-29;258;1647;
2020-03-30;264;1911;
2020-03-31;330;2241;
2020-04-01;304;2545;
2020-04-02;408;2953;
2020-04-03;347;3300;
2020-04-04;340;3640;
2020-04-05;258;3898;
2020-04-06;457;4355;
2020-04-07;422;4777;
2020-04-08;373;5150;
2020-04-09;351;5501;
2020-04-10;305;5806;
2020-04-11;261;6067;
2020-04-12;329;6396;
2020-04-13;542;6938;
2020-04-14;468;7406;
2020-04-15;613;8019;
2020-04-16;496;8515;
2020-04-17;571;9086;
2020-04-18;331;9417;
2020-04-19;430;9847;
2020-04-20;483;10330;
2020-04-21;457;10787;
2020-04-22;531;11318;
2020-04-23;527;11845;
2020-04-24;493;12338;
2020-04-25;312;12650;
2020-04-26;282;12932;
2020-04-27;461;13393;
2020-04-28;471;13864;
2020-04-29;518;14382;
2020-04-30;588;14970;
2020-05-01;615;15585;
2020-05-02;526;16111;
2020-05-03;345;16456;
2020-05-04;419;16875;
2020-05-05;468;17343;
2020-05-06;569;17912;
2020-05-07;429;18341;
2020-05-08;429;18770;
2020-05-09;313;19083;
2020-05-10;299;19382;
2020-05-11;365;19747;
2020-05-12;426;20173;
2020-05-13;400;20573;
2020-05-14;353;20926;
2020-05-15;347;21273;
2020-05-16;271;21544;
2020-05-17;343;21887;
2020-05-18;331;22218;
2020-05-19;319;22537;
2020-05-20;407;22944;
2020-05-21;380;23324;
2020-05-22;257;23581;
2020-05-23;216;23797;
2020-05-24;216;24013;
2020-05-25;204;24217;
2020-05-26;240;24457;
2020-05-27;253;24710;
2020-05-28;193;24903;
2020-05-29;193;25096;
2020-05-30;205;25301;
2020-05-31;140;25441;
2020-06-01;155;25596;
2020-06-02;97;25693;
2020-06-03;114;25807;
2020-06-04;128;25935;
2020-06-05;109;26044;
2020-06-06;105;26149;
2020-06-07;76;26225;
2020-06-08;51;26276;
2020-06-09;79;26355;
2020-06-10;67;26422;
2020-06-11;66;26488;
2020-06-12;72;26560;
2020-06-13;66;26626;
2020-06-14;28;26654;
2020-06-15;56;26710;
2020-06-16;74;26784;
2020-06-17;53;26837;
2020-06-18;48;26885;
2020-06-19;64;26949;
2020-06-20;33;26982;
2020-06-21;27;27009;
2020-06-22;41;27050;
2020-06-23;40;27090;
2020-06-24;29;27119;
2020-06-25;45;27164;
2020-06-26;42;27206;
2020-06-27;30;27236;
2020-06-28;18;27254;
2020-06-29;16;27270;
2020-06-30;40;27310;
2020-07-01;24;27334;
2020-07-02;16;27350;
2020-07-03;17;27367;
2020-07-04;16;27383;
2020-07-05;7;27390;
2020-07-06;16;27406;
2020-07-07;21;27427;
2020-07-08;33;27460;
2020-07-09;52;27512;
2020-07-10;50;27562;
2020-07-11;21;27583;
2020-07-12;13;27596;
2020-07-13;75;27671;
2020-07-14;65;27736;
2020-07-15;69;27805;
2020-07-16;66;27871;
2020-07-17;100;27971;
2020-07-18;97;28068;
2020-07-19;55;28123;
2020-07-20;37;28160;
2020-07-21;63;28223;
2020-07-22;79;28302;
2020-07-23;93;28395;
2020-07-24;68;28463;
2020-07-25;34;28497;
2020-07-26;52;28549;
2020-07-27;34;28583;
2020-07-28;37;28620;
2020-07-29;70;28690;
2020-07-30;59;28749;
2020-07-31;57;28806;
2020-08-01;50;28856;
2020-08-02;31;28887;
2020-08-03;45;28932;
2020-08-04;65;28997;
2020-08-05;46;29043;
2020-08-06;21;29064;
2020-08-07;46;29110;
2020-08-08;35;29145;
2020-08-09;37;29182;
2020-08-10;34;29216;
2020-08-11;36;29252;
2020-08-12;35;29287;
2020-08-13;38;29325;
2020-08-14;30;29355;
2020-08-15;14;29369;
2020-08-16;12;29381;
2020-08-17;17;29398;
2020-08-18;17;29415;
2020-08-19;22;29437;
2020-08-20;36;29473;
2020-08-21;32;29505;
2020-08-22;20;29525;
2020-08-23;21;29546;
2020-08-24;8;29554;
2020-08-25;29;29583;
2020-08-26;41;29624;
2020-08-27;43;29667;
2020-08-28;25;29692;
2020-08-29;54;29746;
2020-08-30;14;29760;
2020-08-31;32;29792;
2020-09-01;36;29828;
2020-09-02;36;29864;
2020-09-03;72;29936;
2020-09-04;49;29985;
2020-09-05;63;30048;
2020-09-06;57;30105;
2020-09-07;50;30155;
2020-09-08;71;30226;
2020-09-09;70;30296;
2020-09-10;90;30386;
2020-09-11;109;30495;
2020-09-12;71;30566;
2020-09-13;98;30664;
2020-09-14;71;30735;
2020-09-15;94;30829;
2020-09-16;80;30909;
2020-09-17;71;30980;
2020-09-18;200;31180;
2020-09-19;141;31321;
2020-09-20;203;31524;
2020-09-21;140;31664;
2020-09-22;169;31833;
2020-09-23;254;32087;
2020-09-24;237;32324;
2020-09-25;287;32611;
2020-09-26;352;32963;
2020-09-27;274;33237;
2020-09-28;283;33520;
2020-09-29;357;33877;
2020-09-30;317;34194;
2020-10-01;313;34507;
2020-10-02;417;34924;
2020-10-03;369;35293;
2020-10-04;301;35594;
2020-10-05;279;35873;
2020-10-06;256;36129;
2020-10-07;305;36434;
2020-10-08;348;36782;
2020-10-09;287;37069;
2020-10-10;194;37263;
2020-10-11;327;37590;
2020-10-12;272;37862;
2020-10-13;204;38066;
2020-10-14;270;38336;
2020-10-15;255;38591;
2020-10-16;264;38855;
2020-10-17;274;39129;
2020-10-18;192;39321;
2020-10-19;244;39565;
2020-10-20;254;39819;
2020-10-21;288;40107;
2020-10-22;223;40330;
2020-10-23;247;40577;
2020-10-24;166;40743;
2020-10-25;220;40963;
2020-10-26;358;41321;
2020-10-27;244;41565;
2020-10-28;211;41776;
2020-10-29;219;41995;
2020-10-30;197;42192;
2020-10-31;239;42542;
2020-11-01;236;42778;
2020-11-02;198;42865;
2020-11-03;240;43105;
2020-11-04;245;43350;
2020-11-05;328;43678;
2020-11-06;265;43943;
2020-11-07;273;44216;
2020-11-08;277;44493;
2020-11-09;270;44763;
2020-11-10;322;45085;
2020-11-11;349;45434;
2020-11-12;286;45720;
2020-11-13;331;46051;
2020-11-14;308;46359;
2020-11-15;278;46637;
2020-11-16;308;46945;
2020-11-17;238;47183;
2020-11-18;229;47412;
2020-11-19;283;47695;
2020-11-20;255;47950;
2020-11-21;267;48217;
2020-11-22;303;48520;
2020-11-23;278;48798;
2020-11-24;244;49042;
2020-11-25;303;49345;
2020-11-26;348;49693;
2020-11-27;416;50109;
2020-11-28;445;50554;
2020-11-29;365;50919;
2020-11-30;338;51257;
2020-12-01;418;51675;
2020-12-02;459;52134;
2020-12-03;452;52586;
2020-12-04;500;53086;
2020-12-05;522;53608;
2020-12-06;485;54093;
2020-12-07;464;54557;
2020-12-08;532;55089;
2020-12-09;588;55677;
2020-12-10;549;56226;
2020-12-11;649;56875;
2020-12-12;737;57612;
2020-12-13;568;58180;
2020-12-14;678;58858;
2020-12-15;560;59418;
2020-12-16;702;60120;
2020-12-17;935;61055;
2020-12-18;815;61870;
2020-12-19;697;62567;
2020-12-20;650;63217;
2020-12-21;753;63970;
2020-12-22;764;64734;
2020-12-23;704;65438;
2020-12-24;880;66318;
2020-12-25;949;67267;
2020-12-26;755;68022;
2020-12-27;804;68826;
2020-12-28;846;69672;
2020-12-29;1000;70672;
2020-12-30;936;71608;
2020-12-31;748;72356;
2021-01-01;1232;73588;
2021-01-02;928;74516;
2021-01-03;793;75309;
2021-01-04;771;76080;
2021-01-05;822;76902;
2021-01-06;1097;77999;
2021-01-07;1280;79279;
2021-01-08;1049;80328;
2021-01-09;824;81152;
2021-01-10;779;81931;
2021-01-11;564;82495;
2021-01-12;865;83360;
2021-01-13;733;84093;
2021-01-14;817;84910;
2021-01-15;716;85626;
2021-01-16;885;86511;
2021-01-17;584;87095;
2021-01-18;471;87566;
2021-01-19;638;88204;
2021-01-20;673;88877;
2021-01-21;766;89643;
2021-01-22;614;90257;
2021-01-23;566;90823;
2021-01-24;430;91253;
2021-01-25;506;91759;
2021-01-26;594;92353;
2021-01-27;455;92808;
2021-01-28;577;93385;
2021-01-29;498;93883;
2021-01-30;555;94438;
2021-01-31;390;94828;
2021-02-01;470;95298;
2021-02-02;560;95858;
2021-02-03;487;96345;
2021-02-04;525;96870;
2021-02-05;550;97420;
2021-02-06;514;97934;
2021-02-07;410;98344;
2021-02-08;335;98679;
2021-02-09;451;99130;
2021-02-10;552;99682;
2021-02-11;477;100159;
2021-02-12;485;100644;
2021-02-13;342;100986;
2021-02-14;353;101339;
2021-02-15;317;101656;
2021-02-16;414;102070;
2021-02-17;331;102401;
2021-02-18;377;102778;
2021-02-19;396;103174;
2021-02-20;392;103566;
2021-02-21;406;103972;
2021-02-22;258;104230;
2021-02-23;419;104649;
2021-02-24;410;105059;
2021-02-25;390;105449;
2021-02-26;399;105848;
2021-02-27;324;106172;
2021-02-28;249;106421;
2021-03-01;260;106681;
2021-03-02;391;107072;
2021-03-03;305;107377;
2021-03-04;372;107749;
2021-03-05;282;108031;
2021-03-06;398;108429;
2021-03-07;269;108698;
2021-03-08;260;108958;
2021-03-09;393;109351;
2021-03-10;315;109666;
2021-03-11;366;110032;
2021-03-12;391;110423;
2021-03-13;279;110702;
2021-03-14;269;110971;
2021-03-15;245;111216;
2021-03-16;341;111557;
2021-03-17;313;111870;
2021-03-18;356;112226;
2021-03-19;319;112545;
2021-03-20;266;112811;
2021-03-21;310;113121;
2021-03-22;226;113347;
2021-03-23;227;113574;
;;;
;;;
;;;
;;;
;;;
;;;
;;;
;;;
;;;
;;;
;;;
;;;
;;;
;;;
;;;
;;;
;;;
;;;
;;;
;;;
;;;
;;;
;;;
;;;
;;;
;;;
;;;
;;;
;;;
;;;
;;;
;;;
;;;
;;;
;;;
;;;
;;;
;;;
;;;
;;;
;;;
;;;
;;;
;;;
;;;
;;;
;;;
;;;
;;;
;;;
;;;
;;;
;;;
;;;
;;;
;;;
;;;
;;;
;;;
;;;
;;;
;;;
;;;
;;;
;;;
;;;
;;;
;;;
;;;
;;;
;;;
;;;
;;;
;;;
;;;
;;;
;;;
;;;
;;;
;;;
;;;
;;;
;;;
;;;
;;;
;;;
;;;
;;;
;;;
;;;
;;;
;;;
;;;
;;;
;;;
;;;
;;;
;;;
;;;
;;;
;;;
;;;
;;;
;;;
;;;
;;;
;;;
;;;
;;;
;;;
;;;
;;;
;;;
;;;
;;;
;;;
;;;
;;;
;;;
;;;
;;;
;;;
;;;
;;;
;;;
;;;
;;;
;;;
;;;
;;;
;;;
;;;
;;;
;;;
