Date;Nouveaux cas;Cumulatif de cas;
2020-02-25;1;1;
2020-02-26;0;1;
2020-02-27;0;1;
2020-02-28;0;1;
2020-02-29;0;1;
2020-03-01;1;2;
2020-03-02;2;4;
2020-03-03;0;4;
2020-03-04;0;4;
2020-03-05;0;4;
2020-03-06;0;4;
2020-03-07;0;4;
2020-03-08;1;5;
2020-03-09;1;6;
2020-03-10;2;8;
2020-03-11;3;11;
2020-03-12;3;14;
2020-03-13;2;16;
2020-03-14;5;21;
2020-03-15;6;27;
2020-03-16;5;32;
2020-03-17;7;39;
2020-03-18;6;45;
2020-03-19;36;81;
2020-03-20;49;130;
2020-03-21;91;221;
2020-03-22;88;309;
2020-03-23;132;441;
2020-03-24;145;586;
2020-03-25;185;771;
2020-03-26;180;951;
2020-03-27;240;1191;
2020-03-28;198;1389;
2020-03-29;258;1647;
2020-03-30;264;1911;
2020-03-31;330;2241;
2020-04-01;303;2544;
2020-04-02;408;2952;
2020-04-03;347;3299;
2020-04-04;340;3639;
2020-04-05;258;3897;
2020-04-06;457;4354;
2020-04-07;422;4776;
2020-04-08;373;5149;
2020-04-09;351;5500;
2020-04-10;305;5805;
2020-04-11;261;6066;
2020-04-12;329;6395;
2020-04-13;542;6937;
2020-04-14;468;7405;
2020-04-15;613;8018;
2020-04-16;496;8514;
2020-04-17;570;9084;
2020-04-18;331;9415;
2020-04-19;428;9843;
2020-04-20;482;10325;
2020-04-21;456;10781;
2020-04-22;529;11310;
2020-04-23;526;11836;
2020-04-24;492;12328;
2020-04-25;312;12640;
2020-04-26;282;12922;
2020-04-27;461;13383;
2020-04-28;471;13854;
2020-04-29;517;14371;
2020-04-30;588;14959;
2020-05-01;613;15572;
2020-05-02;526;16098;
2020-05-03;345;16443;
2020-05-04;419;16862;
2020-05-05;468;17330;
2020-05-06;569;17899;
2020-05-07;429;18328;
2020-05-08;427;18755;
2020-05-09;313;19068;
2020-05-10;299;19367;
2020-05-11;364;19731;
2020-05-12;426;20157;
2020-05-13;400;20557;
2020-05-14;353;20910;
2020-05-15;344;21254;
2020-05-16;271;21525;
2020-05-17;343;21868;
2020-05-18;331;22199;
2020-05-19;319;22518;
2020-05-20;406;22924;
2020-05-21;379;23303;
2020-05-22;257;23560;
2020-05-23;216;23776;
2020-05-24;216;23992;
2020-05-25;203;24195;
2020-05-26;240;24435;
2020-05-27;253;24688;
2020-05-28;193;24881;
2020-05-29;193;25074;
2020-05-30;205;25279;
2020-05-31;140;25419;
2020-06-01;155;25574;
2020-06-02;97;25671;
2020-06-03;114;25785;
2020-06-04;127;25912;
2020-06-05;109;26021;
2020-06-06;105;26126;
2020-06-07;75;26201;
2020-06-08;51;26252;
2020-06-09;79;26331;
2020-06-10;67;26398;
2020-06-11;66;26464;
2020-06-12;72;26536;
2020-06-13;66;26602;
2020-06-14;28;26630;
2020-06-15;56;26686;
2020-06-16;74;26760;
2020-06-17;53;26813;
2020-06-18;48;26861;
2020-06-19;64;26925;
2020-06-20;33;26958;
2020-06-21;27;26985;
2020-06-22;41;27026;
2020-06-23;40;27066;
2020-06-24;29;27095;
2020-06-25;45;27140;
2020-06-26;42;27182;
2020-06-27;30;27212;
2020-06-28;18;27230;
2020-06-29;16;27246;
2020-06-30;40;27286;
2020-07-01;24;27310;
2020-07-02;16;27326;
2020-07-03;17;27343;
2020-07-04;16;27359;
2020-07-05;7;27366;
2020-07-06;16;27382;
2020-07-07;21;27403;
2020-07-08;33;27436;
2020-07-09;52;27488;
2020-07-10;49;27537;
2020-07-11;22;27559;
2020-07-12;13;27572;
2020-07-13;75;27647;
2020-07-14;65;27712;
2020-07-15;69;27781;
2020-07-16;66;27847;
2020-07-17;100;27947;
2020-07-18;97;28044;
2020-07-19;55;28099;
2020-07-20;37;28136;
2020-07-21;62;28198;
2020-07-22;78;28276;
2020-07-23;94;28370;
2020-07-24;68;28438;
2020-07-25;34;28472;
2020-07-26;52;28524;
2020-07-27;34;28558;
2020-07-28;37;28595;
2020-07-29;69;28664;
2020-07-30;58;28722;
2020-07-31;57;28779;
2020-08-01;50;28829;
2020-08-02;31;28860;
2020-08-03;45;28905;
2020-08-04;65;28970;
2020-08-05;46;29016;
2020-08-06;21;29037;
2020-08-07;46;29083;
2020-08-08;35;29118;
2020-08-09;37;29155;
2020-08-10;34;29189;
2020-08-11;36;29225;
2020-08-12;35;29260;
2020-08-13;38;29298;
2020-08-14;30;29328;
2020-08-15;14;29342;
2020-08-16;12;29354;
2020-08-17;17;29371;
2020-08-18;17;29388;
2020-08-19;22;29410;
2020-08-20;34;29444;
2020-08-21;32;29476;
2020-08-22;20;29496;
2020-08-23;21;29517;
2020-08-24;8;29525;
2020-08-25;29;29554;
2020-08-26;41;29595;
2020-08-27;43;29638;
2020-08-28;25;29663;
2020-08-29;54;29717;
2020-08-30;14;29731;
2020-08-31;32;29763;
2020-09-01;36;29799;
2020-09-02;36;29835;
2020-09-03;72;29907;
2020-09-04;49;29956;
2020-09-05;63;30019;
2020-09-06;57;30076;
2020-09-07;50;30126;
2020-09-08;71;30197;
2020-09-09;70;30267;
2020-09-10;90;30357;
2020-09-11;109;30466;
2020-09-12;71;30537;
2020-09-13;98;30635;
2020-09-14;71;30706;
2020-09-15;94;30800;
2020-09-16;79;30879;
2020-09-17;71;30950;
2020-09-18;199;31149;
2020-09-19;141;31290;
2020-09-20;202;31492;
2020-09-21;140;31632;
2020-09-22;169;31801;
2020-09-23;254;32055;
2020-09-24;237;32292;
2020-09-25;287;32579;
2020-09-26;352;32931;
2020-09-27;274;33205;
2020-09-28;282;33487;
2020-09-29;355;33842;
2020-09-30;317;34159;
2020-10-01;312;34471;
2020-10-02;416;34887;
2020-10-03;365;35252;
2020-10-04;300;35552;
2020-10-05;279;35831;
2020-10-06;255;36086;
2020-10-07;303;36389;
2020-10-08;348;36737;
2020-10-09;286;37023;
2020-10-10;194;37217;
2020-10-11;327;37544;
2020-10-12;270;37814;
2020-10-13;202;38016;
2020-10-14;270;38286;
2020-10-15;254;38540;
2020-10-16;264;38804;
2020-10-17;273;39077;
2020-10-18;191;39268;
2020-10-19;244;39512;
2020-10-20;254;39766;
2020-10-21;288;40054;
2020-10-22;223;40277;
2020-10-23;246;40523;
2020-10-24;166;40689;
2020-10-25;220;40909;
2020-10-26;357;41266;
2020-10-27;244;41510;
2020-10-28;211;41721;
2020-10-29;219;41940;
2020-10-30;197;42137;
2020-10-31;238;42542;
2020-11-01;235;42778;
2020-11-02;195;42805;
2020-11-03;240;43045;
2020-11-04;244;43289;
2020-11-05;328;43617;
2020-11-06;265;43882;
2020-11-07;271;44153;
2020-11-08;277;44430;
2020-11-09;268;44698;
2020-11-10;320;45018;
2020-11-11;349;45367;
2020-11-12;286;45653;
2020-11-13;329;45982;
2020-11-14;306;46288;
2020-11-15;277;46565;
2020-11-16;306;46871;
2020-11-17;238;47109;
2020-11-18;229;47338;
2020-11-19;282;47620;
2020-11-20;254;47874;
2020-11-21;266;48140;
2020-11-22;301;48441;
2020-11-23;278;48719;
2020-11-24;243;48962;
2020-11-25;303;49265;
2020-11-26;348;49613;
2020-11-27;414;50027;
2020-11-28;445;50472;
2020-11-29;365;50837;
2020-11-30;338;51175;
2020-12-01;418;51593;
2020-12-02;457;52050;
2020-12-03;449;52499;
2020-12-04;498;52997;
2020-12-05;520;53517;
2020-12-06;484;54001;
2020-12-07;464;54465;
2020-12-08;529;54994;
2020-12-09;583;55577;
2020-12-10;548;56125;
2020-12-11;642;56767;
2020-12-12;733;57500;
2020-12-13;566;58066;
2020-12-14;677;58743;
2020-12-15;558;59301;
2020-12-16;698;59999;
2020-12-17;932;60931;
2020-12-18;811;61742;
2020-12-19;694;62436;
2020-12-20;650;63086;
2020-12-21;752;63838;
2020-12-22;761;64599;
2020-12-23;704;65303;
2020-12-24;876;66179;
2020-12-25;946;67125;
2020-12-26;753;67878;
2020-12-27;803;68681;
2020-12-28;843;69524;
2020-12-29;999;70523;
2020-12-30;934;71457;
2020-12-31;745;72202;
2021-01-01;1227;73429;
2021-01-02;927;74356;
2021-01-03;793;75149;
2021-01-04;770;75919;
2021-01-05;822;76741;
2021-01-06;1094;77835;
2021-01-07;1279;79114;
2021-01-08;1048;80162;
2021-01-09;822;80984;
2021-01-10;778;81762;
2021-01-11;564;82326;
2021-01-12;864;83190;
2021-01-13;732;83922;
2021-01-14;816;84738;
2021-01-15;714;85452;
2021-01-16;884;86336;
2021-01-17;584;86920;
2021-01-18;469;87389;
2021-01-19;635;88024;
2021-01-20;671;88695;
2021-01-21;764;89459;
2021-01-22;614;90073;
2021-01-23;564;90637;
2021-01-24;430;91067;
2021-01-25;504;91571;
2021-01-26;594;92165;
2021-01-27;454;92619;
2021-01-28;577;93196;
2021-01-29;498;93694;
2021-01-30;556;94250;
2021-01-31;390;94640;
2021-02-01;470;95110;
2021-02-02;559;95669;
2021-02-03;486;96155;
2021-02-04;524;96679;
2021-02-05;550;97229;
2021-02-06;512;97741;
2021-02-07;410;98151;
2021-02-08;334;98485;
2021-02-09;452;98937;
2021-02-10;552;99489;
2021-02-11;477;99966;
2021-02-12;482;100448;
2021-02-13;342;100790;
2021-02-14;352;101142;
2021-02-15;317;101459;
2021-02-16;414;101873;
2021-02-17;330;102203;
2021-02-18;376;102579;
2021-02-19;397;102976;
2021-02-20;389;103365;
2021-02-21;402;103767;
2021-02-22;258;104025;
2021-02-23;419;104444;
2021-02-24;410;104854;
2021-02-25;390;105244;
2021-02-26;398;105642;
2021-02-27;322;105964;
2021-02-28;249;106213;
2021-03-01;260;106473;
2021-03-02;391;106864;
2021-03-03;304;107168;
2021-03-04;376;107544;
2021-03-05;281;107825;
2021-03-06;398;108223;
2021-03-07;268;108491;
2021-03-08;260;108751;
2021-03-09;393;109144;
2021-03-10;315;109459;
2021-03-11;366;109825;
2021-03-12;390;110215;
2021-03-13;280;110495;
2021-03-14;271;110766;
2021-03-15;245;111011;
2021-03-16;341;111352;
2021-03-17;313;111665;
2021-03-18;353;112018;
2021-03-19;319;112337;
2021-03-20;266;112603;
2021-03-21;309;112912;
2021-03-22;229;113141;
2021-03-23;340;113481;
2021-03-24;370;113851;
2021-03-25;356;114207;
2021-03-26;360;114567;
2021-03-27;309;114876;
2021-03-28;261;115137;
2021-03-29;303;115440;
2021-03-30;375;115815;
2021-03-31;401;116216;
2021-04-01;360;116576;
2021-04-02;385;116961;
2021-04-03;356;117317;
2021-04-04;301;117618;
2021-04-05;295;117913;
2021-04-06;311;118224;
2021-04-07;405;118629;
2021-04-08;397;119026;
2021-04-09;513;119539;
2021-04-10;296;119835;
2021-04-11;378;120213;
;;;
;;;
;;;
;;;
;;;
;;;
;;;
;;;
;;;
;;;
;;;
;;;
;;;
;;;
;;;
;;;
;;;
;;;
;;;
;;;
;;;
;;;
;;;
;;;
;;;
;;;
;;;
;;;
;;;
;;;
;;;
;;;
;;;
;;;
;;;
;;;
;;;
;;;
;;;
;;;
;;;
;;;
;;;
;;;
;;;
;;;
;;;
;;;
;;;
;;;
;;;
;;;
;;;
;;;
;;;
;;;
;;;
;;;
;;;
;;;
;;;
;;;
;;;
;;;
;;;
;;;
;;;
;;;
;;;
;;;
;;;
;;;
;;;
;;;
;;;
;;;
;;;
;;;
;;;
;;;
;;;
;;;
;;;
;;;
;;;
;;;
;;;
;;;
;;;
;;;
;;;
;;;
;;;
;;;
;;;
;;;
;;;
;;;
;;;
;;;
;;;
;;;
;;;
;;;
;;;
;;;
;;;
;;;
;;;
;;;
;;;
;;;
;;;
;;;
;;;
