Date;Nouveaux cas;Cumulatif de cas;
2020-02-25;1;1;
2020-02-26;0;1;
2020-02-27;0;1;
2020-02-28;0;1;
2020-02-29;0;1;
2020-03-01;1;2;
2020-03-02;2;4;
2020-03-03;0;4;
2020-03-04;0;4;
2020-03-05;0;4;
2020-03-06;0;4;
2020-03-07;0;4;
2020-03-08;1;5;
2020-03-09;1;6;
2020-03-10;2;8;
2020-03-11;3;11;
2020-03-12;3;14;
2020-03-13;2;16;
2020-03-14;5;21;
2020-03-15;6;27;
2020-03-16;5;32;
2020-03-17;7;39;
2020-03-18;6;45;
2020-03-19;35;80;
2020-03-20;49;129;
2020-03-21;91;220;
2020-03-22;88;308;
2020-03-23;132;440;
2020-03-24;145;585;
2020-03-25;184;769;
2020-03-26;179;948;
2020-03-27;239;1187;
2020-03-28;198;1385;
2020-03-29;258;1643;
2020-03-30;264;1907;
2020-03-31;329;2236;
2020-04-01;303;2539;
2020-04-02;408;2947;
2020-04-03;347;3294;
2020-04-04;340;3634;
2020-04-05;258;3892;
2020-04-06;455;4347;
2020-04-07;421;4768;
2020-04-08;372;5140;
2020-04-09;350;5490;
2020-04-10;305;5795;
2020-04-11;261;6056;
2020-04-12;327;6383;
2020-04-13;542;6925;
2020-04-14;468;7393;
2020-04-15;612;8005;
2020-04-16;496;8501;
2020-04-17;568;9069;
2020-04-18;330;9399;
2020-04-19;428;9827;
2020-04-20;480;10307;
2020-04-21;456;10763;
2020-04-22;529;11292;
2020-04-23;526;11818;
2020-04-24;491;12309;
2020-04-25;312;12621;
2020-04-26;282;12903;
2020-04-27;461;13364;
2020-04-28;470;13834;
2020-04-29;517;14351;
2020-04-30;587;14938;
2020-05-01;613;15551;
2020-05-02;525;16076;
2020-05-03;344;16420;
2020-05-04;419;16839;
2020-05-05;466;17305;
2020-05-06;568;17873;
2020-05-07;429;18302;
2020-05-08;427;18729;
2020-05-09;311;19040;
2020-05-10;297;19337;
2020-05-11;362;19699;
2020-05-12;426;20125;
2020-05-13;398;20523;
2020-05-14;352;20875;
2020-05-15;343;21218;
2020-05-16;271;21489;
2020-05-17;341;21830;
2020-05-18;330;22160;
2020-05-19;319;22479;
2020-05-20;405;22884;
2020-05-21;376;23260;
2020-05-22;256;23516;
2020-05-23;216;23732;
2020-05-24;216;23948;
2020-05-25;203;24151;
2020-05-26;239;24390;
2020-05-27;252;24642;
2020-05-28;193;24835;
2020-05-29;192;25027;
2020-05-30;205;25232;
2020-05-31;140;25372;
2020-06-01;155;25527;
2020-06-02;97;25624;
2020-06-03;114;25738;
2020-06-04;125;25863;
2020-06-05;109;25972;
2020-06-06;105;26077;
2020-06-07;75;26152;
2020-06-08;51;26203;
2020-06-09;78;26281;
2020-06-10;67;26348;
2020-06-11;66;26414;
2020-06-12;71;26485;
2020-06-13;66;26551;
2020-06-14;28;26579;
2020-06-15;56;26635;
2020-06-16;74;26709;
2020-06-17;53;26762;
2020-06-18;48;26810;
2020-06-19;64;26874;
2020-06-20;33;26907;
2020-06-21;27;26934;
2020-06-22;41;26975;
2020-06-23;40;27015;
2020-06-24;29;27044;
2020-06-25;45;27089;
2020-06-26;42;27131;
2020-06-27;30;27161;
2020-06-28;18;27179;
2020-06-29;16;27195;
2020-06-30;39;27234;
2020-07-01;23;27257;
2020-07-02;16;27273;
2020-07-03;17;27290;
2020-07-04;16;27306;
2020-07-05;7;27313;
2020-07-06;16;27329;
2020-07-07;21;27350;
2020-07-08;33;27383;
2020-07-09;52;27435;
2020-07-10;48;27483;
2020-07-11;22;27505;
2020-07-12;13;27518;
2020-07-13;75;27593;
2020-07-14;64;27657;
2020-07-15;69;27726;
2020-07-16;66;27792;
2020-07-17;99;27891;
2020-07-18;97;27988;
2020-07-19;55;28043;
2020-07-20;37;28080;
2020-07-21;61;28141;
2020-07-22;78;28219;
2020-07-23;94;28313;
2020-07-24;69;28382;
2020-07-25;34;28416;
2020-07-26;52;28468;
2020-07-27;33;28501;
2020-07-28;36;28537;
2020-07-29;68;28605;
2020-07-30;58;28663;
2020-07-31;57;28720;
2020-08-01;50;28770;
2020-08-02;31;28801;
2020-08-03;45;28846;
2020-08-04;65;28911;
2020-08-05;46;28957;
2020-08-06;21;28978;
2020-08-07;46;29024;
2020-08-08;35;29059;
2020-08-09;37;29096;
2020-08-10;34;29130;
2020-08-11;36;29166;
2020-08-12;35;29201;
2020-08-13;38;29239;
2020-08-14;29;29268;
2020-08-15;14;29282;
2020-08-16;12;29294;
2020-08-17;17;29311;
2020-08-18;17;29328;
2020-08-19;22;29350;
2020-08-20;34;29384;
2020-08-21;32;29416;
2020-08-22;19;29435;
2020-08-23;21;29456;
2020-08-24;8;29464;
2020-08-25;29;29493;
2020-08-26;41;29534;
2020-08-27;43;29577;
2020-08-28;25;29602;
2020-08-29;54;29656;
2020-08-30;14;29670;
2020-08-31;32;29702;
2020-09-01;36;29738;
2020-09-02;36;29774;
2020-09-03;72;29846;
2020-09-04;49;29895;
2020-09-05;63;29958;
2020-09-06;57;30015;
2020-09-07;50;30065;
2020-09-08;71;30136;
2020-09-09;69;30205;
2020-09-10;90;30295;
2020-09-11;107;30402;
2020-09-12;71;30473;
2020-09-13;97;30570;
2020-09-14;71;30641;
2020-09-15;92;30733;
2020-09-16;79;30812;
2020-09-17;70;30882;
2020-09-18;197;31079;
2020-09-19;141;31220;
2020-09-20;200;31420;
2020-09-21;139;31559;
2020-09-22;168;31727;
2020-09-23;254;31981;
2020-09-24;234;32215;
2020-09-25;286;32501;
2020-09-26;352;32853;
2020-09-27;273;33126;
2020-09-28;281;33407;
2020-09-29;355;33762;
2020-09-30;316;34078;
2020-10-01;311;34389;
2020-10-02;416;34805;
2020-10-03;365;35170;
2020-10-04;298;35468;
2020-10-05;277;35745;
2020-10-06;254;35999;
2020-10-07;301;36300;
2020-10-08;346;36646;
2020-10-09;283;36929;
2020-10-10;193;37122;
2020-10-11;324;37446;
2020-10-12;267;37713;
2020-10-13;200;37913;
2020-10-14;269;38182;
2020-10-15;254;38436;
2020-10-16;262;38698;
2020-10-17;270;38968;
2020-10-18;190;39158;
2020-10-19;241;39399;
2020-10-20;254;39653;
2020-10-21;287;39940;
2020-10-22;221;40161;
2020-10-23;243;40404;
2020-10-24;166;40570;
2020-10-25;219;40789;
2020-10-26;355;41144;
2020-10-27;242;41386;
2020-10-28;210;41596;
2020-10-29;217;41813;
2020-10-30;195;42008;
2020-10-31;236;42542;
2020-11-01;234;42778;
2020-11-02;193;42671;
2020-11-03;239;42910;
2020-11-04;241;43151;
2020-11-05;324;43475;
2020-11-06;263;43738;
2020-11-07;270;44008;
2020-11-08;272;44280;
2020-11-09;267;44547;
2020-11-10;319;44866;
2020-11-11;345;45211;
2020-11-12;282;45493;
2020-11-13;327;45820;
2020-11-14;302;46122;
2020-11-15;275;46397;
2020-11-16;304;46701;
2020-11-17;238;46939;
2020-11-18;229;47168;
2020-11-19;281;47449;
2020-11-20;252;47701;
2020-11-21;260;47961;
2020-11-22;297;48258;
2020-11-23;276;48534;
2020-11-24;243;48777;
2020-11-25;297;49074;
2020-11-26;345;49419;
2020-11-27;413;49832;
2020-11-28;444;50276;
2020-11-29;363;50639;
2020-11-30;335;50974;
2020-12-01;414;51388;
2020-12-02;457;51845;
2020-12-03;445;52290;
2020-12-04;496;52786;
2020-12-05;518;53304;
2020-12-06;483;53787;
2020-12-07;461;54248;
2020-12-08;524;54772;
2020-12-09;579;55351;
2020-12-10;542;55893;
2020-12-11;639;56532;
2020-12-12;727;57259;
2020-12-13;563;57822;
2020-12-14;672;58494;
2020-12-15;554;59048;
2020-12-16;696;59744;
2020-12-17;928;60672;
2020-12-18;806;61478;
2020-12-19;691;62169;
2020-12-20;647;62816;
2020-12-21;748;63564;
2020-12-22;754;64318;
2020-12-23;698;65016;
2020-12-24;867;65883;
2020-12-25;937;66820;
2020-12-26;748;67568;
2020-12-27;799;68367;
2020-12-28;835;69202;
2020-12-29;997;70199;
2020-12-30;928;71127;
2020-12-31;741;71868;
2021-01-01;1216;73084;
2021-01-02;924;74008;
2021-01-03;788;74796;
2021-01-04;767;75563;
2021-01-05;817;76380;
2021-01-06;1084;77464;
2021-01-07;1271;78735;
2021-01-08;1040;79775;
2021-01-09;817;80592;
2021-01-10;776;81368;
2021-01-11;558;81926;
2021-01-12;858;82784;
2021-01-13;728;83512;
2021-01-14;810;84322;
2021-01-15;713;85035;
2021-01-16;876;85911;
2021-01-17;579;86490;
2021-01-18;463;86953;
2021-01-19;630;87583;
2021-01-20;666;88249;
2021-01-21;761;89010;
2021-01-22;606;89616;
2021-01-23;559;90175;
2021-01-24;424;90599;
2021-01-25;501;91100;
2021-01-26;590;91690;
2021-01-27;454;92144;
2021-01-28;572;92716;
2021-01-29;495;93211;
2021-01-30;550;93761;
2021-01-31;388;94149;
2021-02-01;468;94617;
2021-02-02;557;95174;
2021-02-03;481;95655;
2021-02-04;522;96177;
2021-02-05;545;96722;
2021-02-06;509;97231;
2021-02-07;406;97637;
2021-02-08;329;97966;
2021-02-09;449;98415;
2021-02-10;551;98966;
2021-02-11;473;99439;
2021-02-12;474;99913;
2021-02-13;338;100251;
2021-02-14;349;100600;
2021-02-15;318;100918;
2021-02-16;408;101326;
2021-02-17;327;101653;
2021-02-18;372;102025;
2021-02-19;395;102420;
2021-02-20;384;102804;
2021-02-21;401;103205;
2021-02-22;256;103461;
2021-02-23;419;103880;
2021-02-24;408;104288;
2021-02-25;387;104675;
2021-02-26;396;105071;
2021-02-27;320;105391;
2021-02-28;247;105638;
2021-03-01;257;105895;
2021-03-02;390;106285;
2021-03-03;303;106588;
2021-03-04;376;106964;
2021-03-05;280;107244;
2021-03-06;399;107643;
2021-03-07;266;107909;
2021-03-08;259;108168;
2021-03-09;390;108558;
2021-03-10;315;108873;
2021-03-11;364;109237;
2021-03-12;387;109624;
2021-03-13;279;109903;
2021-03-14;266;110169;
2021-03-15;245;110414;
2021-03-16;335;110749;
2021-03-17;312;111061;
2021-03-18;352;111413;
2021-03-19;318;111731;
2021-03-20;266;111997;
2021-03-21;308;112305;
2021-03-22;228;112533;
2021-03-23;335;112868;
2021-03-24;369;113237;
2021-03-25;354;113591;
2021-03-26;360;113951;
2021-03-27;307;114258;
2021-03-28;257;114515;
2021-03-29;303;114818;
2021-03-30;374;115192;
2021-03-31;398;115590;
2021-04-01;359;115949;
2021-04-02;385;116334;
2021-04-03;355;116689;
2021-04-04;299;116988;
2021-04-05;292;117280;
2021-04-06;307;117587;
2021-04-07;404;117991;
2021-04-08;395;118386;
2021-04-09;515;118901;
2021-04-10;298;119199;
2021-04-11;377;119576;
2021-04-12;264;119840;
2021-04-13;375;120215;
2021-04-14;354;120569;
2021-04-15;432;121001;
2021-04-16;366;121367;
2021-04-17;352;121719;
2021-04-18;219;121938;
2021-04-19;253;122191;
2021-04-20;276;122467;
2021-04-21;311;122778;
2021-04-22;316;123094;
2021-04-23;228;123322;
2021-04-24;340;123662;
2021-04-25;201;123863;
2021-04-26;245;124108;
2021-04-27;291;124399;
2021-04-28;312;124711;
2021-04-29;344;125055;
2021-04-30;325;125380;
2021-05-01;264;125644;
2021-05-02;211;125855;
2021-05-03;229;126084;
2021-05-04;238;126322;
2021-05-05;202;126524;
2021-05-06;261;126785;
2021-05-07;281;127066;
2021-05-08;213;127279;
2021-05-09;198;127477;
2021-05-10;188;127665;
2021-05-11;263;127928;
2021-05-12;261;128189;
2021-05-13;291;128480;
2021-05-14;245;128725;
2021-05-15;207;128932;
2021-05-16;190;129122;
2021-05-17;195;129317;
2021-05-18;89;129406;
;;;
;;;
;;;
;;;
;;;
;;;
;;;
;;;
;;;
;;;
;;;
;;;
;;;
;;;
;;;
;;;
;;;
;;;
;;;
;;;
;;;
;;;
;;;
;;;
;;;
;;;
;;;
;;;
;;;
;;;
;;;
;;;
;;;
;;;
;;;
;;;
;;;
;;;
;;;
;;;
;;;
;;;
;;;
;;;
;;;
;;;
;;;
;;;
;;;
;;;
;;;
;;;
;;;
;;;
;;;
;;;
;;;
;;;
;;;
;;;
;;;
;;;
;;;
;;;
;;;
;;;
;;;
;;;
;;;
;;;
;;;
;;;
;;;
;;;
;;;
;;;
;;;
;;;
