date,Regroupement,Croisement,Nom,new_doses_1d,new_doses_2d,total_doses_1d,total_doses_2d,new_doses,total_doses,perc_1d,perc_2d,cvac_cum_tot_ade_p,per_quo_1_n,per_quo_2_n,per_cum_1_n,per_cum_2_n,vac_quo_tot_m
2020-12-14,Région,RSS06,06 - Montréal,143,0,143,0,143,143,0.006753060799999999,0.0,0.0023895445999999997,130.0,0.0,130.0,0.0,
2020-12-15,Région,RSS06,06 - Montréal,358,0,501,0,358,501,0.0250382717,0.0,0.005869968299999999,352.0,0.0,482.0,0.0,
2020-12-16,Région,RSS06,06 - Montréal,285,0,786,0,285,786,0.0400508454,0.0,0.0072205804,289.0,0.0,771.0,0.0,
2020-12-17,Région,RSS06,06 - Montréal,279,0,1065,0,279,1065,0.0549075792,0.0,0.0081556196,286.0,0.0,1057.0,0.0,
2020-12-18,Région,RSS06,06 - Montréal,140,0,1205,0,140,1205,0.0626476258,0.0,0.0092464987,149.0,0.0,1206.0,0.0,
2020-12-19,Région,RSS06,06 - Montréal,79,0,1284,0,79,1284,0.0668553022,0.0,0.0098179115,81.0,0.0,1287.0,0.0,
2020-12-20,Région,RSS06,06 - Montréal,80,0,1364,0,80,1364,0.0712188184,0.0,0.010441271,84.0,0.0,1371.0,0.0,
2020-12-21,Région,RSS06,06 - Montréal,317,0,1681,0,317,1681,0.08732227109999999,0.0,0.0141294811,310.0,0.0,1681.0,0.0,
2020-12-22,Région,RSS06,06 - Montréal,571,0,2252,0,571,2252,0.11521760699999999,0.0,0.0231162467,537.0,0.0,2218.0,0.0,
2020-12-23,Région,RSS06,06 - Montréal,476,0,2728,0,476,2728,0.1396325192,0.0,0.0261291507,470.0,0.0,2688.0,0.0,
2020-12-24,Région,RSS06,06 - Montréal,191,0,2919,0,191,2919,0.14955432400000002,0.0,0.0275836561,191.0,0.0,2879.0,0.0,
2020-12-25,Région,RSS06,06 - Montréal,0,0,2919,0,0,2919,0.1501257368,0.0,0.0275836561,11.0,0.0,2890.0,0.0,
2020-12-26,Région,RSS06,06 - Montréal,222,0,3141,0,222,3141,0.1618137267,0.0,0.029713467599999998,225.0,0.0,3115.0,0.0,
2020-12-27,Région,RSS06,06 - Montréal,194,0,3335,0,194,3335,0.172618624,0.0,0.0308043467,208.0,0.0,3323.0,0.0,
2020-12-28,Région,RSS06,06 - Montréal,589,0,3924,0,589,3924,0.2044099565,0.0,0.035739275699999996,612.0,0.0,3935.0,0.0,
2020-12-29,Région,RSS06,06 - Montréal,561,0,4485,0,561,4485,0.23500651670000003,0.0,0.0392196994,589.0,0.0,4524.0,0.0,
2020-12-30,Région,RSS06,06 - Montréal,567,0,5052,0,567,5052,0.265447237,0.0,0.0438429487,586.0,0.0,5110.0,0.0,
2020-12-31,Région,RSS06,06 - Montréal,39,0,5091,0,39,5091,0.2682523546,0.0,0.043998788600000005,54.0,0.0,5164.0,0.0,
2021-01-01,Région,RSS06,06 - Montréal,5,0,5096,0,5,5096,0.26923934039999997,0.0,0.044102681799999995,19.0,0.0,5183.0,0.0,
2021-01-02,Région,RSS06,06 - Montréal,13,0,5109,0,13,5109,0.2706938458,0.0,0.044102681799999995,28.0,0.0,5211.0,0.0,
2021-01-03,Région,RSS06,06 - Montréal,13,0,5122,0,13,5122,0.2723561377,0.0,0.044102681799999995,32.0,0.0,5243.0,0.0,
2021-01-04,Région,RSS06,06 - Montréal,575,0,5697,0,575,5697,0.3024332317,0.0,0.05366086019999999,579.0,0.0,5822.0,0.0,
2021-01-05,Région,RSS06,06 - Montréal,1901,0,7598,0,1901,7598,0.3996773076,0.0001038932,0.07869913190000001,1872.0,2.0,7694.0,2.0,
2021-01-06,Région,RSS06,06 - Montréal,2724,1,10322,1,2725,10323,0.5383747876,0.0003636264,0.1099190516,2670.0,5.0,10364.0,7.0,
2021-01-07,Région,RSS06,06 - Montréal,4111,0,14433,1,4111,14434,0.7425250109999999,0.0006753061,0.164514951,3930.0,6.0,14294.0,13.0,
2021-01-08,Région,RSS06,06 - Montréal,3774,1,18207,2,3775,18209,0.9338963655,0.0011947722999999999,0.2115785903,3684.0,10.0,17978.0,23.0,
2021-01-09,Région,RSS06,06 - Montréal,2027,0,20234,2,2027,20236,1.0378415555,0.0012986655,0.23240918559999998,2001.0,2.0,19979.0,25.0,
2021-01-10,Région,RSS06,06 - Montréal,1413,1,21647,3,1414,21650,1.1115538118000001,0.0015064520000000001,0.24638282690000002,1419.0,4.0,21398.0,29.0,
2021-01-11,Région,RSS06,06 - Montréal,1600,1,23247,4,1601,23251,1.1950320329000002,0.0018700784,0.2622784931,1607.0,7.0,23005.0,36.0,
2021-01-12,Région,RSS06,06 - Montréal,1109,3,24356,7,1112,24363,1.2557576337,0.0022856514000000002,0.2682523546,1169.0,8.0,24174.0,44.0,
2021-01-13,Région,RSS06,06 - Montréal,1277,0,25633,7,1277,25640,1.3255219467000001,0.0027531709999999996,0.2734989634,1343.0,9.0,25517.0,53.0,
2021-01-14,Région,RSS06,06 - Montréal,1894,1,27527,8,1895,27535,1.4271295388,0.0032206904999999997,0.2854466864,1956.0,9.0,27473.0,62.0,
2021-01-15,Région,RSS06,06 - Montréal,1749,1,29276,9,1750,29285,1.5204256714,0.0037921034000000004,0.2927192134,1796.0,11.0,29269.0,73.0,
2021-01-16,Région,RSS06,06 - Montréal,1138,2,30414,11,1140,30425,1.5815668452,0.0041037831,0.29926448780000003,1177.0,6.0,30446.0,79.0,
2021-01-17,Région,RSS06,06 - Montréal,934,0,31348,11,934,31359,1.6304486162,0.0045713027,0.3053422425,941.0,9.0,31387.0,88.0,
2021-01-18,Région,RSS06,06 - Montréal,1082,2,32430,13,1084,32443,1.6879535265,0.0057141284,0.31573156690000004,1107.0,22.0,32494.0,110.0,
2021-01-19,Région,RSS06,06 - Montréal,1317,0,33747,13,1317,33760,1.7588087184999999,0.0065972209999999995,0.3237313466,1364.0,17.0,33858.0,127.0,
2021-01-20,Région,RSS06,06 - Montréal,1576,2,35323,15,1578,35338,1.8454556836000002,0.007064740600000001,0.3305883007,1668.0,9.0,35526.0,136.0,
2021-01-21,Région,RSS06,06 - Montréal,1941,4,37264,19,1945,37283,1.950180073,0.0079997797,0.34019842570000003,2016.0,18.0,37542.0,154.0,
2021-01-22,Région,RSS06,06 - Montréal,2144,3,39408,22,2147,39430,2.064566534,0.0084153527,0.3480423656,2202.0,8.0,39744.0,162.0,
2021-01-23,Région,RSS06,06 - Montréal,1242,4,40650,26,1246,40676,2.1308504233,0.008830925699999999,0.3518864156,1276.0,8.0,41020.0,170.0,
2021-01-24,Région,RSS06,06 - Montréal,402,1,41052,27,403,41079,2.1528238443000003,0.0094023385,0.3536526007,423.0,11.0,41443.0,181.0,
2021-01-25,Région,RSS06,06 - Montréal,627,5,41679,32,632,41711,2.1881994937,0.010960737199999999,0.3566655048,681.0,30.0,42124.0,211.0,
2021-01-26,Région,RSS06,06 - Montréal,767,29,42446,61,796,42507,2.2311074033000002,0.0149086804,0.3628990994,826.0,76.0,42950.0,287.0,
2021-01-27,Région,RSS06,06 - Montréal,697,11,43143,72,708,43215,2.2699115297,0.0180774244,0.3678859751,747.0,61.0,43697.0,348.0,
2021-01-28,Région,RSS06,06 - Montréal,842,35,43985,107,877,44092,2.3155726102000003,0.0224409406,0.3756779683,879.0,84.0,44576.0,432.0,
2021-01-29,Région,RSS06,06 - Montréal,207,18,44192,125,225,44317,2.328507319,0.025713577799999998,0.3805090042,249.0,63.0,44825.0,495.0,
2021-01-30,Région,RSS06,06 - Montréal,30,34,44222,159,64,44381,2.3312085433000003,0.029557627799999996,0.38430110759999997,52.0,74.0,44877.0,569.0,
2021-01-31,Région,RSS06,06 - Montréal,8,18,44230,177,26,44407,2.3333383548,0.0318952257,0.3865867589,41.0,45.0,44918.0,614.0,
2021-02-01,Région,RSS06,06 - Montréal,21,26,44251,203,47,44454,2.3364032055,0.0354795426,0.39001523590000003,59.0,69.0,44977.0,683.0,
2021-02-02,Région,RSS06,06 - Montréal,70,71,44321,274,141,44595,2.3425329069,0.0428559629,0.3977552826,118.0,142.0,45095.0,825.0,
2021-02-03,Région,RSS06,06 - Montréal,2215,47,46536,321,2262,46857,2.4586336065,0.0476350521,0.4124561765,2235.0,92.0,47330.0,917.0,
2021-02-04,Région,RSS06,06 - Montréal,3427,24,49963,345,3451,50308,2.6377975048,0.05220635480000001,0.4285596293,3449.0,88.0,50779.0,1005.0,
2021-02-05,Région,RSS06,06 - Montréal,3486,36,53449,381,3522,53830,2.819454841,0.055998458200000004,0.4417540712,3497.0,73.0,54276.0,1078.0,
2021-02-06,Région,RSS06,06 - Montréal,1514,15,54963,396,1529,55359,2.8994526383999997,0.0584918961,0.45016942390000003,1540.0,48.0,55816.0,1126.0,
2021-02-07,Région,RSS06,06 - Montréal,445,3,55408,399,448,55807,2.9245948033999998,0.0595827751,0.4519875557,484.0,21.0,56300.0,1147.0,
2021-02-08,Région,RSS06,06 - Montréal,1181,26,56589,425,1207,57014,2.9868788027999997,0.0631151454,0.45848088340000004,1199.0,68.0,57499.0,1215.0,
2021-02-09,Région,RSS06,06 - Montréal,537,18,57126,443,555,57569,3.0168000569,0.0674786616,0.4634158124,576.0,84.0,58075.0,1299.0,
2021-02-10,Région,RSS06,06 - Montréal,1193,27,58319,470,1220,58789,3.0805385618,0.0737122562,0.4722467381,1227.0,120.0,59302.0,1419.0,
2021-02-11,Région,RSS06,06 - Montréal,1821,32,60140,502,1853,60642,3.1762242389999997,0.0799977975,0.48315552869999995,1842.0,121.0,61144.0,1540.0,
2021-02-12,Région,RSS06,06 - Montréal,1881,22,62021,524,1903,62545,3.2746111406,0.0830107015,0.4941162659,1894.0,58.0,63038.0,1598.0,
2021-02-13,Région,RSS06,06 - Montréal,72,8,62093,532,80,62625,3.2797019095,0.0847768867,0.49624607740000004,98.0,34.0,63136.0,1632.0,
2021-02-14,Région,RSS06,06 - Montréal,55,7,62148,539,62,62687,3.2840654256999997,0.08623139210000001,0.4977005828,84.0,28.0,63220.0,1660.0,
2021-02-15,Région,RSS06,06 - Montréal,829,16,62977,555,845,63532,3.3285317339,0.0895040292,0.504401697,856.0,63.0,64076.0,1723.0,
2021-02-16,Région,RSS06,06 - Montréal,166,23,63143,578,189,63721,3.3396483110000004,0.09298445289999999,0.5084535335,214.0,67.0,64290.0,1790.0,
2021-02-17,Région,RSS06,06 - Montréal,420,8,63563,586,428,64149,3.3641151698000002,0.09599735699999999,0.5123495301,471.0,58.0,64761.0,1848.0,
2021-02-18,Région,RSS06,06 - Montréal,2451,20,66014,606,2471,66620,3.4930986316,0.09973751369999999,0.5267387443,2483.0,72.0,67244.0,1920.0,
2021-02-19,Région,RSS06,06 - Montréal,3942,10,69956,616,3952,70572,3.6970410685000004,0.1038412968,0.5465823538,3926.0,79.0,71170.0,1999.0,
2021-02-20,Région,RSS06,06 - Montréal,2573,5,72529,621,2578,73150,3.8315308720999997,0.1056594286,0.5570755714,2589.0,35.0,73759.0,2034.0,
2021-02-21,Région,RSS06,06 - Montréal,1961,8,74490,629,1969,75119,3.9337098770999996,0.10758145359999999,0.5641922586,1967.0,37.0,75726.0,2071.0,
2021-02-22,Région,RSS06,06 - Montréal,2200,23,76690,652,2223,77342,4.048667751,0.1118410766,0.5757763552,2213.0,82.0,77939.0,2153.0,
2021-02-23,Région,RSS06,06 - Montréal,1604,25,78294,677,1629,78971,4.1330290647000005,0.11594485970000001,0.5856462134,1624.0,79.0,79563.0,2232.0,
2021-02-24,Région,RSS06,06 - Montréal,1922,14,80216,691,1936,80907,4.23474055,0.1192694435,0.5958796979,1958.0,64.0,81521.0,2296.0,
2021-02-25,Région,RSS06,06 - Montréal,3681,18,83897,709,3699,84606,4.4272547301,0.12290570699999999,0.6096974992,3706.0,70.0,85227.0,2366.0,
2021-02-26,Région,RSS06,06 - Montréal,4691,17,88588,726,4708,89314,4.6720791583,0.1251394117,0.6258009520000001,4713.0,43.0,89940.0,2409.0,
2021-02-27,Région,RSS06,06 - Montréal,3508,18,92096,744,3526,92840,4.8549832134,0.1274250631,0.6334371054,3521.0,44.0,93461.0,2453.0,
2021-02-28,Région,RSS06,06 - Montréal,2304,5,94400,749,2309,95149,4.9754474292,0.1289834618,0.6388915006,2319.0,30.0,95780.0,2483.0,
2021-03-01,Région,RSS06,06 - Montréal,11052,17,105452,766,11069,106218,5.5487822933,0.13100938,0.6498522378,11037.0,39.0,106817.0,2522.0,
2021-03-02,Région,RSS06,06 - Montréal,10980,26,116432,792,11006,117224,6.120091239,0.1349573233,0.6644492385,10998.0,76.0,117815.0,2598.0,
2021-03-03,Région,RSS06,06 - Montréal,11104,18,127536,810,11122,128346,6.7001272173,0.13807412060000002,0.6754619223,11166.0,60.0,128981.0,2658.0,
2021-03-04,Région,RSS06,06 - Montréal,11501,17,139037,827,11518,139864,7.299175659099999,0.140619505,0.6910459089000001,11532.0,49.0,140513.0,2707.0,
2021-03-05,Région,RSS06,06 - Montréal,10734,19,149771,846,10753,150617,7.860303067,0.14389214220000002,0.7041884042000001,10802.0,63.0,151315.0,2770.0,
2021-03-06,Région,RSS06,06 - Montréal,9106,11,158877,857,9117,159734,8.3353549227,0.1458141672,0.7145777284999999,9145.0,37.0,160460.0,2807.0,
2021-03-07,Région,RSS06,06 - Montréal,8806,4,167683,861,8810,168544,8.7933682865,0.1477361922,0.7237203339,8817.0,37.0,169277.0,2844.0,
2021-03-08,Région,RSS06,06 - Montréal,9762,314,177445,1175,10076,178620,9.3035360585,0.1656577767,0.7487066590000001,9821.0,345.0,179098.0,3189.0,
2021-03-09,Région,RSS06,06 - Montréal,10245,468,187690,1643,10713,189333,9.8402485542,0.1912155146,0.7803940981999999,10332.0,492.0,189430.0,3681.0,
2021-03-10,Région,RSS06,06 - Montréal,8699,416,196389,2059,9115,198448,10.295820427,0.2150070673,0.8104711922,8770.0,458.0,198200.0,4139.0,
2021-03-11,Région,RSS06,06 - Montréal,9697,191,206086,2250,9888,208336,10.802767507999999,0.2278898295,0.8335874389,9759.0,248.0,207959.0,4387.0,
2021-03-12,Région,RSS06,06 - Montréal,10809,150,216895,2400,10960,219296,11.368050645999999,0.2380194208,0.8560283795,10882.0,195.0,218841.0,4582.0,
2021-03-13,Région,RSS06,06 - Montréal,9704,12,226599,2412,9716,229012,11.873595169000001,0.23999339239999998,0.8685994618999999,9732.0,38.0,228573.0,4620.0,
2021-03-14,Région,RSS06,06 - Montréal,9626,7,236225,2419,9633,238645,12.374932015,0.24134400460000002,0.8795601990999999,9651.0,26.0,238224.0,4646.0,
2021-03-15,Région,RSS06,06 - Montréal,9880,14,246105,2433,9894,248539,12.892839834,0.24461664170000003,0.8942091464,9970.0,63.0,248194.0,4709.0,
2021-03-16,Région,RSS06,06 - Montréal,9741,19,255846,2452,9760,258299,13.401812833,0.2483567985,0.9084425208,9798.0,72.0,257992.0,4781.0,
2021-03-17,Région,RSS06,06 - Montréal,7389,18,263235,2470,7407,265706,13.789074897999999,0.2512658093,0.9251693329999999,7455.0,56.0,265447.0,4837.0,
2021-03-18,Région,RSS06,06 - Montréal,6876,34,270111,2504,6910,272616,14.150467546,0.2554734857,0.9430389709,6957.0,81.0,272404.0,4918.0,
2021-03-19,Région,RSS06,06 - Montréal,6601,11,276712,2515,6612,279228,14.497678765,0.2582786032,0.9562334128,6684.0,54.0,279088.0,4972.0,
2021-03-20,Région,RSS06,06 - Montréal,4546,3,281258,2518,4549,283777,14.737620211,0.2597331086,0.9632981533,4619.0,28.0,283707.0,5000.0,
2021-03-21,Région,RSS06,06 - Montréal,4133,10,285391,2528,4143,287920,14.955796022000001,0.2619148668,0.9705187338,4200.0,42.0,287907.0,5042.0,
2021-03-22,Région,RSS06,06 - Montréal,11584,28,296975,2556,11612,299532,15.561597525,0.2650316641,0.9923363149,11662.0,60.0,299569.0,5102.0,
2021-03-23,Région,RSS06,06 - Montréal,14410,21,311385,2577,14431,313963,16.315498846,0.2686679276,1.0165953872,14513.0,70.0,314082.0,5172.0,
2021-03-24,Région,RSS06,06 - Montréal,15033,23,326418,2600,15056,329019,17.100983712999998,0.2719925114,1.0458413353,15121.0,64.0,329203.0,5236.0,
2021-03-25,Région,RSS06,06 - Montréal,14154,33,340572,2633,14187,343206,17.841430859000003,0.2758365614,1.0698926211,14254.0,74.0,343457.0,5310.0,
2021-03-26,Région,RSS06,06 - Montréal,13077,19,353649,2652,13096,356302,18.52691848,0.2796806114,1.0947750529,13196.0,74.0,356653.0,5384.0,
2021-03-27,Région,RSS06,06 - Montréal,10048,21,363697,2673,10069,366371,19.053137758,0.2827454621,1.1156056483,10130.0,59.0,366783.0,5443.0,
2021-03-28,Région,RSS06,06 - Montréal,8954,10,372651,2683,8964,375335,19.521904072,0.2847713803,1.1319168875,9024.0,39.0,375807.0,5482.0,
2021-03-29,Région,RSS06,06 - Montréal,11081,26,383732,2709,11107,386442,20.104017915,0.2891868432,1.1529552693,11206.0,85.0,387013.0,5567.0,
2021-03-30,Région,RSS06,06 - Montréal,11383,45,395115,2754,11428,397870,20.701611852,0.2955762776,1.184850495,11504.0,123.0,398517.0,5690.0,
2021-03-31,Région,RSS06,06 - Montréal,10868,43,405983,2797,10911,408781,21.273180530999998,0.3023812851,1.2184080126999999,11003.0,131.0,409520.0,5821.0,
2021-04-01,Région,RSS06,06 - Montréal,9245,18,415228,2815,9263,418044,21.760284003000002,0.30700453440000003,1.24458911,9377.0,89.0,418897.0,5910.0,
2021-04-02,Région,RSS06,06 - Montréal,7229,29,422457,2844,7258,425302,22.142766978,0.3119394635,1.2668742107,7363.0,95.0,426260.0,6005.0,
2021-04-03,Région,RSS06,06 - Montréal,5407,17,427864,2861,5424,430726,22.429200651,0.3147445811,1.2828218236,5514.0,54.0,431774.0,6059.0,
2021-04-04,Région,RSS06,06 - Montréal,3478,12,431342,2873,3490,434216,22.612987798000002,0.3169782858,1.2922241621,3538.0,43.0,435312.0,6102.0,
2021-04-05,Région,RSS06,06 - Montréal,3957,21,435299,2894,3978,438194,22.826436466999997,0.3224326811,1.3045355115000001,4109.0,105.0,439421.0,6207.0,
2021-04-06,Région,RSS06,06 - Montréal,4222,69,439521,2963,4291,442485,23.054482136,0.3316272331,1.3241713345000001,4390.0,177.0,443811.0,6384.0,
2021-04-07,Région,RSS06,06 - Montréal,6169,78,445690,3041,6247,448732,23.38501849,0.3398347994,1.3469239547999998,6363.0,158.0,450174.0,6542.0,
2021-04-08,Région,RSS06,06 - Montréal,10841,68,456531,3109,10909,459641,23.95934034,0.3473151129,1.3769491022,11056.0,144.0,461230.0,6686.0,
2021-04-09,Région,RSS06,06 - Montréal,11753,97,468284,3206,11850,471491,24.58025831,0.3560421453,1.4127922712,11953.0,168.0,473183.0,6854.0,
2021-04-10,Région,RSS06,06 - Montréal,7046,27,475330,3233,7073,478564,24.95391036,0.3599900886,1.4324800408,7193.0,76.0,480376.0,6930.0,
2021-04-11,Région,RSS06,06 - Montréal,6278,14,481608,3247,6292,484856,25.285018126999997,0.3634705122,1.4479601341,6374.0,67.0,486750.0,6997.0,
2021-04-12,Région,RSS06,06 - Montréal,10367,163,491975,3410,10530,495386,25.83175632,0.3777038866,1.4864006341999998,10525.0,274.0,497275.0,7271.0,
2021-04-13,Région,RSS06,06 - Montréal,11598,434,503573,3844,12032,507418,26.442336912,0.40487196979999995,1.5355421383,11754.0,523.0,509029.0,7794.0,
2021-04-14,Région,RSS06,06 - Montréal,11290,449,514863,4293,11739,519157,27.036814051,0.4331828786,1.5859303613999998,11444.0,545.0,520473.0,8339.0,
2021-04-15,Région,RSS06,06 - Montréal,11073,356,525936,4649,11430,530587,27.620849919,0.45707832460000003,1.6385522892,11243.0,460.0,531716.0,8799.0,
2021-04-16,Région,RSS06,06 - Montréal,11499,226,537435,4875,11725,542312,28.22498913,0.4735973503,1.6854081419999998,11630.0,318.0,543346.0,9117.0,
2021-04-17,Région,RSS06,06 - Montréal,8450,167,545885,5042,8617,550929,28.670327518,0.48559701990000004,1.7210954711000002,8573.0,231.0,551919.0,9348.0,
2021-04-18,Région,RSS06,06 - Montréal,6407,131,552292,5173,6538,557467,29.008032506,0.4950513051,1.7472246219,6501.0,182.0,558420.0,9530.0,
2021-04-19,Région,RSS06,06 - Montréal,8822,609,561114,5782,9431,566898,29.473162557,0.5321931396,1.8043659058000001,8954.0,715.0,567374.0,10245.0,
2021-04-20,Région,RSS06,06 - Montréal,9476,1456,570590,7238,10933,577831,29.975122763,0.6138012824,1.9025969675,9663.0,1571.0,577037.0,11816.0,
2021-04-21,Région,RSS06,06 - Montréal,15162,1561,585752,8799,16723,594554,30.774789058000003,0.7016949663,2.0196846528,15394.0,1692.0,592431.0,13508.0,
2021-04-22,Région,RSS06,06 - Montréal,12990,1089,598742,9888,14081,608635,31.46178313,0.7640828590000001,2.1090328422,13225.0,1201.0,605656.0,14709.0,
2021-04-23,Région,RSS06,06 - Montréal,11616,767,610358,10655,12383,621018,32.07516884,0.8093283665000001,2.1804075005000003,11808.0,871.0,617464.0,15580.0,
2021-04-24,Région,RSS06,06 - Montréal,6993,313,617351,10968,7306,628324,32.445496306,0.8297433889,2.2153675769,7129.0,393.0,624593.0,15973.0,
2021-04-25,Région,RSS06,06 - Montréal,5044,69,622395,11037,5113,633437,32.712969461,0.8363925565000001,2.2321982822999997,5149.0,128.0,629742.0,16101.0,
2021-04-26,Région,RSS06,06 - Montréal,7063,1127,629458,12164,8191,641628,33.089790255,0.9004427411,2.3080922967,7254.0,1233.0,636996.0,17334.0,
2021-04-27,Région,RSS06,06 - Montréal,6173,2129,635631,14293,8304,649932,33.419807143,1.0156603481,2.4231021172,6353.0,2218.0,643349.0,19552.0,
2021-04-28,Région,RSS06,06 - Montréal,7123,2609,642754,16902,9733,659665,33.799433055,1.1576824119,2.5617995972,7308.0,2734.0,650657.0,22286.0,
2021-04-29,Région,RSS06,06 - Montréal,7409,2902,650163,19804,10312,669977,34.19344818,1.3134183838,2.7078215509,7585.0,2998.0,658242.0,25284.0,
2021-04-30,Région,RSS06,06 - Montréal,7476,3243,657639,23047,10724,680701,34.59094373,1.4885304457,2.8752974593,7652.0,3371.0,665894.0,28655.0,
2021-05-01,Région,RSS06,06 - Montréal,6362,1585,664001,24632,7949,688650,34.929791543,1.5742943181,2.9648014886,6523.0,1651.0,672417.0,30306.0,
2021-05-02,Région,RSS06,06 - Montréal,6536,1454,670537,26086,7992,696642,35.275392418,1.6536687561,3.049890055,6653.0,1528.0,679070.0,31834.0,
2021-05-03,Région,RSS06,06 - Montréal,8135,2455,678672,28541,10591,707233,35.710653160999996,1.7865482144999998,3.1895745208,8379.0,2558.0,687449.0,34392.0,
2021-05-04,Région,RSS06,06 - Montréal,12118,2105,690790,30646,14224,721457,36.356141883,1.9026489141,3.3203241677,12426.0,2235.0,699875.0,36627.0,
2021-05-05,Région,RSS06,06 - Montréal,13602,2161,704392,32807,15766,737223,37.079031070999996,2.0211391582,3.458709968,13916.0,2281.0,713791.0,38908.0,
2021-05-06,Région,RSS06,06 - Montréal,16912,2010,721304,34817,18923,756146,37.975421975,2.1330321815,3.5965763021,17256.0,2154.0,731047.0,41062.0,
2021-05-07,Région,RSS06,06 - Montréal,14686,2148,735990,36965,16835,772981,38.756283593,2.250639333,3.7352218355,15032.0,2264.0,746079.0,43326.0,
2021-05-08,Région,RSS06,06 - Montréal,14860,698,750850,37663,15558,788539,39.540365902,2.2919368973,3.8089860383,15094.0,795.0,761173.0,44121.0,
2021-05-09,Région,RSS06,06 - Montréal,13708,505,764558,38168,14213,802752,40.263410929,2.3224815109,3.8672182013,13919.0,588.0,775092.0,44709.0,
2021-05-10,Région,RSS06,06 - Montréal,16516,1522,781074,39690,18039,820791,41.139802385,2.4068428246,3.9816566089,16871.0,1624.0,791963.0,46333.0,
2021-05-11,Région,RSS06,06 - Montréal,16444,1790,797518,41480,18234,839025,42.011310857,2.5068920180000003,4.1104322842,16777.0,1926.0,808740.0,48259.0,
2021-05-12,Région,RSS06,06 - Montréal,19135,2259,816653,43739,21394,860419,43.025101127,2.6300574582,4.2650254305,19516.0,2371.0,828256.0,50630.0,
2021-05-13,Région,RSS06,06 - Montréal,20257,2684,836910,46423,22941,883360,44.097694973,2.7754560524,4.4431503964,20648.0,2799.0,848904.0,53429.0,
2021-05-14,Région,RSS06,06 - Montréal,19993,2719,856903,49142,22718,906078,45.156834643,2.9231402980000003,4.6322880461,20389.0,2843.0,869293.0,56272.0,
2021-05-15,Région,RSS06,06 - Montréal,18354,895,875257,50037,19249,925327,46.127509217,2.9740479873,4.7246491395,18686.0,980.0,887979.0,57252.0,
2021-05-16,Région,RSS06,06 - Montréal,17047,378,892304,50415,17426,942753,47.027796118000005,2.9971122873000002,4.7818943167,17331.0,444.0,905310.0,57696.0,
2021-05-17,Région,RSS06,06 - Montréal,17853,2621,910157,53036,20475,963228,47.97312074,3.1400693903,4.957214165,18198.0,2752.0,923508.0,60448.0,
2021-05-18,Région,RSS06,06 - Montréal,16643,2447,926800,55483,19091,982319,48.856161363000005,3.2733644217,5.1254173262,16999.0,2566.0,940507.0,63014.0,
2021-05-19,Région,RSS06,06 - Montréal,17463,2860,944263,58343,20323,1002642,49.784811119,3.4296198598000003,5.312477111000001,17877.0,3008.0,958384.0,66022.0,
2021-05-20,Région,RSS06,06 - Montréal,18321,2556,962584,60899,20877,1023519,50.75844665100001,3.5713302439,5.4910695965,18743.0,2728.0,977127.0,68750.0,
2021-05-21,Région,RSS06,06 - Montréal,16454,2877,979038,63776,19331,1042850,51.636032878,3.7302349598,5.6830123638,16894.0,3059.0,994021.0,71809.0,
2021-05-22,Région,RSS06,06 - Montréal,17301,800,996339,64576,18101,1060951,52.550553154,3.7786492112,5.7699710086,17605.0,932.0,1011626.0,72741.0,
2021-05-23,Région,RSS06,06 - Montréal,15942,698,1012281,65274,16641,1077592,53.390270294,3.819323416,5.8395275351,16165.0,783.0,1027791.0,73524.0,
2021-05-24,Région,RSS06,06 - Montréal,13967,1930,1026248,67204,15898,1093490,54.13118496,3.926852923,5.9735498191,14263.0,2070.0,1042054.0,75594.0,
2021-05-25,Région,RSS06,06 - Montréal,15083,2887,1041331,70091,17972,1111462,54.934383625,4.0859134787,6.151518945199999,15462.0,3062.0,1057516.0,78656.0,
2021-05-26,Région,RSS06,06 - Montréal,16534,4077,1057865,74168,20615,1132077,55.811398438999994,4.3061152083,6.3965511599000004,16883.0,4239.0,1074399.0,82895.0,
2021-05-27,Région,RSS06,06 - Montréal,17444,4218,1075309,78386,21665,1153742,56.737450865,4.5332777851,6.6537388841,17827.0,4373.0,1092226.0,87268.0,
2021-05-28,Région,RSS06,06 - Montréal,17301,3894,1092610,82280,21195,1174937,57.651555568,4.743713549700001,6.9030307217999995,17597.0,4051.0,1109823.0,91319.0,
2021-05-29,Région,RSS06,06 - Montréal,17585,5378,1110195,87658,22964,1197901,58.578075513,5.0268226381,7.2273854278,17836.0,5450.0,1127659.0,96769.0,
2021-05-30,Région,RSS06,06 - Montréal,15719,3102,1125914,90760,18823,1216724,59.405273517,5.1929479344,7.4297694661,15924.0,3198.0,1143583.0,99967.0,
2021-05-31,Région,RSS06,06 - Montréal,16718,4205,1142632,94965,20927,1237651,60.2881583,5.418084593,7.693086891599999,16996.0,4334.0,1160579.0,104301.0,
2021-06-01,Région,RSS06,06 - Montréal,15380,3617,1158012,98582,19005,1256656,61.105330606,5.6182349265,7.9247688245,15731.0,3853.0,1176310.0,108154.0,
2021-06-02,Région,RSS06,06 - Montréal,16705,4219,1174717,102801,20927,1277583,61.99174776,5.8472156350999995,8.1905796879,17064.0,4408.0,1193374.0,112562.0,
2021-06-03,Région,RSS06,06 - Montréal,16131,4903,1190848,107704,21037,1298620,62.84715278,6.1119875661,8.4928570798,16467.0,5097.0,1209841.0,117659.0,
2021-06-04,Région,RSS06,06 - Montréal,16209,4936,1207057,112640,21146,1319766,63.705674597,6.379512667999999,8.805108223,16527.0,5150.0,1226368.0,122809.0,
2021-06-05,Région,RSS06,06 - Montréal,16494,3785,1223551,116425,20281,1340047,64.57546883100001,6.5843381974,9.049828758,16744.0,3943.0,1243112.0,126752.0,
2021-06-06,Région,RSS06,06 - Montréal,12608,3849,1236159,120274,16458,1356505,65.240333643,6.7909299121,9.287588445599999,12799.0,3977.0,1255911.0,130729.0,
2021-06-07,Région,RSS06,06 - Montréal,10612,6378,1246771,126652,16991,1373496,65.804785634,7.1337256688999995,9.6562016734,10866.0,6599.0,1266777.0,137328.0,
2021-06-08,Région,RSS06,06 - Montréal,9412,10614,1256183,137266,20029,1393525,66.307732826,7.6965153687,10.239406396,9682.0,10834.0,1276459.0,148162.0,
2021-06-09,Région,RSS06,06 - Montréal,8457,17275,1264640,154541,25738,1419263,66.76148656699999,8.60433453,11.159536906,8735.0,17476.0,1285194.0,165638.0,
2021-06-10,Région,RSS06,06 - Montréal,8800,18423,1273440,172964,27229,1446492,67.233421625,9.5722039861,12.143665655,9085.0,18632.0,1294279.0,184270.0,
2021-06-11,Région,RSS06,06 - Montréal,9479,20718,1282919,193682,30211,1476703,67.738394735,10.660174032,13.246440488,9721.0,20944.0,1304000.0,205214.0,
2021-06-12,Région,RSS06,06 - Montréal,8218,14356,1291137,208038,22582,1499285,68.174642464,11.416049324000001,14.020756831,8398.0,14551.0,1312398.0,219765.0,
2021-06-13,Région,RSS06,06 - Montréal,6286,15033,1297423,223071,21330,1520615,68.509126762,12.205170455,14.821358165,6439.0,15191.0,1318837.0,234956.0,
2021-06-14,Région,RSS06,06 - Montréal,7165,20182,1304588,243253,27362,1547977,68.892440883,13.269297000999998,15.899718085999998,7379.0,20485.0,1326216.0,255441.0,
2021-06-15,Région,RSS06,06 - Montréal,5479,19376,1310067,262629,24862,1572839,69.187289908,14.291814302999999,16.925715811,5676.0,19684.0,1331892.0,275125.0,
2021-06-16,Région,RSS06,06 - Montréal,3986,22216,1314053,284845,26208,1599047,69.407231905,15.462743104000001,18.086566967,4234.0,22541.0,1336126.0,297666.0,
2021-06-17,Région,RSS06,06 - Montréal,4702,20554,1318755,305399,25266,1624313,69.663744323,16.549102804,19.166381392999998,4938.0,20913.0,1341064.0,318579.0,
2021-06-18,Région,RSS06,06 - Montréal,5083,19715,1323838,325114,24805,1649118,69.938697792,17.589230010999998,20.206248867,5293.0,20023.0,1346357.0,338602.0,
2021-06-19,Région,RSS06,06 - Montréal,3509,12248,1327347,337362,15759,1664877,70.127575708,18.238458889,20.856880304,3636.0,12498.0,1349993.0,351100.0,
2021-06-20,Région,RSS06,06 - Montréal,2892,9239,1330239,346601,12133,1677010,70.281805228,18.727588279000003,21.35146409,2969.0,9416.0,1352962.0,360516.0,
2021-06-21,Région,RSS06,06 - Montréal,2913,17293,1333152,363894,20215,1697225,70.44382674100001,19.645485085,22.261465009000002,3119.0,17670.0,1356081.0,378186.0,
2021-06-22,Région,RSS06,06 - Montréal,2455,18094,1335607,381988,20563,1717788,70.581693075,20.609614385,23.216867276,2654.0,18560.0,1358735.0,396746.0,
2021-06-23,Région,RSS06,06 - Montréal,2818,22015,1338425,404003,24845,1742633,70.73732515399999,21.773686231,24.359069594,2996.0,22409.0,1361731.0,419155.0,
2021-06-24,Région,RSS06,06 - Montréal,1840,15169,1340265,419172,17012,1759645,70.84360794199999,22.589871551999998,25.164865590999998,2046.0,15712.0,1363777.0,434867.0,
2021-06-25,Région,RSS06,06 - Montréal,2858,21076,1343123,440248,23944,1783589,71.003291857,23.70869789,26.268107943,3074.0,21538.0,1366851.0,456405.0,
2021-06-26,Région,RSS06,06 - Montréal,2685,16695,1345808,456943,19385,1802974,71.149106025,24.595894243000004,27.144966918,2807.0,17079.0,1369658.0,473484.0,
2021-06-27,Région,RSS06,06 - Montréal,2042,15107,1347850,472050,17152,1820126,71.25886923600001,25.396183896999997,27.93206213,2113.0,15406.0,1371771.0,488890.0,
2021-06-28,Région,RSS06,06 - Montréal,2122,21317,1349972,493367,23447,1843573,71.377723107,26.529659183000003,29.040914718000003,2288.0,21820.0,1374059.0,510710.0,
2021-06-29,Région,RSS06,06 - Montréal,2471,23691,1352443,517058,26174,1869747,71.514134936,27.790507586,30.278439087,2626.0,24272.0,1376685.0,534982.0,
2021-06-30,Région,RSS06,06 - Montréal,2341,23310,1354784,540368,25668,1895415,71.64389759699999,29.030005926999998,31.489678465999997,2498.0,23861.0,1379183.0,558843.0,
2021-07-01,Région,RSS06,06 - Montréal,1683,17989,1356467,558357,19680,1915095,71.738700181,29.988265258000002,32.429340906,1825.0,18447.0,1381008.0,577290.0,
2021-07-02,Région,RSS06,06 - Montréal,2329,21720,1358796,580077,24057,1939152,71.868566736,31.139921861999998,33.55408916,2500.0,22170.0,1383508.0,599460.0,
2021-07-03,Région,RSS06,06 - Montréal,2005,16856,1360801,596933,18870,1958022,71.978018268,32.033819329,34.431259815,2107.0,17208.0,1385615.0,616668.0,
2021-07-04,Région,RSS06,06 - Montréal,1733,15425,1362534,612358,17177,1975199,72.070535201,32.84522556,35.23030275,1781.0,15620.0,1387396.0,632288.0,
2021-07-05,Région,RSS06,06 - Montréal,2139,20858,1364673,633216,23007,1998206,72.188505979,33.951896389,36.315727411,2271.0,21304.0,1389667.0,653592.0,
2021-07-06,Région,RSS06,06 - Montréal,2081,22232,1366754,655448,24326,2022532,72.30445083800001,35.132383368,37.466448976,2232.0,22725.0,1391899.0,676317.0,
2021-07-07,Région,RSS06,06 - Montréal,2333,23267,1369087,678715,25628,2048160,72.43265510100001,36.365076701999996,38.670052201,2468.0,23730.0,1394367.0,700047.0,
2021-07-08,Région,RSS06,06 - Montréal,2116,22341,1371203,701056,24473,2072633,72.54937916,37.549459677,39.829500798000005,2247.0,22800.0,1396614.0,722847.0,
2021-07-09,Région,RSS06,06 - Montréal,2326,25033,1373529,726089,27377,2100010,72.675297771,38.871553147,41.116582245,2424.0,25451.0,1399038.0,748298.0,
2021-07-10,Région,RSS06,06 - Montréal,2137,18767,1375666,744856,20909,2120919,72.790463431,39.859058426,42.080971276999996,2217.0,19010.0,1401255.0,767308.0,
2021-07-11,Région,RSS06,06 - Montréal,1791,15494,1377457,760350,17294,2138213,72.88542185600001,40.669529618,42.873209205,1828.0,15602.0,1403083.0,782910.0,
2021-07-12,Région,RSS06,06 - Montréal,2142,20691,1379599,781041,22842,2161055,73.002561488,41.76908376,43.946530303,2255.0,21167.0,1405338.0,804077.0,
2021-07-13,Région,RSS06,06 - Montréal,2082,20493,1381681,801534,22589,2183644,73.115753177,42.860949802,45.009669863999996,2179.0,21019.0,1407517.0,825096.0,
2021-07-14,Région,RSS06,06 - Montréal,2013,21367,1383694,822901,23399,2207043,73.22468524199999,43.990944665,46.109691525,2097.0,21753.0,1409614.0,846849.0,
2021-07-15,Région,RSS06,06 - Montréal,2236,19764,1385930,842665,22014,2229057,73.346707857,45.040837837,47.128884244,2349.0,20211.0,1411963.0,867060.0,
2021-07-16,Région,RSS06,06 - Montréal,2351,20973,1388281,863638,23341,2252398,73.472678415,46.151352716000005,48.204387100000005,2425.0,21378.0,1414388.0,888438.0,
2021-07-17,Région,RSS06,06 - Montréal,1852,16195,1390133,879833,18058,2270456,73.572208142,47.004472085,49.03272793,1916.0,16423.0,1416304.0,904861.0,
2021-07-18,Région,RSS06,06 - Montréal,1488,13542,1391621,893375,15038,2285494,73.651374793,47.715777176,49.727929569,1524.0,13693.0,1417828.0,918554.0,
2021-07-19,Région,RSS06,06 - Montréal,1819,17802,1393440,911177,19637,2305131,73.750333108,48.656582442,50.642242058,1905.0,18111.0,1419733.0,936665.0,
2021-07-20,Région,RSS06,06 - Montréal,1791,18989,1395231,930166,20791,2325922,73.846953824,49.659879493999995,51.611721859,1860.0,19314.0,1421593.0,955979.0,
2021-07-21,Région,RSS06,06 - Montréal,2192,19427,1397423,949593,21634,2347556,73.964509029,50.685098021,52.603175081,2263.0,19736.0,1423856.0,975715.0,
2021-07-22,Région,RSS06,06 - Montréal,2140,16776,1399563,966369,18936,2366492,74.07873965,51.573541092,53.460709913,2199.0,17103.0,1426055.0,992818.0,
2021-07-23,Région,RSS06,06 - Montréal,2129,19159,1401692,985528,21309,2387801,74.193178058,52.586708001999995,54.436942775,2203.0,19504.0,1428258.0,1012322.0,
2021-07-24,Région,RSS06,06 - Montréal,1696,15094,1403388,1000622,16814,2404615,74.28372102,53.379777076,55.204142431,1743.0,15267.0,1430001.0,1027589.0,
2021-07-25,Région,RSS06,06 - Montréal,1523,12063,1404911,1012685,13644,2418259,74.364394123,54.012798608999994,55.81571000899999,1553.0,12186.0,1431554.0,1039775.0,
2021-07-26,Région,RSS06,06 - Montréal,1709,14540,1406620,1027225,16335,2434594,74.456495484,54.783634529,56.559949259,1773.0,14839.0,1433327.0,1054614.0,
2021-07-27,Région,RSS06,06 - Montréal,2042,14864,1408662,1042089,17015,2451609,74.566570375,55.571612834,57.319720548,2119.0,15169.0,1435446.0,1069783.0,
2021-07-28,Région,RSS06,06 - Montréal,1952,13840,1410614,1055929,15878,2467487,74.671918124,56.306501691,58.029467241000006,2028.0,14147.0,1437474.0,1083930.0,
2021-07-29,Région,RSS06,06 - Montréal,1703,12018,1412317,1067947,13794,2481281,74.762772765,56.943471167,58.640255618999994,1749.0,12262.0,1439223.0,1096192.0,
2021-07-30,Région,RSS06,06 - Montréal,2045,16384,1414362,1084331,18516,2499797,74.872016511,57.805369515,59.46366152,2103.0,16592.0,1441326.0,1112784.0,
2021-07-31,Région,RSS06,06 - Montréal,1766,13516,1416128,1097847,15345,2515142,74.965468483,58.513609755,60.148006315,1799.0,13634.0,1443125.0,1126418.0,
2021-08-01,Région,RSS06,06 - Montréal,1334,8572,1417462,1106419,9965,2525107,75.035492529,58.963207766000004,60.582280071999996,1348.0,8655.0,1444473.0,1135073.0,
2021-08-02,Région,RSS06,06 - Montréal,1704,10267,1419166,1116686,12038,2537145,75.126451064,59.507608362,61.105486446,1751.0,10480.0,1446224.0,1145553.0,
2021-08-03,Région,RSS06,06 - Montréal,1679,8601,1420845,1125287,10343,2547488,75.216422613,59.963751646999995,61.547759983999995,1732.0,8781.0,1447956.0,1154334.0,
2021-08-04,Région,RSS06,06 - Montréal,1549,8696,1422394,1133983,10353,2557841,75.299381368,60.424985702,61.989150429,1597.0,8879.0,1449553.0,1163213.0,
2021-08-05,Région,RSS06,06 - Montréal,1947,8210,1424341,1142193,10253,2568094,75.403066825,60.860817858000004,62.405346762,1996.0,8390.0,1451549.0,1171603.0,
2021-08-06,Région,RSS06,06 - Montréal,2541,10893,1426882,1153086,13575,2581669,75.536985215,61.433789096000005,62.95078629,2578.0,11030.0,1454127.0,1182633.0,
2021-08-07,Région,RSS06,06 - Montréal,1956,8666,1428838,1161752,10700,2592369,75.641294032,61.88712726399999,63.385111994,2008.0,8727.0,1456135.0,1191360.0,
2021-08-08,Région,RSS06,06 - Montréal,1257,4947,1430095,1166699,6255,2598624,75.70757792100001,62.147951251,63.635234978,1276.0,5021.0,1457411.0,1196381.0,
2021-08-09,Région,RSS06,06 - Montréal,1867,7919,1431962,1174618,9885,2608509,75.806692075,62.565809876,64.032574688,1908.0,8044.0,1459319.0,1204425.0,
2021-08-10,Région,RSS06,06 - Montréal,2091,6877,1434053,1181495,9078,2617587,75.91671502,62.930163481,64.38020148,2118.0,7014.0,1461437.0,1211439.0,
2021-08-11,Région,RSS06,06 - Montréal,2408,6420,1436461,1187915,8913,2626500,76.04450371,63.269790494,64.705854852,2460.0,6538.0,1463897.0,1217977.0,
2021-08-12,Région,RSS06,06 - Montréal,2565,6907,1439026,1194822,9587,2636087,76.179564926,63.63419604600001,65.057221801,2600.0,7015.0,1466497.0,1224992.0,
2021-08-13,Région,RSS06,06 - Montréal,2390,9515,1441416,1204337,12043,2648130,76.305847164,64.134442013,65.53185808399999,2431.0,9630.0,1468928.0,1234622.0,
2021-08-14,Région,RSS06,06 - Montréal,2066,8728,1443482,1213065,10873,2659003,76.414103923,64.591624231,65.972105703,2084.0,8801.0,1471012.0,1243423.0,
2021-08-15,Région,RSS06,06 - Montréal,1827,6938,1445309,1220003,8826,2667829,76.51093242600001,64.954315544,66.320355855,1864.0,6982.0,1472876.0,1250405.0,
2021-08-16,Région,RSS06,06 - Montréal,2096,8278,1447405,1228281,10487,2678316,76.621215104,65.389264607,66.736448295,2123.0,8373.0,1474999.0,1258778.0,
2021-08-17,Région,RSS06,06 - Montréal,2129,7432,1449534,1235713,9657,2687973,76.733160074,65.780370722,67.113009356,2155.0,7529.0,1477154.0,1266307.0,
2021-08-18,Région,RSS06,06 - Montréal,2072,7132,1451606,1242845,9291,2697264,76.84224798,66.155892851,67.472687765,2100.0,7229.0,1479254.0,1273536.0,
2021-08-19,Région,RSS06,06 - Montréal,2087,6486,1453693,1249331,8663,2705927,76.951751458,66.495052344,67.800626788,2108.0,6529.0,1481362.0,1280065.0,
2021-08-20,Région,RSS06,06 - Montréal,2338,8818,1456031,1258149,11287,2717214,77.074085752,66.957169491,68.24040688699999,2355.0,8896.0,1483717.0,1288961.0,
2021-08-21,Région,RSS06,06 - Montréal,1741,7389,1457772,1265538,9209,2726423,77.16499234,67.342977051,68.60699419699999,1750.0,7427.0,1485467.0,1296388.0,
2021-08-22,Région,RSS06,06 - Montréal,1250,5381,1459022,1270919,6700,2733123,77.230445084,67.623332968,68.873324527,1260.0,5397.0,1486727.0,1301785.0,
2021-08-23,Région,RSS06,06 - Montréal,1900,6357,1460922,1277276,8358,2741481,77.33018259800001,67.956103027,69.190198919,1920.0,6406.0,1488647.0,1308191.0,
2021-08-24,Région,RSS06,06 - Montréal,1816,5164,1462738,1282440,7093,2748574,77.425089075,68.226329353,69.446763284,1827.0,5202.0,1490474.0,1313393.0,
2021-08-25,Région,RSS06,06 - Montréal,2118,4893,1464856,1287333,7151,2755725,77.53630679300001,68.482478145,69.693198057,2141.0,4931.0,1492615.0,1318324.0,
2021-08-26,Région,RSS06,06 - Montréal,2481,4883,1467337,1292216,7505,2763230,77.666069454,68.737847737,69.939269205,2498.0,4916.0,1495113.0,1323240.0,
2021-08-27,Région,RSS06,06 - Montréal,2661,6305,1469998,1298521,9135,2772365,77.804870827,69.067137372,70.25271512,2672.0,6339.0,1497785.0,1329579.0,
2021-08-28,Région,RSS06,06 - Montréal,1975,5812,1471973,1304333,7956,2780321,77.908088764,69.371388736,70.543460362,1987.0,5857.0,1499772.0,1335436.0,
2021-08-29,Région,RSS06,06 - Montréal,1266,3380,1473239,1307713,4747,2785068,77.974164867,69.54769557,70.712182989,1272.0,3394.0,1501044.0,1338830.0,
2021-08-30,Région,RSS06,06 - Montréal,1956,4774,1475195,1312487,6887,2791955,78.076343872,69.801143137,70.956124325,1967.0,4879.0,1503011.0,1343709.0,
2021-08-31,Région,RSS06,06 - Montréal,2314,4511,1477509,1316998,7063,2799018,78.196963928,70.038279466,71.18578034,2322.0,4565.0,1505333.0,1348274.0,
2021-09-01,Région,RSS06,06 - Montréal,2486,4071,1479995,1321069,6831,2805849,78.326259069,70.249754163,71.391385068,2489.0,4071.0,1507822.0,1352345.0,
2021-09-02,Région,RSS06,06 - Montréal,2378,4224,1482373,1325293,6938,2812787,78.450307602,70.470371465,71.607431068,2388.0,4247.0,1510210.0,1356592.0,
2021-09-03,Région,RSS06,06 - Montréal,2652,5101,1485025,1330394,8136,2820923,78.588381722,70.73659790100001,71.867527803,2658.0,5125.0,1512868.0,1361717.0,
2021-09-04,Région,RSS06,06 - Montréal,2169,4564,1487194,1334958,7034,2827957,78.701157838,70.97326671,72.099469469,2171.0,4556.0,1515039.0,1366273.0,
2021-09-05,Région,RSS06,06 - Montréal,1673,3238,1488867,1338196,5157,2833114,78.78806453600001,71.141106245,72.266841484,1673.0,3231.0,1516712.0,1369504.0,
2021-09-06,Région,RSS06,06 - Montréal,1561,2756,1490428,1340952,4521,2837635,78.869257106,71.283907508,72.407460989,1563.0,2749.0,1518275.0,1372253.0,
2021-09-07,Région,RSS06,06 - Montréal,2134,3813,1492562,1344765,6436,2844071,78.980267037,71.482343603,72.60293612699999,2137.0,3820.0,1520412.0,1376073.0,
2021-09-08,Région,RSS06,06 - Montréal,2304,3659,1494866,1348424,6446,2850517,79.100055947,71.67293575800001,72.792385456,2306.0,3669.0,1522718.0,1379742.0,
2021-09-09,Région,RSS06,06 - Montréal,2110,3521,1496976,1351945,5966,2856483,79.209767212,71.8552684,72.97061431600001,2112.0,3510.0,1524830.0,1383252.0,
2021-09-10,Région,RSS06,06 - Montréal,2232,4344,1499208,1356289,7056,2863539,79.325764018,72.080924525,73.192686123,2233.0,4344.0,1527063.0,1387596.0,
2021-09-11,Région,RSS06,06 - Montréal,1644,3350,1500852,1359639,5276,2868815,79.41121621100001,72.25447818800001,73.363278829,1645.0,3341.0,1528708.0,1390937.0,
2021-09-12,Région,RSS06,06 - Montréal,1251,2455,1502103,1362094,3873,2872688,79.476253381,72.382266878,73.491379198,1252.0,2460.0,1529960.0,1393397.0,
2021-09-13,Région,RSS06,06 - Montréal,1936,3044,1504039,1365138,5389,2878077,79.576822041,72.540392394,73.647374903,1936.0,3044.0,1531896.0,1396441.0,
2021-09-14,Région,RSS06,06 - Montréal,2028,2919,1506067,1368057,5367,2883444,79.682117843,72.691297331,73.798072053,2027.0,2905.0,1533923.0,1399346.0,
2021-09-15,Région,RSS06,06 - Montréal,1861,2954,1507928,1371011,5242,2888686,79.778790506,72.84443597100001,73.950743174,1861.0,2948.0,1535784.0,1402294.0,
2021-09-16,Région,RSS06,06 - Montréal,1932,2870,1509860,1373881,5180,2893866,79.878995539,72.99357472199999,74.098842993,1929.0,2871.0,1537713.0,1405165.0,
2021-09-17,Région,RSS06,06 - Montréal,2354,3819,1512214,1377700,6538,2900404,80.00107009999999,73.19149135100001,74.294422024,2350.0,3810.0,1540063.0,1408975.0,
2021-09-18,Région,RSS06,06 - Montréal,1477,2879,1513691,1380579,4565,2904969,80.077795261,73.340785942,74.441846536,1477.0,2874.0,1541540.0,1411849.0,
2021-09-19,Région,RSS06,06 - Montréal,1037,1929,1514728,1382508,3139,2908108,80.131663907,73.440835135,74.541843783,1037.0,1926.0,1542577.0,1413775.0,
2021-09-20,Région,RSS06,06 - Montréal,1389,2510,1516117,1385018,4176,2912284,80.203713872,73.57007833,74.670307779,1387.0,2488.0,1543964.0,1416263.0,
2021-09-21,Région,RSS06,06 - Montréal,1323,2360,1517440,1387378,3937,2916221,80.272491199,73.692308731,74.791655087,1324.0,2353.0,1545288.0,1418616.0,
2021-09-22,Région,RSS06,06 - Montréal,1345,2267,1518785,1389645,3889,2920110,80.342359405,73.810383402,74.909729758,1345.0,2273.0,1546633.0,1420889.0,
2021-09-23,Région,RSS06,06 - Montréal,1186,2669,1519971,1392314,4178,2924288,80.404071992,73.949704242,75.04993369,1188.0,2682.0,1547821.0,1423571.0,
2021-09-24,Région,RSS06,06 - Montréal,1616,3315,1521587,1395629,5298,2929586,80.488017732,74.12149172,75.221461435,1616.0,3307.0,1549437.0,1426878.0,
2021-09-25,Région,RSS06,06 - Montréal,1101,2485,1522688,1398114,3750,2933336,80.54510707,74.250267395,75.350808523,1099.0,2479.0,1550536.0,1429357.0,
2021-09-26,Région,RSS06,06 - Montréal,754,1473,1523442,1399587,2379,2935715,80.584274823,74.326888662,75.428416776,754.0,1475.0,1551290.0,1430832.0,
2021-09-27,Région,RSS06,06 - Montréal,931,1739,1524373,1401326,2876,2938591,80.632637127,74.41706799800001,75.518076645,931.0,1736.0,1552221.0,1432568.0,
