Date;Nouveaux cas;Cumulatif de cas;
2020-02-25;1;1;
2020-02-26;0;1;
2020-02-27;0;1;
2020-02-28;0;1;
2020-02-29;0;1;
2020-03-01;1;2;
2020-03-02;2;4;
2020-03-03;0;4;
2020-03-04;0;4;
2020-03-05;0;4;
2020-03-06;0;4;
2020-03-07;0;4;
2020-03-08;1;5;
2020-03-09;1;6;
2020-03-10;2;8;
2020-03-11;3;11;
2020-03-12;3;14;
2020-03-13;2;16;
2020-03-14;5;21;
2020-03-15;6;27;
2020-03-16;5;32;
2020-03-17;7;39;
2020-03-18;6;45;
2020-03-19;35;80;
2020-03-20;49;129;
2020-03-21;91;220;
2020-03-22;88;308;
2020-03-23;132;440;
2020-03-24;145;585;
2020-03-25;184;769;
2020-03-26;179;948;
2020-03-27;239;1187;
2020-03-28;198;1385;
2020-03-29;258;1643;
2020-03-30;264;1907;
2020-03-31;329;2236;
2020-04-01;303;2539;
2020-04-02;408;2947;
2020-04-03;347;3294;
2020-04-04;340;3634;
2020-04-05;258;3892;
2020-04-06;455;4347;
2020-04-07;421;4768;
2020-04-08;372;5140;
2020-04-09;350;5490;
2020-04-10;305;5795;
2020-04-11;261;6056;
2020-04-12;327;6383;
2020-04-13;542;6925;
2020-04-14;468;7393;
2020-04-15;612;8005;
2020-04-16;496;8501;
2020-04-17;569;9070;
2020-04-18;330;9400;
2020-04-19;428;9828;
2020-04-20;480;10308;
2020-04-21;456;10764;
2020-04-22;529;11293;
2020-04-23;526;11819;
2020-04-24;491;12310;
2020-04-25;312;12622;
2020-04-26;282;12904;
2020-04-27;461;13365;
2020-04-28;470;13835;
2020-04-29;517;14352;
2020-04-30;587;14939;
2020-05-01;613;15552;
2020-05-02;525;16077;
2020-05-03;345;16422;
2020-05-04;419;16841;
2020-05-05;467;17308;
2020-05-06;568;17876;
2020-05-07;429;18305;
2020-05-08;427;18732;
2020-05-09;312;19044;
2020-05-10;297;19341;
2020-05-11;362;19703;
2020-05-12;426;20129;
2020-05-13;400;20529;
2020-05-14;353;20882;
2020-05-15;344;21226;
2020-05-16;271;21497;
2020-05-17;342;21839;
2020-05-18;330;22169;
2020-05-19;319;22488;
2020-05-20;405;22893;
2020-05-21;377;23270;
2020-05-22;257;23527;
2020-05-23;216;23743;
2020-05-24;216;23959;
2020-05-25;203;24162;
2020-05-26;240;24402;
2020-05-27;252;24654;
2020-05-28;193;24847;
2020-05-29;192;25039;
2020-05-30;205;25244;
2020-05-31;140;25384;
2020-06-01;155;25539;
2020-06-02;97;25636;
2020-06-03;114;25750;
2020-06-04;126;25876;
2020-06-05;109;25985;
2020-06-06;105;26090;
2020-06-07;75;26165;
2020-06-08;51;26216;
2020-06-09;78;26294;
2020-06-10;67;26361;
2020-06-11;66;26427;
2020-06-12;71;26498;
2020-06-13;66;26564;
2020-06-14;28;26592;
2020-06-15;56;26648;
2020-06-16;74;26722;
2020-06-17;53;26775;
2020-06-18;48;26823;
2020-06-19;64;26887;
2020-06-20;33;26920;
2020-06-21;27;26947;
2020-06-22;41;26988;
2020-06-23;40;27028;
2020-06-24;29;27057;
2020-06-25;45;27102;
2020-06-26;42;27144;
2020-06-27;30;27174;
2020-06-28;18;27192;
2020-06-29;16;27208;
2020-06-30;39;27247;
2020-07-01;24;27271;
2020-07-02;16;27287;
2020-07-03;17;27304;
2020-07-04;16;27320;
2020-07-05;7;27327;
2020-07-06;16;27343;
2020-07-07;21;27364;
2020-07-08;33;27397;
2020-07-09;52;27449;
2020-07-10;48;27497;
2020-07-11;22;27519;
2020-07-12;13;27532;
2020-07-13;75;27607;
2020-07-14;64;27671;
2020-07-15;69;27740;
2020-07-16;66;27806;
2020-07-17;99;27905;
2020-07-18;97;28002;
2020-07-19;55;28057;
2020-07-20;37;28094;
2020-07-21;61;28155;
2020-07-22;78;28233;
2020-07-23;94;28327;
2020-07-24;69;28396;
2020-07-25;34;28430;
2020-07-26;52;28482;
2020-07-27;33;28515;
2020-07-28;36;28551;
2020-07-29;69;28620;
2020-07-30;58;28678;
2020-07-31;57;28735;
2020-08-01;50;28785;
2020-08-02;31;28816;
2020-08-03;45;28861;
2020-08-04;65;28926;
2020-08-05;46;28972;
2020-08-06;21;28993;
2020-08-07;46;29039;
2020-08-08;35;29074;
2020-08-09;37;29111;
2020-08-10;34;29145;
2020-08-11;36;29181;
2020-08-12;35;29216;
2020-08-13;38;29254;
2020-08-14;30;29284;
2020-08-15;14;29298;
2020-08-16;12;29310;
2020-08-17;17;29327;
2020-08-18;17;29344;
2020-08-19;22;29366;
2020-08-20;34;29400;
2020-08-21;32;29432;
2020-08-22;19;29451;
2020-08-23;21;29472;
2020-08-24;8;29480;
2020-08-25;29;29509;
2020-08-26;41;29550;
2020-08-27;43;29593;
2020-08-28;25;29618;
2020-08-29;54;29672;
2020-08-30;14;29686;
2020-08-31;32;29718;
2020-09-01;36;29754;
2020-09-02;36;29790;
2020-09-03;72;29862;
2020-09-04;49;29911;
2020-09-05;63;29974;
2020-09-06;57;30031;
2020-09-07;50;30081;
2020-09-08;71;30152;
2020-09-09;70;30222;
2020-09-10;90;30312;
2020-09-11;108;30420;
2020-09-12;71;30491;
2020-09-13;97;30588;
2020-09-14;71;30659;
2020-09-15;93;30752;
2020-09-16;79;30831;
2020-09-17;70;30901;
2020-09-18;197;31098;
2020-09-19;141;31239;
2020-09-20;200;31439;
2020-09-21;140;31579;
2020-09-22;168;31747;
2020-09-23;254;32001;
2020-09-24;235;32236;
2020-09-25;286;32522;
2020-09-26;352;32874;
2020-09-27;274;33148;
2020-09-28;281;33429;
2020-09-29;355;33784;
2020-09-30;316;34100;
2020-10-01;312;34412;
2020-10-02;416;34828;
2020-10-03;365;35193;
2020-10-04;298;35491;
2020-10-05;277;35768;
2020-10-06;254;36022;
2020-10-07;301;36323;
2020-10-08;346;36669;
2020-10-09;284;36953;
2020-10-10;193;37146;
2020-10-11;325;37471;
2020-10-12;267;37738;
2020-10-13;201;37939;
2020-10-14;269;38208;
2020-10-15;254;38462;
2020-10-16;262;38724;
2020-10-17;270;38994;
2020-10-18;190;39184;
2020-10-19;241;39425;
2020-10-20;254;39679;
2020-10-21;288;39967;
2020-10-22;222;40189;
2020-10-23;243;40432;
2020-10-24;166;40598;
2020-10-25;219;40817;
2020-10-26;356;41173;
2020-10-27;243;41416;
2020-10-28;211;41627;
2020-10-29;217;41844;
2020-10-30;196;42040;
2020-10-31;236;42542;
2020-11-01;234;42778;
2020-11-02;194;42704;
2020-11-03;240;42944;
2020-11-04;241;43185;
2020-11-05;326;43511;
2020-11-06;263;43774;
2020-11-07;270;44044;
2020-11-08;274;44318;
2020-11-09;267;44585;
2020-11-10;319;44904;
2020-11-11;345;45249;
2020-11-12;282;45531;
2020-11-13;327;45858;
2020-11-14;302;46160;
2020-11-15;275;46435;
2020-11-16;304;46739;
2020-11-17;238;46977;
2020-11-18;229;47206;
2020-11-19;281;47487;
2020-11-20;251;47738;
2020-11-21;260;47998;
2020-11-22;298;48296;
2020-11-23;276;48572;
2020-11-24;243;48815;
2020-11-25;298;49113;
2020-11-26;347;49460;
2020-11-27;413;49873;
2020-11-28;445;50318;
2020-11-29;363;50681;
2020-11-30;335;51016;
2020-12-01;418;51434;
2020-12-02;457;51891;
2020-12-03;446;52337;
2020-12-04;496;52833;
2020-12-05;518;53351;
2020-12-06;483;53834;
2020-12-07;461;54295;
2020-12-08;527;54822;
2020-12-09;580;55402;
2020-12-10;543;55945;
2020-12-11;640;56585;
2020-12-12;728;57313;
2020-12-13;564;57877;
2020-12-14;673;58550;
2020-12-15;554;59104;
2020-12-16;696;59800;
2020-12-17;929;60729;
2020-12-18;806;61535;
2020-12-19;691;62226;
2020-12-20;649;62875;
2020-12-21;748;63623;
2020-12-22;755;64378;
2020-12-23;700;65078;
2020-12-24;872;65950;
2020-12-25;940;66890;
2020-12-26;751;67641;
2020-12-27;801;68442;
2020-12-28;838;69280;
2020-12-29;998;70278;
2020-12-30;928;71206;
2020-12-31;741;71947;
2021-01-01;1218;73165;
2021-01-02;925;74090;
2021-01-03;789;74879;
2021-01-04;768;75647;
2021-01-05;818;76465;
2021-01-06;1087;77552;
2021-01-07;1273;78825;
2021-01-08;1040;79865;
2021-01-09;818;80683;
2021-01-10;778;81461;
2021-01-11;560;82021;
2021-01-12;859;82880;
2021-01-13;728;83608;
2021-01-14;812;84420;
2021-01-15;714;85134;
2021-01-16;878;86012;
2021-01-17;579;86591;
2021-01-18;466;87057;
2021-01-19;630;87687;
2021-01-20;667;88354;
2021-01-21;763;89117;
2021-01-22;607;89724;
2021-01-23;560;90284;
2021-01-24;425;90709;
2021-01-25;502;91211;
2021-01-26;591;91802;
2021-01-27;454;92256;
2021-01-28;574;92830;
2021-01-29;497;93327;
2021-01-30;552;93879;
2021-01-31;389;94268;
2021-02-01;468;94736;
2021-02-02;558;95294;
2021-02-03;481;95775;
2021-02-04;522;96297;
2021-02-05;546;96843;
2021-02-06;511;97354;
2021-02-07;407;97761;
2021-02-08;331;98092;
2021-02-09;450;98542;
2021-02-10;551;99093;
2021-02-11;473;99566;
2021-02-12;477;100043;
2021-02-13;339;100382;
2021-02-14;351;100733;
2021-02-15;319;101052;
2021-02-16;412;101464;
2021-02-17;327;101791;
2021-02-18;373;102164;
2021-02-19;396;102560;
2021-02-20;384;102944;
2021-02-21;401;103345;
2021-02-22;257;103602;
2021-02-23;419;104021;
2021-02-24;408;104429;
2021-02-25;387;104816;
2021-02-26;397;105213;
2021-02-27;321;105534;
2021-02-28;249;105783;
2021-03-01;258;106041;
2021-03-02;390;106431;
2021-03-03;303;106734;
2021-03-04;376;107110;
2021-03-05;281;107391;
2021-03-06;399;107790;
2021-03-07;266;108056;
2021-03-08;260;108316;
2021-03-09;391;108707;
2021-03-10;315;109022;
2021-03-11;364;109386;
2021-03-12;387;109773;
2021-03-13;279;110052;
2021-03-14;267;110319;
2021-03-15;245;110564;
2021-03-16;336;110900;
2021-03-17;312;111212;
2021-03-18;352;111564;
2021-03-19;319;111883;
2021-03-20;266;112149;
2021-03-21;308;112457;
2021-03-22;228;112685;
2021-03-23;335;113020;
2021-03-24;370;113390;
2021-03-25;356;113746;
2021-03-26;360;114106;
2021-03-27;307;114413;
2021-03-28;260;114673;
2021-03-29;304;114977;
2021-03-30;375;115352;
2021-03-31;401;115753;
2021-04-01;360;116113;
2021-04-02;385;116498;
2021-04-03;355;116853;
2021-04-04;299;117152;
2021-04-05;294;117446;
2021-04-06;309;117755;
2021-04-07;405;118160;
2021-04-08;395;118555;
2021-04-09;515;119070;
2021-04-10;298;119368;
2021-04-11;377;119745;
2021-04-12;264;120009;
2021-04-13;375;120384;
2021-04-14;354;120738;
2021-04-15;432;121170;
2021-04-16;367;121537;
2021-04-17;352;121889;
2021-04-18;219;122108;
2021-04-19;253;122361;
2021-04-20;276;122637;
2021-04-21;312;122949;
2021-04-22;316;123265;
2021-04-23;229;123494;
2021-04-24;340;123834;
2021-04-25;201;124035;
2021-04-26;245;124280;
2021-04-27;291;124571;
2021-04-28;312;124883;
2021-04-29;344;125227;
2021-04-30;325;125552;
2021-05-01;265;125817;
2021-05-02;209;126026;
2021-05-03;229;126255;
2021-05-04;238;126493;
2021-05-05;201;126694;
2021-05-06;261;126955;
2021-05-07;284;127239;
2021-05-08;220;127459;
2021-05-09;203;127662;
2021-05-10;119;127781;
;;;
;;;
;;;
;;;
;;;
;;;
;;;
;;;
;;;
;;;
;;;
;;;
;;;
;;;
;;;
;;;
;;;
;;;
;;;
;;;
;;;
;;;
;;;
;;;
;;;
;;;
;;;
;;;
;;;
;;;
;;;
;;;
;;;
;;;
;;;
;;;
;;;
;;;
;;;
;;;
;;;
;;;
;;;
;;;
;;;
;;;
;;;
;;;
;;;
;;;
;;;
;;;
;;;
;;;
;;;
;;;
;;;
;;;
;;;
;;;
;;;
;;;
;;;
;;;
;;;
;;;
;;;
;;;
;;;
;;;
;;;
;;;
;;;
;;;
;;;
;;;
;;;
;;;
;;;
;;;
;;;
;;;
;;;
;;;
;;;
;;;
