Date;Nouveaux cas;Cumulatif de cas;
2020-02-25;1;1;
2020-02-26;0;1;
2020-02-27;0;1;
2020-02-28;0;1;
2020-02-29;0;1;
2020-03-01;1;2;
2020-03-02;2;4;
2020-03-03;0;4;
2020-03-04;0;4;
2020-03-05;0;4;
2020-03-06;0;4;
2020-03-07;0;4;
2020-03-08;1;5;
2020-03-09;1;6;
2020-03-10;2;8;
2020-03-11;3;11;
2020-03-12;3;14;
2020-03-13;2;16;
2020-03-14;5;21;
2020-03-15;6;27;
2020-03-16;5;32;
2020-03-17;7;39;
2020-03-18;6;45;
2020-03-19;36;81;
2020-03-20;49;130;
2020-03-21;91;221;
2020-03-22;88;309;
2020-03-23;132;441;
2020-03-24;145;586;
2020-03-25;185;771;
2020-03-26;180;951;
2020-03-27;240;1191;
2020-03-28;198;1389;
2020-03-29;258;1647;
2020-03-30;264;1911;
2020-03-31;330;2241;
2020-04-01;303;2544;
2020-04-02;408;2952;
2020-04-03;347;3299;
2020-04-04;340;3639;
2020-04-05;258;3897;
2020-04-06;457;4354;
2020-04-07;422;4776;
2020-04-08;373;5149;
2020-04-09;351;5500;
2020-04-10;305;5805;
2020-04-11;261;6066;
2020-04-12;329;6395;
2020-04-13;542;6937;
2020-04-14;468;7405;
2020-04-15;613;8018;
2020-04-16;496;8514;
2020-04-17;571;9085;
2020-04-18;331;9416;
2020-04-19;428;9844;
2020-04-20;482;10326;
2020-04-21;457;10783;
2020-04-22;530;11313;
2020-04-23;527;11840;
2020-04-24;492;12332;
2020-04-25;312;12644;
2020-04-26;282;12926;
2020-04-27;461;13387;
2020-04-28;471;13858;
2020-04-29;517;14375;
2020-04-30;588;14963;
2020-05-01;613;15576;
2020-05-02;526;16102;
2020-05-03;345;16447;
2020-05-04;419;16866;
2020-05-05;468;17334;
2020-05-06;569;17903;
2020-05-07;429;18332;
2020-05-08;427;18759;
2020-05-09;313;19072;
2020-05-10;299;19371;
2020-05-11;365;19736;
2020-05-12;426;20162;
2020-05-13;400;20562;
2020-05-14;353;20915;
2020-05-15;344;21259;
2020-05-16;271;21530;
2020-05-17;343;21873;
2020-05-18;331;22204;
2020-05-19;319;22523;
2020-05-20;407;22930;
2020-05-21;379;23309;
2020-05-22;257;23566;
2020-05-23;216;23782;
2020-05-24;216;23998;
2020-05-25;203;24201;
2020-05-26;240;24441;
2020-05-27;253;24694;
2020-05-28;193;24887;
2020-05-29;193;25080;
2020-05-30;205;25285;
2020-05-31;140;25425;
2020-06-01;155;25580;
2020-06-02;97;25677;
2020-06-03;114;25791;
2020-06-04;128;25919;
2020-06-05;109;26028;
2020-06-06;105;26133;
2020-06-07;75;26208;
2020-06-08;51;26259;
2020-06-09;79;26338;
2020-06-10;67;26405;
2020-06-11;66;26471;
2020-06-12;72;26543;
2020-06-13;66;26609;
2020-06-14;28;26637;
2020-06-15;56;26693;
2020-06-16;74;26767;
2020-06-17;53;26820;
2020-06-18;48;26868;
2020-06-19;64;26932;
2020-06-20;33;26965;
2020-06-21;27;26992;
2020-06-22;41;27033;
2020-06-23;40;27073;
2020-06-24;29;27102;
2020-06-25;45;27147;
2020-06-26;42;27189;
2020-06-27;30;27219;
2020-06-28;18;27237;
2020-06-29;16;27253;
2020-06-30;40;27293;
2020-07-01;24;27317;
2020-07-02;16;27333;
2020-07-03;17;27350;
2020-07-04;16;27366;
2020-07-05;7;27373;
2020-07-06;16;27389;
2020-07-07;21;27410;
2020-07-08;33;27443;
2020-07-09;52;27495;
2020-07-10;49;27544;
2020-07-11;22;27566;
2020-07-12;13;27579;
2020-07-13;75;27654;
2020-07-14;65;27719;
2020-07-15;69;27788;
2020-07-16;66;27854;
2020-07-17;100;27954;
2020-07-18;97;28051;
2020-07-19;55;28106;
2020-07-20;37;28143;
2020-07-21;62;28205;
2020-07-22;78;28283;
2020-07-23;94;28377;
2020-07-24;68;28445;
2020-07-25;34;28479;
2020-07-26;52;28531;
2020-07-27;34;28565;
2020-07-28;37;28602;
2020-07-29;69;28671;
2020-07-30;59;28730;
2020-07-31;57;28787;
2020-08-01;50;28837;
2020-08-02;31;28868;
2020-08-03;45;28913;
2020-08-04;65;28978;
2020-08-05;46;29024;
2020-08-06;21;29045;
2020-08-07;46;29091;
2020-08-08;35;29126;
2020-08-09;37;29163;
2020-08-10;34;29197;
2020-08-11;36;29233;
2020-08-12;35;29268;
2020-08-13;38;29306;
2020-08-14;30;29336;
2020-08-15;14;29350;
2020-08-16;12;29362;
2020-08-17;17;29379;
2020-08-18;17;29396;
2020-08-19;22;29418;
2020-08-20;34;29452;
2020-08-21;32;29484;
2020-08-22;20;29504;
2020-08-23;21;29525;
2020-08-24;8;29533;
2020-08-25;29;29562;
2020-08-26;41;29603;
2020-08-27;43;29646;
2020-08-28;25;29671;
2020-08-29;54;29725;
2020-08-30;14;29739;
2020-08-31;32;29771;
2020-09-01;36;29807;
2020-09-02;36;29843;
2020-09-03;72;29915;
2020-09-04;49;29964;
2020-09-05;63;30027;
2020-09-06;56;30083;
2020-09-07;50;30133;
2020-09-08;71;30204;
2020-09-09;70;30274;
2020-09-10;90;30364;
2020-09-11;109;30473;
2020-09-12;71;30544;
2020-09-13;98;30642;
2020-09-14;71;30713;
2020-09-15;94;30807;
2020-09-16;80;30887;
2020-09-17;71;30958;
2020-09-18;199;31157;
2020-09-19;141;31298;
2020-09-20;203;31501;
2020-09-21;140;31641;
2020-09-22;169;31810;
2020-09-23;254;32064;
2020-09-24;237;32301;
2020-09-25;287;32588;
2020-09-26;352;32940;
2020-09-27;274;33214;
2020-09-28;282;33496;
2020-09-29;356;33852;
2020-09-30;317;34169;
2020-10-01;312;34481;
2020-10-02;416;34897;
2020-10-03;366;35263;
2020-10-04;300;35563;
2020-10-05;279;35842;
2020-10-06;255;36097;
2020-10-07;303;36400;
2020-10-08;348;36748;
2020-10-09;286;37034;
2020-10-10;194;37228;
2020-10-11;327;37555;
2020-10-12;270;37825;
2020-10-13;202;38027;
2020-10-14;270;38297;
2020-10-15;254;38551;
2020-10-16;264;38815;
2020-10-17;273;39088;
2020-10-18;192;39280;
2020-10-19;244;39524;
2020-10-20;254;39778;
2020-10-21;288;40066;
2020-10-22;223;40289;
2020-10-23;247;40536;
2020-10-24;166;40702;
2020-10-25;220;40922;
2020-10-26;357;41279;
2020-10-27;244;41523;
2020-10-28;211;41734;
2020-10-29;219;41953;
2020-10-30;197;42150;
2020-10-31;239;42542;
2020-11-01;236;42778;
2020-11-02;198;42823;
2020-11-03;240;43063;
2020-11-04;245;43308;
2020-11-05;328;43636;
2020-11-06;265;43901;
2020-11-07;272;44173;
2020-11-08;277;44450;
2020-11-09;268;44718;
2020-11-10;320;45038;
2020-11-11;349;45387;
2020-11-12;286;45673;
2020-11-13;329;46002;
2020-11-14;307;46309;
2020-11-15;277;46586;
2020-11-16;306;46892;
2020-11-17;238;47130;
2020-11-18;229;47359;
2020-11-19;282;47641;
2020-11-20;254;47895;
2020-11-21;266;48161;
2020-11-22;302;48463;
2020-11-23;278;48741;
2020-11-24;243;48984;
2020-11-25;303;49287;
2020-11-26;348;49635;
2020-11-27;416;50051;
2020-11-28;445;50496;
2020-11-29;365;50861;
2020-11-30;338;51199;
2020-12-01;418;51617;
2020-12-02;458;52075;
2020-12-03;451;52526;
2020-12-04;498;53024;
2020-12-05;521;53545;
2020-12-06;484;54029;
2020-12-07;465;54494;
2020-12-08;531;55025;
2020-12-09;585;55610;
2020-12-10;548;56158;
2020-12-11;642;56800;
2020-12-12;734;57534;
2020-12-13;566;58100;
2020-12-14;678;58778;
2020-12-15;559;59337;
2020-12-16;698;60035;
2020-12-17;932;60967;
2020-12-18;813;61780;
2020-12-19;695;62475;
2020-12-20;650;63125;
2020-12-21;752;63877;
2020-12-22;761;64638;
2020-12-23;704;65342;
2020-12-24;877;66219;
2020-12-25;947;67166;
2020-12-26;754;67920;
2020-12-27;803;68723;
2020-12-28;843;69566;
2020-12-29;999;70565;
2020-12-30;934;71499;
2020-12-31;746;72245;
2021-01-01;1231;73476;
2021-01-02;927;74403;
2021-01-03;793;75196;
2021-01-04;771;75967;
2021-01-05;822;76789;
2021-01-06;1095;77884;
2021-01-07;1280;79164;
2021-01-08;1049;80213;
2021-01-09;824;81037;
2021-01-10;778;81815;
2021-01-11;564;82379;
2021-01-12;864;83243;
2021-01-13;732;83975;
2021-01-14;816;84791;
2021-01-15;714;85505;
2021-01-16;885;86390;
2021-01-17;584;86974;
2021-01-18;470;87444;
2021-01-19;637;88081;
2021-01-20;673;88754;
2021-01-21;765;89519;
2021-01-22;614;90133;
2021-01-23;564;90697;
2021-01-24;430;91127;
2021-01-25;505;91632;
2021-01-26;594;92226;
2021-01-27;455;92681;
2021-01-28;577;93258;
2021-01-29;498;93756;
2021-01-30;555;94311;
2021-01-31;390;94701;
2021-02-01;470;95171;
2021-02-02;559;95730;
2021-02-03;486;96216;
2021-02-04;524;96740;
2021-02-05;550;97290;
2021-02-06;512;97802;
2021-02-07;410;98212;
2021-02-08;334;98546;
2021-02-09;451;98997;
2021-02-10;552;99549;
2021-02-11;477;100026;
2021-02-12;483;100509;
2021-02-13;342;100851;
2021-02-14;352;101203;
2021-02-15;317;101520;
2021-02-16;414;101934;
2021-02-17;330;102264;
2021-02-18;376;102640;
2021-02-19;397;103037;
2021-02-20;391;103428;
2021-02-21;405;103833;
2021-02-22;258;104091;
2021-02-23;419;104510;
2021-02-24;410;104920;
2021-02-25;390;105310;
2021-02-26;398;105708;
2021-02-27;323;106031;
2021-02-28;249;106280;
2021-03-01;260;106540;
2021-03-02;391;106931;
2021-03-03;304;107235;
2021-03-04;376;107611;
2021-03-05;281;107892;
2021-03-06;398;108290;
2021-03-07;269;108559;
2021-03-08;260;108819;
2021-03-09;393;109212;
2021-03-10;316;109528;
2021-03-11;366;109894;
2021-03-12;390;110284;
2021-03-13;280;110564;
2021-03-14;271;110835;
2021-03-15;245;111080;
2021-03-16;341;111421;
2021-03-17;313;111734;
2021-03-18;355;112089;
2021-03-19;319;112408;
2021-03-20;266;112674;
2021-03-21;309;112983;
2021-03-22;229;113212;
2021-03-23;340;113552;
2021-03-24;370;113922;
2021-03-25;356;114278;
2021-03-26;361;114639;
2021-03-27;309;114948;
2021-03-28;262;115210;
2021-03-29;303;115513;
2021-03-30;375;115888;
2021-03-31;401;116289;
2021-04-01;360;116649;
2021-04-02;385;117034;
2021-04-03;355;117389;
2021-04-04;304;117693;
2021-04-05;296;117989;
2021-04-06;209;118198;
;;;
;;;
;;;
;;;
;;;
;;;
;;;
;;;
;;;
;;;
;;;
;;;
;;;
;;;
;;;
;;;
;;;
;;;
;;;
;;;
;;;
;;;
;;;
;;;
;;;
;;;
;;;
;;;
;;;
;;;
;;;
;;;
;;;
;;;
;;;
;;;
;;;
;;;
;;;
;;;
;;;
;;;
;;;
;;;
;;;
;;;
;;;
;;;
;;;
;;;
;;;
;;;
;;;
;;;
;;;
;;;
;;;
;;;
;;;
;;;
;;;
;;;
;;;
;;;
;;;
;;;
;;;
;;;
;;;
;;;
;;;
;;;
;;;
;;;
;;;
;;;
;;;
;;;
;;;
;;;
;;;
;;;
;;;
;;;
;;;
;;;
;;;
;;;
;;;
;;;
;;;
;;;
;;;
;;;
;;;
;;;
;;;
;;;
;;;
;;;
;;;
;;;
;;;
;;;
;;;
;;;
;;;
;;;
;;;
;;;
;;;
;;;
;;;
;;;
;;;
;;;
;;;
;;;
;;;
;;;
