Date;Nouveaux cas;Cumulatif de cas
2020-02-25;1;1
2020-02-26;0;1
2020-02-27;0;1
2020-02-28;0;1
2020-02-29;0;1
2020-03-01;0;1
2020-03-02;2;3
2020-03-03;0;3
2020-03-04;0;3
2020-03-05;0;3
2020-03-06;0;3
2020-03-07;0;3
2020-03-08;1;4
2020-03-09;1;5
2020-03-10;2;7
2020-03-11;3;10
2020-03-12;3;13
2020-03-13;2;15
2020-03-14;5;20
2020-03-15;6;26
2020-03-16;5;31
2020-03-17;7;38
2020-03-18;6;44
2020-03-19;36;80
2020-03-20;49;129
2020-03-21;90;219
2020-03-22;90;309
2020-03-23;133;442
2020-03-24;144;586
2020-03-25;187;773
2020-03-26;180;953
2020-03-27;243;1196
2020-03-28;200;1396
2020-03-29;259;1655
2020-03-30;266;1921
2020-03-31;331;2252
2020-04-01;305;2557
2020-04-02;408;2965
2020-04-03;348;3313
2020-04-04;340;3653
2020-04-05;261;3914
2020-04-06;456;4370
2020-04-07;423;4793
2020-04-08;375;5168
2020-04-09;350;5518
2020-04-10;305;5823
2020-04-11;264;6087
2020-04-12;329;6416
2020-04-13;542;6958
2020-04-14;469;7427
2020-04-15;613;8040
2020-04-16;497;8537
2020-04-17;571;9108
2020-04-18;329;9437
2020-04-19;432;9869
2020-04-20;481;10350
2020-04-21;461;10811
2020-04-22;536;11347
2020-04-23;530;11877
2020-04-24;495;12372
2020-04-25;318;12690
2020-04-26;287;12977
2020-04-27;462;13439
2020-04-28;475;13914
2020-04-29;523;14437
2020-04-30;587;15024
2020-05-01;621;15645
2020-05-02;525;16170
2020-05-03;345;16515
2020-05-04;422;16937
2020-05-05;471;17408
2020-05-06;568;17976
2020-05-07;431;18407
2020-05-08;433;18840
2020-05-09;314;19154
2020-05-10;299;19453
2020-05-11;363;19816
2020-05-12;430;20246
2020-05-13;402;20648
2020-05-14;354;21002
2020-05-15;346;21348
2020-05-16;272;21620
2020-05-17;336;21956
2020-05-18;332;22288
2020-05-19;316;22604
2020-05-20;408;23012
2020-05-21;380;23392
2020-05-22;254;23646
2020-05-23;218;23864
2020-05-24;215;24079
2020-05-25;208;24287
2020-05-26;240;24527
2020-05-27;254;24781
2020-05-28;194;24975
2020-05-29;194;25169
2020-05-30;206;25375
2020-05-31;140;25515
2020-06-01;159;25674
2020-06-02;97;25771
2020-06-03;115;25886
2020-06-04;129;26015
2020-06-05;107;26122
2020-06-06;104;26226
2020-06-07;76;26302
2020-06-08;51;26353
2020-06-09;80;26433
2020-06-10;66;26499
2020-06-11;66;26565
2020-06-12;72;26637
2020-06-13;67;26704
2020-06-14;28;26732
2020-06-15;56;26788
2020-06-16;73;26861
2020-06-17;52;26913
2020-06-18;49;26962
2020-06-19;65;27027
2020-06-20;33;27060
2020-06-21;26;27086
2020-06-22;39;27125
2020-06-23;40;27165
2020-06-24;28;27193
2020-06-25;47;27240
2020-06-26;42;27282
2020-06-27;30;27312
2020-06-28;18;27330
2020-06-29;16;27346
2020-06-30;40;27386
2020-07-01;23;27409
2020-07-02;17;27426
2020-07-03;18;27444
2020-07-04;15;27459
2020-07-05;7;27466
2020-07-06;16;27482
2020-07-07;21;27503
2020-07-08;33;27536
2020-07-09;52;27588
2020-07-10;48;27636
2020-07-11;22;27658
2020-07-12;13;27671
2020-07-13;76;27747
2020-07-14;66;27813
2020-07-15;69;27882
2020-07-16;68;27950
2020-07-17;100;28050
2020-07-18;98;28148
2020-07-19;54;28202
2020-07-20;37;28239
2020-07-21;65;28304
2020-07-22;78;28382
2020-07-23;98;28480
2020-07-24;69;28549
2020-07-25;32;28581
2020-07-26;52;28633
2020-07-27;41;28674
2020-07-28;37;28711
2020-07-29;71;28782
2020-07-30;60;28842
2020-07-31;57;28899
2020-08-01;51;28950
2020-08-02;30;28980
2020-08-03;45;29025
2020-08-04;64;29089
2020-08-05;47;29136
2020-08-06;21;29157
2020-08-07;46;29203
2020-08-08;37;29240
2020-08-09;36;29276
2020-08-10;33;29309
2020-08-11;36;29345
2020-08-12;34;29379
2020-08-13;38;29417
2020-08-14;30;29447
2020-08-15;14;29461
2020-08-16;12;29473
2020-08-17;17;29490
2020-08-18;16;29506
2020-08-19;22;29528
2020-08-20;34;29562
2020-08-21;33;29595
2020-08-22;20;29615
2020-08-23;23;29638
2020-08-24;10;29648
2020-08-25;30;29678
2020-08-26;42;29720
2020-08-27;43;29763
2020-08-28;24;29787
2020-08-29;55;29842
2020-08-30;13;29855
2020-08-31;32;29887
2020-09-01;35;29922
2020-09-02;36;29958
2020-09-03;70;30028
2020-09-04;49;30077
2020-09-05;67;30144
2020-09-06;59;30203
2020-09-07;51;30254
2020-09-08;72;30326
2020-09-09;70;30396
2020-09-10;89;30485
2020-09-11;108;30593
2020-09-12;71;30664
2020-09-13;96;30760
2020-09-14;73;30833
2020-09-15;94;30927
2020-09-16;79;31006
2020-09-17;71;31077
2020-09-18;200;31277
2020-09-19;139;31416
2020-09-20;204;31620
2020-09-21;141;31761
2020-09-22;169;31930
2020-09-23;254;32184
2020-09-24;231;32415
2020-09-25;288;32703
2020-09-26;343;33046
2020-09-27;276;33322
2020-09-28;282;33604
2020-09-29;354;33958
2020-09-30;315;34273
2020-10-01;308;34581
2020-10-02;415;34996
2020-10-03;372;35368
2020-10-04;303;35671
2020-10-05;280;35951
2020-10-06;257;36208
2020-10-07;297;36505
2020-10-08;346;36851
2020-10-09;286;37137
2020-10-10;193;37330
2020-10-11;329;37659
2020-10-12;267;37926
2020-10-13;203;38129
2020-10-14;270;38399
2020-10-15;256;38655
2020-10-16;264;38919
2020-10-17;272;39191
2020-10-18;194;39385
2020-10-19;241;39626
2020-10-20;253;39879
2020-10-21;287;40166
2020-10-22;226;40392
2020-10-23;246;40638
2020-10-24;166;40804
2020-10-25;219;41023
2020-10-26;354;41377
2020-10-27;245;41622
2020-10-28;208;41830
2020-10-29;219;42049
2020-10-30;198;42247
2020-10-31;240;42542
2020-11-01;235;42778
2020-11-02;198;42920
2020-11-03;238;43158
2020-11-04;247;43405
2020-11-05;326;43731
2020-11-06;264;43995
2020-11-07;271;44266
2020-11-08;275;44541
2020-11-09;266;44807
2020-11-10;319;45126
2020-11-11;347;45473
2020-11-12;283;45756
2020-11-13;328;46084
2020-11-14;303;46387
2020-11-15;277;46664
2020-11-16;309;46973
2020-11-17;241;47214
2020-11-18;232;47446
2020-11-19;283;47729
2020-11-20;253;47982
2020-11-21;268;48250
2020-11-22;300;48550
2020-11-23;275;48825
2020-11-24;237;49062
2020-11-25;303;49365
2020-11-26;347;49712
2020-11-27;416;50128
2020-11-28;446;50574
2020-11-29;364;50938
2020-11-30;333;51271
2020-12-01;418;51689
2020-12-02;457;52146
2020-12-03;452;52598
2020-12-04;500;53098
2020-12-05;518;53616
2020-12-06;482;54098
2020-12-07;461;54559
2020-12-08;531;55090
2020-12-09;590;55680
2020-12-10;548;56228
2020-12-11;646;56874
2020-12-12;730;57604
2020-12-13;564;58168
2020-12-14;678;58846
2020-12-15;554;59400
2020-12-16;701;60101
2020-12-17;929;61030
2020-12-18;812;61842
2020-12-19;699;62541
2020-12-20;652;63193
2020-12-21;755;63948
2020-12-22;760;64708
2020-12-23;701;65409
2020-12-24;878;66287
2020-12-25;945;67232
2020-12-26;756;67988
2020-12-27;802;68790
2020-12-28;843;69633
2020-12-29;999;70632
2020-12-30;933;71565
2020-12-31;744;72309
2021-01-01;1230;73539
2021-01-02;924;74463
2021-01-03;791;75254
2021-01-04;770;76024
2021-01-05;822;76846
2021-01-06;1094;77940
2021-01-07;1278;79218
2021-01-08;1047;80265
2021-01-09;820;81085
2021-01-10;779;81864
2021-01-11;565;82429
2021-01-12;861;83290
2021-01-13;731;84021
2021-01-14;818;84839
2021-01-15;714;85553
2021-01-16;880;86433
2021-01-17;582;87015
2021-01-18;471;87486
2021-01-19;638;88124
2021-01-20;671;88795
2021-01-21;765;89560
2021-01-22;616;90176
2021-01-23;563;90739
2021-01-24;430;91169
2021-01-25;506;91675
2021-01-26;595;92270
2021-01-27;455;92725
2021-01-28;574;93299
2021-01-29;500;93799
2021-01-30;558;94357
2021-01-31;389;94746
2021-02-01;470;95216
2021-02-02;561;95777
2021-02-03;485;96262
2021-02-04;526;96788
2021-02-05;554;97342
2021-02-06;509;97851
2021-02-07;406;98257
2021-02-08;333;98590
2021-02-09;450;99040
2021-02-10;549;99589
2021-02-11;474;100063
2021-02-12;485;100548
2021-02-13;344;100892
2021-02-14;351;101243
2021-02-15;322;101565
2021-02-16;410;101975
2021-02-17;332;102307
2021-02-18;377;102684
2021-02-19;395;103079
2021-02-20;390;103469
2021-02-21;405;103874
2021-02-22;262;104136
2021-02-23;421;104557
2021-02-24;408;104965
2021-02-25;388;105353
2021-02-26;400;105753
2021-02-27;324;106077
2021-02-28;249;106326
2021-03-01;258;106584
2021-03-02;392;106976
2021-03-03;303;107279
2021-03-04;375;107654
2021-03-05;280;107934
2021-03-06;398;108332
2021-03-07;267;108599
2021-03-08;259;108858
2021-03-09;392;109250
2021-03-10;316;109566
2021-03-11;362;109928
2021-03-12;390;110318
2021-03-13;277;110595
2021-03-14;271;110866
2021-03-15;244;111110
2021-03-16;339;111449
2021-03-17;315;111764
2021-03-18;357;112121
2021-03-19;319;112440
2021-03-20;267;112707
2021-03-21;307;113014
2021-03-22;226;113240
2021-03-23;339;113579
2021-03-24;367;113946
2021-03-25;354;114300
2021-03-26;361;114661
2021-03-27;310;114971
2021-03-28;262;115233
2021-03-29;306;115539
2021-03-30;379;115918
2021-03-31;402;116320
2021-04-01;359;116679
2021-04-02;386;117065
2021-04-03;356;117421
2021-04-04;302;117723
2021-04-05;293;118016
2021-04-06;311;118327
2021-04-07;406;118733
2021-04-08;394;119127
2021-04-09;517;119644
2021-04-10;296;119940
2021-04-11;378;120318
2021-04-12;261;120579
2021-04-13;372;120951
2021-04-14;354;121305
2021-04-15;431;121736
2021-04-16;366;122102
2021-04-17;351;122453
2021-04-18;217;122670
2021-04-19;253;122923
2021-04-20;273;123196
2021-04-21;311;123507
2021-04-22;315;123822
2021-04-23;229;124051
2021-04-24;341;124392
2021-04-25;198;124590
2021-04-26;244;124834
2021-04-27;292;125126
2021-04-28;311;125437
2021-04-29;343;125780
2021-04-30;323;126103
2021-05-01;262;126365
2021-05-02;211;126576
2021-05-03;223;126799
2021-05-04;238;127037
2021-05-05;199;127236
2021-05-06;259;127495
2021-05-07;279;127774
2021-05-08;212;127986
2021-05-09;196;128182
2021-05-10;189;128371
2021-05-11;261;128632
2021-05-12;261;128893
2021-05-13;291;129184
2021-05-14;243;129427
2021-05-15;206;129633
2021-05-16;185;129818
2021-05-17;191;130009
2021-05-18;206;130215
2021-05-19;263;130478
2021-05-20;247;130725
2021-05-21;197;130922
2021-05-22;181;131103
2021-05-23;114;131217
2021-05-24;155;131372
2021-05-25;164;131536
2021-05-26;154;131690
2021-05-27;147;131837
2021-05-28;142;131979
2021-05-29;83;132062
2021-05-30;80;132142
2021-05-31;83;132225
2021-06-01;107;132332
2021-06-02;99;132431
2021-06-03;84;132515
2021-06-04;87;132602
2021-06-05;73;132675
2021-06-06;49;132724
2021-06-07;60;132784
2021-06-08;56;132840
2021-06-09;42;132882
2021-06-10;64;132946
2021-06-11;67;133013
2021-06-12;51;133064
2021-06-13;35;133099
2021-06-14;36;133135
2021-06-15;62;133197
2021-06-16;45;133242
2021-06-17;57;133299
2021-06-18;50;133349
2021-06-19;24;133373
2021-06-20;27;133400
2021-06-21;28;133428
2021-06-22;46;133474
2021-06-23;28;133502
2021-06-24;27;133529
2021-06-25;35;133564
2021-06-26;35;133599
2021-06-27;13;133612
2021-06-28;38;133650
2021-06-29;40;133690
2021-06-30;26;133716
2021-07-01;25;133741
2021-07-02;26;133767
2021-07-03;23;133790
2021-07-04;12;133802
2021-07-05;22;133824
2021-07-06;30;133854
2021-07-07;29;133883
2021-07-08;33;133916
2021-07-09;25;133941
2021-07-10;18;133959
2021-07-11;20;133979
2021-07-12;27;134006
2021-07-13;31;134037
2021-07-14;32;134069
2021-07-15;40;134109
2021-07-16;30;134139
2021-07-17;32;134171
2021-07-18;35;134206
2021-07-19;28;134234
2021-07-20;54;134288
2021-07-21;53;134341
2021-07-22;49;134390
2021-07-23;46;134436
2021-07-24;33;134469
2021-07-25;35;134504
2021-07-26;40;134544
2021-07-27;52;134596
2021-07-28;48;134644
2021-07-29;16;134660
2021-07-30;106;134766
2021-07-31;52;134818
2021-08-01;43;134861
2021-08-02;54;134915
2021-08-03;52;134967
2021-08-04;94;135061
2021-08-05;103;135164
2021-08-06;93;135257
2021-08-07;86;135343
2021-08-08;69;135412
2021-08-09;86;135498
2021-08-10;105;135603
2021-08-11;152;135755
2021-08-12;143;135898
2021-08-13;158;136056
2021-08-14;142;136198
2021-08-15;135;136333
2021-08-16;138;136471
2021-08-17;148;136619
2021-08-18;201;136820
2021-08-19;179;136999
2021-08-20;209;137208
2021-08-21;157;137365
2021-08-22;129;137494
2021-08-23;161;137655
2021-08-24;216;137871
2021-08-25;225;138096
2021-08-26;248;138344
2021-08-27;200;138544
2021-08-28;154;138698
2021-08-29;133;138831
2021-08-30;181;139012
2021-08-31;246;139258
2021-09-01;274;139532
2021-09-02;245;139777
2021-09-03;249;140026
2021-09-04;204;140230
2021-09-05;192;140422
2021-09-06;182;140604
2021-09-07;202;140806
2021-09-08;238;141044
2021-09-09;315;141359
2021-09-10;286;141645
2021-09-11;236;141881
2021-09-12;205;142086
2021-09-13;234;142320
2021-09-14;249;142569
2021-09-15;319;142888
2021-09-16;284;143172
2021-09-17;266;143438
2021-09-18;261;143699
2021-09-19;213;143912
2021-09-20;206;144118
2021-09-21;227;144345
2021-09-22;252;144597
2021-09-23;210;144807
2021-09-24;268;145075
2021-09-25;209;145284
2021-09-26;137;145421
2021-09-27;140;145561
2021-09-28;188;145749
2021-09-29;234;145983
2021-09-30;189;146172
2021-10-01;149;146321
2021-10-02;119;146440
2021-10-03;128;146568
2021-10-04;119;146687
2021-10-05;130;146817
2021-10-06;161;146978
2021-10-07;175;147153
2021-10-08;155;147308
2021-10-09;153;147461
2021-10-10;91;147552
2021-10-11;129;147681
2021-10-12;157;147838
2021-10-13;145;147983
2021-10-14;193;148176
2021-10-15;208;148384
2021-10-16;141;148525
2021-10-17;95;148620
2021-10-18;122;148742
2021-10-19;119;148861
2021-10-20;141;149002
2021-10-21;89;149091
2021-10-22;120;149211
2021-10-23;99;149310
2021-10-24;102;149412
2021-10-25;103;149515
2021-10-26;147;149662
2021-10-27;141;149803
2021-10-28;168;149971
2021-10-29;138;150109
2021-10-30;143;150252
2021-10-31;141;150393
2021-11-01;123;150516
2021-11-02;111;150627
2021-11-03;164;150791
2021-11-04;153;150944
2021-11-05;165;151109
2021-11-06;204;151313
2021-11-07;179;151492
2021-11-08;152;151644
2021-11-09;234;151878
2021-11-10;213;152091
2021-11-11;197;152288
2021-11-12;188;152476
2021-11-13;168;152644
2021-11-14;141;152785
2021-11-15;135;152920
2021-11-16;268;153188
2021-11-17;238;153426
2021-11-18;191;153617
2021-11-19;256;153873
2021-11-20;206;154079
2021-11-21;216;154295
2021-11-22;179;154474
2021-11-23;239;154713
2021-11-24;302;155015
2021-11-25;302;155317
2021-11-26;244;155561
2021-11-27;219;155780
2021-11-28;227;156007
2021-11-29;291;156298
2021-11-30;340;156638
2021-12-01;386;157024
2021-12-02;409;157433
2021-12-03;383;157816
2021-12-04;389;158205
2021-12-05;342;158547
2021-12-06;346;158893
2021-12-07;403;159296
2021-12-08;498;159794
2021-12-09;559;160353
2021-12-10;547;160900
2021-12-11;449;161349
2021-12-12;414;161763
2021-12-13;726;162489
2021-12-14;916;163405
2021-12-15;973;164378
2021-12-16;1148;165526
2021-12-17;1166;166692
2021-12-18;1611;168303
2021-12-19;1413;169716
2021-12-20;2025;171741
2021-12-21;2441;174182
2021-12-22;3351;177533
2021-12-23;3356;180889
2021-12-24;3406;184295
2021-12-25;3073;187368
2021-12-26;3010;190378
2021-12-27;3964;194342
2021-12-28;4669;199011
2021-12-29;4632;203643
2021-12-30;4471;208114
2021-12-31;4035;212149
2022-01-01;3704;215853
2022-01-02;3885;219738
2022-01-03;3675;223413
2022-01-04;4521;227934
2022-01-05;4483;232417
2022-01-06;3829;236246
2022-01-07;3230;239476
2022-01-08;2523;241999
2022-01-09;3255;245254
2022-01-10;3326;248580
2022-01-11;2190;250770
2022-01-12;2044;252814
2022-01-13;1960;254774
2022-01-14;1744;256518
2022-01-15;1332;257850
2022-01-16;1181;259031
2022-01-17;977;260008
2022-01-18;1453;261461
2022-01-19;1212;262673
2022-01-20;1149;263822
2022-01-21;1049;264871
2022-01-22;649;265520
2022-01-23;519;266039
2022-01-24;801;266840
2022-01-25;760;267600
2022-01-26;776;268376
2022-01-27;612;268988
2022-01-28;600;269588
2022-01-29;578;270166
2022-01-30;382;270548
2022-01-31;578;271126
2022-02-01;684;271810
2022-02-02;746;272556
2022-02-03;622;273178
2022-02-04;523;273701
2022-02-05;339;274040
2022-02-06;331;274371
2022-02-07;612;274983
2022-02-08;543;275526
2022-02-09;454;275980
2022-02-10;481;276461
2022-02-11;531;276992
2022-02-12;242;277234
2022-02-13;248;277482
2022-02-14;379;277861
2022-02-15;341;278202
2022-02-16;320;278522
2022-02-17;309;278831
2022-02-18;227;279058
2022-02-19;172;279230
2022-02-20;130;279360
2022-02-21;268;279628
2022-02-22;236;279864
2022-02-23;206;280070
2022-02-24;231;280301
2022-02-25;180;280481
2022-02-26;127;280608
2022-02-27;103;280711
2022-02-28;248;280959
2022-03-01;206;281165
2022-03-02;152;281317
2022-03-03;261;281578
2022-03-04;134;281712
2022-03-05;119;281831
2022-03-06;128;281959
2022-03-07;180;282139
2022-03-08;201;282340
2022-03-09;183;282523
2022-03-10;157;282680
2022-03-11;175;282855
2022-03-12;104;282959
2022-03-13;66;283025
2022-03-14;170;283195
2022-03-15;194;283389
2022-03-16;247;283636
2022-03-17;218;283854
2022-03-18;177;284031
2022-03-19;149;284180
2022-03-20;150;284330
2022-03-21;273;284603
2022-03-22;400;285003
2022-03-23;414;285417
2022-03-24;439;285856
2022-03-25;413;286269
2022-03-26;308;286577
2022-03-27;304;286881
2022-03-28;550;287431
2022-03-29;580;288011
2022-03-30;663;288674
2022-03-31;557;289231
2022-04-01;649;289880
2022-04-02;462;290342
2022-04-03;473;290815
2022-04-04;672;291487
2022-04-05;785;292272
2022-04-06;741;293013
2022-04-07;704;293717
2022-04-08;610;294327
2022-04-09;479;294806
2022-04-10;462;295268
2022-04-11;616;295884
2022-04-12;624;296508
2022-04-13;795;297303
2022-04-14;586;297889
2022-04-15;425;298314
2022-04-16;326;298640
2022-04-17;270;298910
2022-04-18;371;299281
2022-04-19;467;299748
2022-04-20;581;300329
2022-04-21;391;300720
2022-04-22;452;301172
2022-04-23;334;301506
2022-04-24;318;301824
2022-04-25;379;302203
2022-04-26;391;302594
2022-04-27;390;302984
2022-04-28;367;303351
2022-04-29;348;303699
2022-04-30;185;303884
2022-05-01;200;304084
2022-05-02;131;304215
;;
;;
;;
;;
;;
;;
;;
;;
;;
;;
;;
;;
;;
;;
;;
;;
;;
;;
;;
;;
;;
;;
;;
;;
;;
;;
;;
;;
;;
;;
;;
;;
;;
;;
;;
;;
;;
;;
;;
;;
;;
;;
;;
;;
;;
;;
;;
;;
;;
;;
;;
;;
;;
;;
;;
;;
;;
;;
;;
;;
;;
;;
;;
;;
;;
;;
;;
;;
;;
;;
;;
;;
;;
;;
;;
;;
;;
;;
;;
;;
;;
;;
;;
;;
;;
;;
;;
;;
;;
;;
;;
;;
;;
;;
;;
;;
;;
;;
;;
;;
;;
;;
;;
;;
;;
;;
;;
;;
;;
;;
;;
;;
;;
;;
;;
;;
;;
;;
;;
;;
;;
;;
;;
;;
;;
;;
;;
;;
;;
;;
;;
;;
;;
;;
;;
;;
;;
;;
;;
;;
;;
;;
;;
;;
;;
;;
;;
;;
;;
