Date;Nouveaux cas;Cumulatif de cas;;
2020-02-25;1;1;;
2020-02-26;0;1;;
2020-02-27;0;1;;
2020-02-28;0;1;;
2020-02-29;0;1;;
2020-03-01;1;2;;
2020-03-02;2;4;;
2020-03-03;0;4;;
2020-03-04;0;4;;
2020-03-05;0;4;;
2020-03-06;0;4;;
2020-03-07;0;4;;
2020-03-08;1;5;;
2020-03-09;1;6;;
2020-03-10;2;8;;
2020-03-11;3;11;;
2020-03-12;3;14;;
2020-03-13;2;16;;
2020-03-14;5;21;;
2020-03-15;6;27;;
2020-03-16;5;32;;
2020-03-17;7;39;;
2020-03-18;6;45;;
2020-03-19;35;80;;
2020-03-20;49;129;;
2020-03-21;91;220;;
2020-03-22;88;308;;
2020-03-23;132;440;;
2020-03-24;145;585;;
2020-03-25;184;769;;
2020-03-26;179;948;;
2020-03-27;240;1188;;
2020-03-28;198;1386;;
2020-03-29;258;1644;;
2020-03-30;264;1908;;
2020-03-31;330;2238;;
2020-04-01;303;2541;;
2020-04-02;407;2948;;
2020-04-03;347;3295;;
2020-04-04;340;3635;;
2020-04-05;259;3894;;
2020-04-06;455;4349;;
2020-04-07;421;4770;;
2020-04-08;372;5142;;
2020-04-09;350;5492;;
2020-04-10;305;5797;;
2020-04-11;262;6059;;
2020-04-12;327;6386;;
2020-04-13;542;6928;;
2020-04-14;470;7398;;
2020-04-15;611;8009;;
2020-04-16;496;8505;;
2020-04-17;569;9074;;
2020-04-18;330;9404;;
2020-04-19;429;9833;;
2020-04-20;481;10314;;
2020-04-21;457;10771;;
2020-04-22;530;11301;;
2020-04-23;524;11825;;
2020-04-24;491;12316;;
2020-04-25;313;12629;;
2020-04-26;282;12911;;
2020-04-27;461;13372;;
2020-04-28;471;13843;;
2020-04-29;517;14360;;
2020-04-30;587;14947;;
2020-05-01;614;15561;;
2020-05-02;527;16088;;
2020-05-03;345;16433;;
2020-05-04;419;16852;;
2020-05-05;467;17319;;
2020-05-06;566;17885;;
2020-05-07;429;18314;;
2020-05-08;430;18744;;
2020-05-09;310;19054;;
2020-05-10;299;19353;;
2020-05-11;361;19714;;
2020-05-12;428;20142;;
2020-05-13;400;20542;;
2020-05-14;353;20895;;
2020-05-15;343;21238;;
2020-05-16;271;21509;;
2020-05-17;340;21849;;
2020-05-18;332;22181;;
2020-05-19;319;22500;;
2020-05-20;405;22905;;
2020-05-21;376;23281;;
2020-05-22;255;23536;;
2020-05-23;218;23754;;
2020-05-24;216;23970;;
2020-05-25;205;24175;;
2020-05-26;238;24413;;
2020-05-27;252;24665;;
2020-05-28;194;24859;;
2020-05-29;192;25051;;
2020-05-30;204;25255;;
2020-05-31;140;25395;;
2020-06-01;157;25552;;
2020-06-02;99;25651;;
2020-06-03;116;25767;;
2020-06-04;126;25893;;
2020-06-05;109;26002;;
2020-06-06;105;26107;;
2020-06-07;77;26184;;
2020-06-08;51;26235;;
2020-06-09;79;26314;;
2020-06-10;68;26382;;
2020-06-11;66;26448;;
2020-06-12;71;26519;;
2020-06-13;64;26583;;
2020-06-14;28;26611;;
2020-06-15;57;26668;;
2020-06-16;74;26742;;
2020-06-17;53;26795;;
2020-06-18;48;26843;;
2020-06-19;64;26907;;
2020-06-20;33;26940;;
2020-06-21;27;26967;;
2020-06-22;40;27007;;
2020-06-23;40;27047;;
2020-06-24;29;27076;;
2020-06-25;46;27122;;
2020-06-26;43;27165;;
2020-06-27;30;27195;;
2020-06-28;18;27213;;
2020-06-29;16;27229;;
2020-06-30;40;27269;;
2020-07-01;24;27293;;
2020-07-02;16;27309;;
2020-07-03;17;27326;;
2020-07-04;16;27342;;
2020-07-05;7;27349;;
2020-07-06;16;27365;;
2020-07-07;21;27386;;
2020-07-08;33;27419;;
2020-07-09;52;27471;;
2020-07-10;48;27519;;
2020-07-11;22;27541;;
2020-07-12;13;27554;;
2020-07-13;75;27629;;
2020-07-14;64;27693;;
2020-07-15;69;27762;;
2020-07-16;66;27828;;
2020-07-17;101;27929;;
2020-07-18;97;28026;;
2020-07-19;55;28081;;
2020-07-20;37;28118;;
2020-07-21;62;28180;;
2020-07-22;78;28258;;
2020-07-23;94;28352;;
2020-07-24;69;28421;;
2020-07-25;34;28455;;
2020-07-26;52;28507;;
2020-07-27;33;28540;;
2020-07-28;36;28576;;
2020-07-29;69;28645;;
2020-07-30;59;28704;;
2020-07-31;56;28760;;
2020-08-01;49;28809;;
2020-08-02;30;28839;;
2020-08-03;45;28884;;
2020-08-04;65;28949;;
2020-08-05;46;28995;;
2020-08-06;21;29016;;
2020-08-07;45;29061;;
2020-08-08;35;29096;;
2020-08-09;37;29133;;
2020-08-10;34;29167;;
2020-08-11;36;29203;;
2020-08-12;35;29238;;
2020-08-13;38;29276;;
2020-08-14;29;29305;;
2020-08-15;14;29319;;
2020-08-16;12;29331;;
2020-08-17;17;29348;;
2020-08-18;17;29365;;
2020-08-19;22;29387;;
2020-08-20;34;29421;;
2020-08-21;33;29454;;
2020-08-22;19;29473;;
2020-08-23;21;29494;;
2020-08-24;9;29503;;
2020-08-25;29;29532;;
2020-08-26;41;29573;;
2020-08-27;43;29616;;
2020-08-28;25;29641;;
2020-08-29;54;29695;;
2020-08-30;14;29709;;
2020-08-31;32;29741;;
2020-09-01;37;29778;;
2020-09-02;35;29813;;
2020-09-03;72;29885;;
2020-09-04;49;29934;;
2020-09-05;63;29997;;
2020-09-06;57;30054;;
2020-09-07;50;30104;;
2020-09-08;71;30175;;
2020-09-09;70;30245;;
2020-09-10;90;30335;;
2020-09-11;109;30444;;
2020-09-12;71;30515;;
2020-09-13;97;30612;;
2020-09-14;71;30683;;
2020-09-15;92;30775;;
2020-09-16;77;30852;;
2020-09-17;71;30923;;
2020-09-18;197;31120;;
2020-09-19;141;31261;;
2020-09-20;200;31461;;
2020-09-21;137;31598;;
2020-09-22;168;31766;;
2020-09-23;254;32020;;
2020-09-24;231;32251;;
2020-09-25;287;32538;;
2020-09-26;350;32888;;
2020-09-27;272;33160;;
2020-09-28;281;33441;;
2020-09-29;353;33794;;
2020-09-30;315;34109;;
2020-10-01;312;34421;;
2020-10-02;415;34836;;
2020-10-03;366;35202;;
2020-10-04;298;35500;;
2020-10-05;279;35779;;
2020-10-06;256;36035;;
2020-10-07;300;36335;;
2020-10-08;347;36682;;
2020-10-09;286;36968;;
2020-10-10;191;37159;;
2020-10-11;324;37483;;
2020-10-12;267;37750;;
2020-10-13;199;37949;;
2020-10-14;270;38219;;
2020-10-15;254;38473;;
2020-10-16;259;38732;;
2020-10-17;268;39000;;
2020-10-18;189;39189;;
2020-10-19;238;39427;;
2020-10-20;254;39681;;
2020-10-21;284;39965;;
2020-10-22;220;40185;;
2020-10-23;239;40424;;
2020-10-24;166;40590;;
2020-10-25;216;40806;;
2020-10-26;354;41160;;
2020-10-27;242;41402;;
2020-10-28;211;41613;;
2020-10-29;217;41830;;
2020-10-30;194;42024;;
2020-10-31;236;42542;;
2020-11-01;235;42778;;
2020-11-02;191;42686;;
2020-11-03;238;42924;;
2020-11-04;241;43165;;
2020-11-05;321;43486;;
2020-11-06;262;43748;;
2020-11-07;270;44018;;
2020-11-08;273;44291;;
2020-11-09;267;44558;;
2020-11-10;319;44877;;
2020-11-11;346;45223;;
2020-11-12;282;45505;;
2020-11-13;326;45831;;
2020-11-14;302;46133;;
2020-11-15;274;46407;;
2020-11-16;308;46715;;
2020-11-17;238;46953;;
2020-11-18;230;47183;;
2020-11-19;280;47463;;
2020-11-20;249;47712;;
2020-11-21;262;47974;;
2020-11-22;296;48270;;
2020-11-23;276;48546;;
2020-11-24;242;48788;;
2020-11-25;297;49085;;
2020-11-26;344;49429;;
2020-11-27;415;49844;;
2020-11-28;445;50289;;
2020-11-29;362;50651;;
2020-11-30;335;50986;;
2020-12-01;413;51399;;
2020-12-02;455;51854;;
2020-12-03;445;52299;;
2020-12-04;495;52794;;
2020-12-05;514;53308;;
2020-12-06;480;53788;;
2020-12-07;462;54250;;
2020-12-08;523;54773;;
2020-12-09;579;55352;;
2020-12-10;545;55897;;
2020-12-11;636;56533;;
2020-12-12;721;57254;;
2020-12-13;561;57815;;
2020-12-14;668;58483;;
2020-12-15;553;59036;;
2020-12-16;694;59730;;
2020-12-17;925;60655;;
2020-12-18;802;61457;;
2020-12-19;688;62145;;
2020-12-20;644;62789;;
2020-12-21;747;63536;;
2020-12-22;752;64288;;
2020-12-23;693;64981;;
2020-12-24;869;65850;;
2020-12-25;933;66783;;
2020-12-26;743;67526;;
2020-12-27;797;68323;;
2020-12-28;835;69158;;
2020-12-29;996;70154;;
2020-12-30;922;71076;;
2020-12-31;742;71818;;
2021-01-01;1209;73027;;
2021-01-02;925;73952;;
2021-01-03;785;74737;;
2021-01-04;766;75503;;
2021-01-05;818;76321;;
2021-01-06;1086;77407;;
2021-01-07;1271;78678;;
2021-01-08;1031;79709;;
2021-01-09;815;80524;;
2021-01-10;775;81299;;
2021-01-11;557;81856;;
2021-01-12;851;82707;;
2021-01-13;726;83433;;
2021-01-14;810;84243;;
2021-01-15;711;84954;;
2021-01-16;875;85829;;
2021-01-17;578;86407;;
2021-01-18;462;86869;;
2021-01-19;627;87496;;
2021-01-20;667;88163;;
2021-01-21;759;88922;;
2021-01-22;603;89525;;
2021-01-23;556;90081;;
2021-01-24;425;90506;;
2021-01-25;497;91003;;
2021-01-26;586;91589;;
2021-01-27;452;92041;;
2021-01-28;566;92607;;
2021-01-29;493;93100;;
2021-01-30;544;93644;;
2021-01-31;384;94028;;
2021-02-01;467;94495;;
2021-02-02;553;95048;;
2021-02-03;482;95530;;
2021-02-04;520;96050;;
2021-02-05;546;96596;;
2021-02-06;508;97104;;
2021-02-07;405;97509;;
2021-02-08;328;97837;;
2021-02-09;445;98282;;
2021-02-10;551;98833;;
2021-02-11;472;99305;;
2021-02-12;472;99777;;
2021-02-13;338;100115;;
2021-02-14;350;100465;;
2021-02-15;317;100782;;
2021-02-16;407;101189;;
2021-02-17;326;101515;;
2021-02-18;371;101886;;
2021-02-19;395;102281;;
2021-02-20;380;102661;;
2021-02-21;399;103060;;
2021-02-22;257;103317;;
2021-02-23;418;103735;;
2021-02-24;407;104142;;
2021-02-25;381;104523;;
2021-02-26;394;104917;;
2021-02-27;318;105235;;
2021-02-28;247;105482;;
2021-03-01;254;105736;;
2021-03-02;387;106123;;
2021-03-03;300;106423;;
2021-03-04;375;106798;;
2021-03-05;279;107077;;
2021-03-06;399;107476;;
2021-03-07;265;107741;;
2021-03-08;259;108000;;
2021-03-09;388;108388;;
2021-03-10;313;108701;;
2021-03-11;364;109065;;
2021-03-12;387;109452;;
2021-03-13;278;109730;;
2021-03-14;265;109995;;
2021-03-15;245;110240;;
2021-03-16;334;110574;;
2021-03-17;315;110889;;
2021-03-18;351;111240;;
2021-03-19;316;111556;;
2021-03-20;266;111822;;
2021-03-21;306;112128;;
2021-03-22;228;112356;;
2021-03-23;334;112690;;
2021-03-24;369;113059;;
2021-03-25;354;113413;;
2021-03-26;360;113773;;
2021-03-27;307;114080;;
2021-03-28;257;114337;;
2021-03-29;303;114640;;
2021-03-30;374;115014;;
2021-03-31;395;115409;;
2021-04-01;358;115767;;
2021-04-02;385;116152;;
2021-04-03;352;116504;;
2021-04-04;297;116801;;
2021-04-05;292;117093;;
2021-04-06;307;117400;;
2021-04-07;404;117804;;
2021-04-08;396;118200;;
2021-04-09;515;118715;;
2021-04-10;298;119013;;
2021-04-11;376;119389;;
2021-04-12;264;119653;;
2021-04-13;376;120029;;
2021-04-14;355;120384;;
2021-04-15;430;120814;;
2021-04-16;365;121179;;
2021-04-17;352;121531;;
2021-04-18;219;121750;;
2021-04-19;252;122002;;
2021-04-20;276;122278;;
2021-04-21;313;122591;;
2021-04-22;316;122907;;
2021-04-23;228;123135;;
2021-04-24;343;123478;;
2021-04-25;199;123677;;
2021-04-26;244;123921;;
2021-04-27;292;124213;;
2021-04-28;314;124527;;
2021-04-29;344;124871;;
2021-04-30;326;125197;;
2021-05-01;264;125461;;
2021-05-02;211;125672;;
2021-05-03;228;125900;;
2021-05-04;239;126139;;
2021-05-05;203;126342;;
2021-05-06;261;126603;;
2021-05-07;283;126886;;
2021-05-08;213;127099;;
2021-05-09;198;127297;;
2021-05-10;189;127486;;
2021-05-11;263;127749;;
2021-05-12;261;128010;;
2021-05-13;291;128301;;
2021-05-14;246;128547;;
2021-05-15;207;128754;;
2021-05-16;190;128944;;
2021-05-17;192;129136;;
2021-05-18;210;129346;;
2021-05-19;265;129611;;
2021-05-20;249;129860;;
2021-05-21;197;130057;;
2021-05-22;182;130239;;
2021-05-23;116;130355;;
2021-05-24;156;130511;;
2021-05-25;164;130675;;
2021-05-26;157;130832;;
2021-05-27;148;130980;;
2021-05-28;143;131123;;
2021-05-29;85;131208;;
2021-05-30;81;131289;;
2021-05-31;84;131373;;
2021-06-01;108;131481;;
2021-06-02;100;131581;;
2021-06-03;87;131668;;
2021-06-04;88;131756;;
2021-06-05;73;131829;;
2021-06-06;50;131879;;
2021-06-07;60;131939;;
2021-06-08;60;131999;;
2021-06-09;44;132043;;
2021-06-10;68;132111;;
2021-06-11;69;132180;;
2021-06-12;52;132232;;
2021-06-13;36;132268;;
2021-06-14;36;132304;;
2021-06-15;62;132366;;
2021-06-16;44;132410;;
2021-06-17;60;132470;;
2021-06-18;51;132521;;
2021-06-19;27;132548;;
2021-06-20;28;132576;;
2021-06-21;28;132604;;
2021-06-22;45;132649;;
2021-06-23;29;132678;;
2021-06-24;28;132706;;
2021-06-25;35;132741;;
2021-06-26;35;132776;;
2021-06-27;13;132789;;
2021-06-28;39;132828;;
2021-06-29;45;132873;;
2021-06-30;27;132900;;
2021-07-01;27;132927;;
2021-07-02;26;132953;;
2021-07-03;27;132980;;
2021-07-04;13;132993;;
2021-07-05;23;133016;;
2021-07-06;34;133050;;
2021-07-07;30;133080;;
2021-07-08;35;133115;;
2021-07-09;27;133142;;
2021-07-10;19;133161;;
2021-07-11;22;133183;;
2021-07-12;27;133210;;
2021-07-13;33;133243;;
2021-07-14;31;133274;;
2021-07-15;40;133314;;
2021-07-16;31;133345;;
2021-07-17;31;133376;;
2021-07-18;10;133386;;
;;;;
;;;;
;;;;
;;;;
;;;;
;;;;
;;;;
;;;;
;;;;
;;;;
;;;;
;;;;
;;;;
;;;;
;;;;
;;;;
;;;;
;;;;
;;;;
;;;;
;;;;
;;;;
;;;;
;;;;
;;;;
;;;;
;;;;
;;;;
;;;;
;;;;
;;;;
;;;;
;;;;
;;;;
;;;;
;;;;
;;;;
;;;;
;;;;
;;;;
;;;;
;;;;
;;;;
;;;;
;;;;
;;;;
;;;;
;;;;
;;;;
;;;;
;;;;
;;;;
;;;;
;;;;
;;;;
;;;;
;;;;
;;;;
;;;;
;;;;
;;;;
;;;;
;;;;
;;;;
;;;;
;;;;
;;;;
;;;;
;;;;
;;;;
;;;;
;;;;
;;;;
;;;;
;;;;
;;;;
;;;;
;;;;
;;;;
;;;;
;;;;
;;;;
;;;;
;;;;
;;;;
;;;;
;;;;
;;;;
;;;;
;;;;
;;;;
;;;;
;;;;
;;;;
;;;;
;;;;
;;;;
;;;;
;;;;
;;;;
;;;;
;;;;
;;;;
;;;;
;;;;
;;;;
;;;;
;;;;
;;;;
;;;;
;;;;
;;;;
;;;;
;;;;
;;;;
;;;;
;;;;
;;;;
;;;;
;;;;
;;;;
;;;;
;;;;
;;;;
;;;;
;;;;
;;;;
;;;;
;;;;
;;;;
;;;;
;;;;
;;;;
;;;;
;;;;
;;;;
;;;;
;;;;
;;;;
;;;;
;;;;
;;;;
;;;;
;;;;
;;;;
;;;;
;;;;
;;;;
;;;;
;;;;
;;;;
;;;;
;;;;
;;;;
;;;;
;;;;
;;;;
;;;;
;;;;
;;;;
;;;;
;;;;
;;;;
;;;;
;;;;
;;;;
;;;;
;;;;
;;;;
;;;;
;;;;
;;;;
;;;;
;;;;
;;;;
;;;;
;;;;
;;;;
;;;;
;;;;
;;;;
;;;;
;;;;
;;;;
;;;;
;;;;
;;;;
;;;;
;;;;
;;;;
;;;;
;;;;
;;;;
;;;;
;;;;
;;;;
;;;;
;;;;
;;;;
;;;;
;;;;
;;;;
;;;;
;;;;
;;;;
;;;;
;;;;
;;;;
;;;;
;;;;
;;;;
;;;;
;;;;
;;;;
;;;;
;;;;
;;;;
;;;;
;;;;
;;;;
;;;;
;;;;
;;;;
;;;;
;;;;
;;;;
;;;;
;;;;
;;;;
;;;;
;;;;
;;;;
;;;;
;;;;
;;;;
;;;;
;;;;
;;;;
;;;;
;;;;
;;;;
;;;;
;;;;
;;;;
;;;;
;;;;
;;;;
;;;;
;;;;
;;;;
;;;;
;;;;
;;;;
;;;;
;;;;
;;;;
;;;;
;;;;
;;;;
;;;;
;;;;
;;;;
;;;;
;;;;
;;;;
;;;;
;;;;
;;;;
;;;;
;;;;
;;;;
;;;;
;;;;
;;;;
;;;;
;;;;
;;;;
;;;;
;;;;
;;;;
;;;;
;;;;
;;;;
;;;;
;;;;
;;;;
;;;;
;;;;
;;;;
;;;;
;;;;
;;;;
;;;;
;;;;
;;;;
;;;;
;;;;
;;;;
;;;;
;;;;
;;;;
;;;;
;;;;
;;;;
;;;;
;;;;
;;;;
;;;;
;;;;
;;;;
;;;;
;;;;
;;;;
;;;;
;;;;
;;;;
;;;;
;;;;
;;;;
;;;;
;;;;
;;;;
;;;;
;;;;
;;;;
;;;;
;;;;
;;;;
;;;;
;;;;
;;;;
;;;;
;;;;
;;;;
;;;;
;;;;
;;;;
;;;;
;;;;
;;;;
;;;;
;;;;
;;;;
;;;;
;;;;
;;;;
;;;;
;;;;
;;;;
;;;;
;;;;
;;;;
;;;;
;;;;
;;;;
;;;;
;;;;
;;;;
;;;;
;;;;
;;;;
;;;;
;;;;
;;;;
;;;;
;;;;
;;;;
;;;;
;;;;
;;;;
;;;;
;;;;
;;;;
;;;;
;;;;
;;;;
;;;;
;;;;
;;;;
;;;;
;;;;
;;;;
;;;;
;;;;
;;;;
;;;;
;;;;
;;;;
;;;;
;;;;
;;;;
;;;;
;;;;
;;;;
;;;;
;;;;
;;;;
;;;;
;;;;
;;;;
;;;;
;;;;
;;;;
;;;;
;;;;
;;;;
;;;;
;;;;
;;;;
;;;;
;;;;
;;;;
;;;;
;;;;
;;;;
;;;;
;;;;
;;;;
;;;;
;;;;
;;;;
;;;;
;;;;
;;;;
;;;;
;;;;
;;;;
;;;;
;;;;
;;;;
;;;;
;;;;
;;;;
;;;;
;;;;
;;;;
;;;;
;;;;
;;;;
;;;;
;;;;
;;;;
;;;;
;;;;
;;;;
;;;;
;;;;
;;;;
;;;;
;;;;
;;;;
;;;;
;;;;
;;;;
;;;;
;;;;
;;;;
;;;;
;;;;
;;;;
;;;;
;;;;
;;;;
;;;;
;;;;
;;;;
;;;;
;;;;
;;;;
;;;;
;;;;
;;;;
;;;;
;;;;
;;;;
;;;;
;;;;
;;;;
;;;;
;;;;
;;;;
;;;;
;;;;
;;;;
;;;;
;;;;
;;;;
;;;;
;;;;
;;;;
;;;;
;;;;
;;;;
;;;;
;;;;
;;;;
;;;;
;;;;
;;;;
;;;;
;;;;
;;;;
;;;;
;;;;
;;;;
;;;;
;;;;
;;;;
;;;;
;;;;
;;;;
;;;;
;;;;
;;;;
;;;;
;;;;
;;;;
;;;;
;;;;
;;;;
;;;;
;;;;
;;;;
;;;;
;;;;
;;;;
;;;;
;;;;
;;;;
;;;;
;;;;
;;;;
;;;;
;;;;
;;;;
;;;;
;;;;
;;;;
