Date;Nouveaux cas;Cumulatif de cas;;
2020-02-25;1;1;;
2020-02-26;0;1;;
2020-02-27;0;1;;
2020-02-28;0;1;;
2020-02-29;0;1;;
2020-03-01;1;2;;
2020-03-02;2;4;;
2020-03-03;0;4;;
2020-03-04;0;4;;
2020-03-05;0;4;;
2020-03-06;0;4;;
2020-03-07;0;4;;
2020-03-08;1;5;;
2020-03-09;1;6;;
2020-03-10;2;8;;
2020-03-11;3;11;;
2020-03-12;3;14;;
2020-03-13;2;16;;
2020-03-14;5;21;;
2020-03-15;6;27;;
2020-03-16;5;32;;
2020-03-17;7;39;;
2020-03-18;6;45;;
2020-03-19;35;80;;
2020-03-20;49;129;;
2020-03-21;91;220;;
2020-03-22;89;309;;
2020-03-23;133;442;;
2020-03-24;145;587;;
2020-03-25;187;774;;
2020-03-26;180;954;;
2020-03-27;241;1195;;
2020-03-28;200;1395;;
2020-03-29;258;1653;;
2020-03-30;264;1917;;
2020-03-31;329;2246;;
2020-04-01;304;2550;;
2020-04-02;406;2956;;
2020-04-03;345;3301;;
2020-04-04;340;3641;;
2020-04-05;258;3899;;
2020-04-06;455;4354;;
2020-04-07;421;4775;;
2020-04-08;372;5147;;
2020-04-09;349;5496;;
2020-04-10;305;5801;;
2020-04-11;262;6063;;
2020-04-12;328;6391;;
2020-04-13;542;6933;;
2020-04-14;468;7401;;
2020-04-15;610;8011;;
2020-04-16;496;8507;;
2020-04-17;568;9075;;
2020-04-18;330;9405;;
2020-04-19;428;9833;;
2020-04-20;480;10313;;
2020-04-21;455;10768;;
2020-04-22;530;11298;;
2020-04-23;525;11823;;
2020-04-24;490;12313;;
2020-04-25;312;12625;;
2020-04-26;282;12907;;
2020-04-27;461;13368;;
2020-04-28;472;13840;;
2020-04-29;517;14357;;
2020-04-30;587;14944;;
2020-05-01;613;15557;;
2020-05-02;526;16083;;
2020-05-03;343;16426;;
2020-05-04;419;16845;;
2020-05-05;467;17312;;
2020-05-06;566;17878;;
2020-05-07;429;18307;;
2020-05-08;426;18733;;
2020-05-09;312;19045;;
2020-05-10;297;19342;;
2020-05-11;360;19702;;
2020-05-12;427;20129;;
2020-05-13;398;20527;;
2020-05-14;351;20878;;
2020-05-15;341;21219;;
2020-05-16;271;21490;;
2020-05-17;337;21827;;
2020-05-18;331;22158;;
2020-05-19;318;22476;;
2020-05-20;405;22881;;
2020-05-21;375;23256;;
2020-05-22;255;23511;;
2020-05-23;217;23728;;
2020-05-24;215;23943;;
2020-05-25;203;24146;;
2020-05-26;237;24383;;
2020-05-27;253;24636;;
2020-05-28;193;24829;;
2020-05-29;192;25021;;
2020-05-30;204;25225;;
2020-05-31;140;25365;;
2020-06-01;156;25521;;
2020-06-02;98;25619;;
2020-06-03;115;25734;;
2020-06-04;126;25860;;
2020-06-05;109;25969;;
2020-06-06;104;26073;;
2020-06-07;75;26148;;
2020-06-08;51;26199;;
2020-06-09;79;26278;;
2020-06-10;67;26345;;
2020-06-11;66;26411;;
2020-06-12;72;26483;;
2020-06-13;64;26547;;
2020-06-14;28;26575;;
2020-06-15;57;26632;;
2020-06-16;74;26706;;
2020-06-17;53;26759;;
2020-06-18;48;26807;;
2020-06-19;64;26871;;
2020-06-20;33;26904;;
2020-06-21;26;26930;;
2020-06-22;40;26970;;
2020-06-23;40;27010;;
2020-06-24;28;27038;;
2020-06-25;47;27085;;
2020-06-26;42;27127;;
2020-06-27;30;27157;;
2020-06-28;18;27175;;
2020-06-29;16;27191;;
2020-06-30;40;27231;;
2020-07-01;24;27255;;
2020-07-02;16;27271;;
2020-07-03;17;27288;;
2020-07-04;16;27304;;
2020-07-05;7;27311;;
2020-07-06;15;27326;;
2020-07-07;21;27347;;
2020-07-08;33;27380;;
2020-07-09;52;27432;;
2020-07-10;48;27480;;
2020-07-11;22;27502;;
2020-07-12;13;27515;;
2020-07-13;75;27590;;
2020-07-14;65;27655;;
2020-07-15;69;27724;;
2020-07-16;66;27790;;
2020-07-17;101;27891;;
2020-07-18;97;27988;;
2020-07-19;55;28043;;
2020-07-20;37;28080;;
2020-07-21;62;28142;;
2020-07-22;78;28220;;
2020-07-23;94;28314;;
2020-07-24;70;28384;;
2020-07-25;33;28417;;
2020-07-26;52;28469;;
2020-07-27;35;28504;;
2020-07-28;36;28540;;
2020-07-29;69;28609;;
2020-07-30;59;28668;;
2020-07-31;56;28724;;
2020-08-01;49;28773;;
2020-08-02;30;28803;;
2020-08-03;46;28849;;
2020-08-04;64;28913;;
2020-08-05;45;28958;;
2020-08-06;21;28979;;
2020-08-07;45;29024;;
2020-08-08;35;29059;;
2020-08-09;37;29096;;
2020-08-10;33;29129;;
2020-08-11;36;29165;;
2020-08-12;35;29200;;
2020-08-13;38;29238;;
2020-08-14;29;29267;;
2020-08-15;14;29281;;
2020-08-16;12;29293;;
2020-08-17;17;29310;;
2020-08-18;17;29327;;
2020-08-19;22;29349;;
2020-08-20;34;29383;;
2020-08-21;33;29416;;
2020-08-22;19;29435;;
2020-08-23;21;29456;;
2020-08-24;9;29465;;
2020-08-25;30;29495;;
2020-08-26;41;29536;;
2020-08-27;43;29579;;
2020-08-28;25;29604;;
2020-08-29;54;29658;;
2020-08-30;13;29671;;
2020-08-31;32;29703;;
2020-09-01;36;29739;;
2020-09-02;35;29774;;
2020-09-03;72;29846;;
2020-09-04;49;29895;;
2020-09-05;63;29958;;
2020-09-06;57;30015;;
2020-09-07;50;30065;;
2020-09-08;71;30136;;
2020-09-09;69;30205;;
2020-09-10;90;30295;;
2020-09-11;107;30402;;
2020-09-12;71;30473;;
2020-09-13;97;30570;;
2020-09-14;72;30642;;
2020-09-15;92;30734;;
2020-09-16;77;30811;;
2020-09-17;70;30881;;
2020-09-18;198;31079;;
2020-09-19;141;31220;;
2020-09-20;200;31420;;
2020-09-21;137;31557;;
2020-09-22;169;31726;;
2020-09-23;253;31979;;
2020-09-24;231;32210;;
2020-09-25;286;32496;;
2020-09-26;349;32845;;
2020-09-27;273;33118;;
2020-09-28;282;33400;;
2020-09-29;354;33754;;
2020-09-30;312;34066;;
2020-10-01;310;34376;;
2020-10-02;415;34791;;
2020-10-03;365;35156;;
2020-10-04;299;35455;;
2020-10-05;278;35733;;
2020-10-06;255;35988;;
2020-10-07;298;36286;;
2020-10-08;345;36631;;
2020-10-09;282;36913;;
2020-10-10;191;37104;;
2020-10-11;323;37427;;
2020-10-12;266;37693;;
2020-10-13;198;37891;;
2020-10-14;269;38160;;
2020-10-15;254;38414;;
2020-10-16;259;38673;;
2020-10-17;268;38941;;
2020-10-18;188;39129;;
2020-10-19;238;39367;;
2020-10-20;254;39621;;
2020-10-21;284;39905;;
2020-10-22;221;40126;;
2020-10-23;240;40366;;
2020-10-24;166;40532;;
2020-10-25;217;40749;;
2020-10-26;352;41101;;
2020-10-27;241;41342;;
2020-10-28;209;41551;;
2020-10-29;217;41768;;
2020-10-30;194;41962;;
2020-10-31;236;42542;;
2020-11-01;234;42778;;
2020-11-02;191;42623;;
2020-11-03;236;42859;;
2020-11-04;241;43100;;
2020-11-05;321;43421;;
2020-11-06;261;43682;;
2020-11-07;270;43952;;
2020-11-08;272;44224;;
2020-11-09;266;44490;;
2020-11-10;318;44808;;
2020-11-11;344;45152;;
2020-11-12;282;45434;;
2020-11-13;325;45759;;
2020-11-14;302;46061;;
2020-11-15;274;46335;;
2020-11-16;308;46643;;
2020-11-17;238;46881;;
2020-11-18;231;47112;;
2020-11-19;280;47392;;
2020-11-20;248;47640;;
2020-11-21;260;47900;;
2020-11-22;296;48196;;
2020-11-23;276;48472;;
2020-11-24;238;48710;;
2020-11-25;297;49007;;
2020-11-26;344;49351;;
2020-11-27;415;49766;;
2020-11-28;444;50210;;
2020-11-29;361;50571;;
2020-11-30;335;50906;;
2020-12-01;413;51319;;
2020-12-02;454;51773;;
2020-12-03;445;52218;;
2020-12-04;495;52713;;
2020-12-05;513;53226;;
2020-12-06;479;53705;;
2020-12-07;460;54165;;
2020-12-08;523;54688;;
2020-12-09;576;55264;;
2020-12-10;543;55807;;
2020-12-11;634;56441;;
2020-12-12;718;57159;;
2020-12-13;561;57720;;
2020-12-14;669;58389;;
2020-12-15;553;58942;;
2020-12-16;693;59635;;
2020-12-17;925;60560;;
2020-12-18;802;61362;;
2020-12-19;687;62049;;
2020-12-20;645;62694;;
2020-12-21;748;63442;;
2020-12-22;751;64193;;
2020-12-23;694;64887;;
2020-12-24;870;65757;;
2020-12-25;933;66690;;
2020-12-26;743;67433;;
2020-12-27;797;68230;;
2020-12-28;836;69066;;
2020-12-29;996;70062;;
2020-12-30;921;70983;;
2020-12-31;737;71720;;
2021-01-01;1208;72928;;
2021-01-02;923;73851;;
2021-01-03;784;74635;;
2021-01-04;764;75399;;
2021-01-05;815;76214;;
2021-01-06;1083;77297;;
2021-01-07;1271;78568;;
2021-01-08;1032;79600;;
2021-01-09;814;80414;;
2021-01-10;778;81192;;
2021-01-11;558;81750;;
2021-01-12;850;82600;;
2021-01-13;726;83326;;
2021-01-14;811;84137;;
2021-01-15;709;84846;;
2021-01-16;874;85720;;
2021-01-17;577;86297;;
2021-01-18;461;86758;;
2021-01-19;627;87385;;
2021-01-20;665;88050;;
2021-01-21;761;88811;;
2021-01-22;603;89414;;
2021-01-23;556;89970;;
2021-01-24;423;90393;;
2021-01-25;497;90890;;
2021-01-26;586;91476;;
2021-01-27;452;91928;;
2021-01-28;565;92493;;
2021-01-29;492;92985;;
2021-01-30;545;93530;;
2021-01-31;386;93916;;
2021-02-01;466;94382;;
2021-02-02;552;94934;;
2021-02-03;480;95414;;
2021-02-04;520;95934;;
2021-02-05;547;96481;;
2021-02-06;506;96987;;
2021-02-07;402;97389;;
2021-02-08;329;97718;;
2021-02-09;443;98161;;
2021-02-10;549;98710;;
2021-02-11;472;99182;;
2021-02-12;474;99656;;
2021-02-13;339;99995;;
2021-02-14;349;100344;;
2021-02-15;318;100662;;
2021-02-16;407;101069;;
2021-02-17;326;101395;;
2021-02-18;371;101766;;
2021-02-19;393;102159;;
2021-02-20;380;102539;;
2021-02-21;399;102938;;
2021-02-22;258;103196;;
2021-02-23;418;103614;;
2021-02-24;406;104020;;
2021-02-25;381;104401;;
2021-02-26;394;104795;;
2021-02-27;317;105112;;
2021-02-28;247;105359;;
2021-03-01;255;105614;;
2021-03-02;387;106001;;
2021-03-03;300;106301;;
2021-03-04;375;106676;;
2021-03-05;279;106955;;
2021-03-06;400;107355;;
2021-03-07;266;107621;;
2021-03-08;260;107881;;
2021-03-09;388;108269;;
2021-03-10;314;108583;;
2021-03-11;362;108945;;
2021-03-12;388;109333;;
2021-03-13;277;109610;;
2021-03-14;266;109876;;
2021-03-15;245;110121;;
2021-03-16;336;110457;;
2021-03-17;314;110771;;
2021-03-18;351;111122;;
2021-03-19;316;111438;;
2021-03-20;266;111704;;
2021-03-21;306;112010;;
2021-03-22;228;112238;;
2021-03-23;333;112571;;
2021-03-24;368;112939;;
2021-03-25;353;113292;;
2021-03-26;360;113652;;
2021-03-27;308;113960;;
2021-03-28;257;114217;;
2021-03-29;304;114521;;
2021-03-30;375;114896;;
2021-03-31;396;115292;;
2021-04-01;356;115648;;
2021-04-02;385;116033;;
2021-04-03;352;116385;;
2021-04-04;296;116681;;
2021-04-05;292;116973;;
2021-04-06;307;117280;;
2021-04-07;403;117683;;
2021-04-08;395;118078;;
2021-04-09;514;118592;;
2021-04-10;297;118889;;
2021-04-11;377;119266;;
2021-04-12;259;119525;;
2021-04-13;372;119897;;
2021-04-14;354;120251;;
2021-04-15;430;120681;;
2021-04-16;366;121047;;
2021-04-17;353;121400;;
2021-04-18;218;121618;;
2021-04-19;252;121870;;
2021-04-20;275;122145;;
2021-04-21;311;122456;;
2021-04-22;315;122771;;
2021-04-23;228;122999;;
2021-04-24;340;123339;;
2021-04-25;199;123538;;
2021-04-26;245;123783;;
2021-04-27;290;124073;;
2021-04-28;310;124383;;
2021-04-29;341;124724;;
2021-04-30;325;125049;;
2021-05-01;264;125313;;
2021-05-02;211;125524;;
2021-05-03;226;125750;;
2021-05-04;238;125988;;
2021-05-05;201;126189;;
2021-05-06;260;126449;;
2021-05-07;282;126731;;
2021-05-08;212;126943;;
2021-05-09;196;127139;;
2021-05-10;188;127327;;
2021-05-11;262;127589;;
2021-05-12;261;127850;;
2021-05-13;291;128141;;
2021-05-14;243;128384;;
2021-05-15;207;128591;;
2021-05-16;186;128777;;
2021-05-17;191;128968;;
2021-05-18;208;129176;;
2021-05-19;263;129439;;
2021-05-20;248;129687;;
2021-05-21;196;129883;;
2021-05-22;181;130064;;
2021-05-23;114;130178;;
2021-05-24;153;130331;;
2021-05-25;164;130495;;
2021-05-26;154;130649;;
2021-05-27;148;130797;;
2021-05-28;142;130939;;
2021-05-29;82;131021;;
2021-05-30;80;131101;;
2021-05-31;84;131185;;
2021-06-01;107;131292;;
2021-06-02;99;131391;;
2021-06-03;85;131476;;
2021-06-04;87;131563;;
2021-06-05;73;131636;;
2021-06-06;49;131685;;
2021-06-07;60;131745;;
2021-06-08;57;131802;;
2021-06-09;42;131844;;
2021-06-10;64;131908;;
2021-06-11;68;131976;;
2021-06-12;51;132027;;
2021-06-13;35;132062;;
2021-06-14;36;132098;;
2021-06-15;62;132160;;
2021-06-16;44;132204;;
2021-06-17;57;132261;;
2021-06-18;50;132311;;
2021-06-19;24;132335;;
2021-06-20;28;132363;;
2021-06-21;28;132391;;
2021-06-22;45;132436;;
2021-06-23;28;132464;;
2021-06-24;27;132491;;
2021-06-25;35;132526;;
2021-06-26;35;132561;;
2021-06-27;13;132574;;
2021-06-28;38;132612;;
2021-06-29;40;132652;;
2021-06-30;26;132678;;
2021-07-01;25;132703;;
2021-07-02;26;132729;;
2021-07-03;24;132753;;
2021-07-04;12;132765;;
2021-07-05;22;132787;;
2021-07-06;30;132817;;
2021-07-07;29;132846;;
2021-07-08;33;132879;;
2021-07-09;25;132904;;
2021-07-10;18;132922;;
2021-07-11;22;132944;;
2021-07-12;27;132971;;
2021-07-13;31;133002;;
2021-07-14;32;133034;;
2021-07-15;40;133074;;
2021-07-16;30;133104;;
2021-07-17;32;133136;;
2021-07-18;35;133171;;
2021-07-19;28;133199;;
2021-07-20;54;133253;;
2021-07-21;53;133306;;
2021-07-22;49;133355;;
2021-07-23;46;133401;;
2021-07-24;33;133434;;
2021-07-25;35;133469;;
2021-07-26;39;133508;;
2021-07-27;52;133560;;
2021-07-28;48;133608;;
2021-07-29;16;133624;;
2021-07-30;106;133730;;
2021-07-31;52;133782;;
2021-08-01;43;133825;;
2021-08-02;54;133879;;
2021-08-03;52;133931;;
2021-08-04;94;134025;;
2021-08-05;103;134128;;
2021-08-06;93;134221;;
2021-08-07;86;134307;;
2021-08-08;70;134377;;
2021-08-09;86;134463;;
2021-08-10;103;134566;;
2021-08-11;152;134718;;
2021-08-12;143;134861;;
2021-08-13;158;135019;;
2021-08-14;143;135162;;
2021-08-15;135;135297;;
2021-08-16;139;135436;;
2021-08-17;148;135584;;
2021-08-18;201;135785;;
2021-08-19;178;135963;;
2021-08-20;208;136171;;
2021-08-21;158;136329;;
2021-08-22;129;136458;;
2021-08-23;160;136618;;
2021-08-24;218;136836;;
2021-08-25;226;137062;;
2021-08-26;246;137308;;
2021-08-27;200;137508;;
2021-08-28;154;137662;;
2021-08-29;134;137796;;
2021-08-30;181;137977;;
2021-08-31;246;138223;;
2021-09-01;275;138498;;
2021-09-02;242;138740;;
2021-09-03;250;138990;;
2021-09-04;204;139194;;
2021-09-05;193;139387;;
2021-09-06;182;139569;;
2021-09-07;203;139772;;
2021-09-08;239;140011;;
2021-09-09;317;140328;;
2021-09-10;286;140614;;
2021-09-11;237;140851;;
2021-09-12;204;141055;;
2021-09-13;236;141291;;
2021-09-14;249;141540;;
2021-09-15;319;141859;;
2021-09-16;284;142143;;
2021-09-17;266;142409;;
2021-09-18;261;142670;;
2021-09-19;214;142884;;
2021-09-20;207;143091;;
2021-09-21;229;143320;;
2021-09-22;252;143572;;
2021-09-23;211;143783;;
2021-09-24;269;144052;;
2021-09-25;211;144263;;
2021-09-26;136;144399;;
2021-09-27;140;144539;;
2021-09-28;190;144729;;
2021-09-29;236;144965;;
2021-09-30;190;145155;;
2021-10-01;149;145304;;
2021-10-02;119;145423;;
2021-10-03;128;145551;;
2021-10-04;120;145671;;
2021-10-05;132;145803;;
2021-10-06;159;145962;;
2021-10-07;88;146050;;
;;;;
;;;;
;;;;
;;;;
;;;;
;;;;
;;;;
;;;;
;;;;
;;;;
;;;;
;;;;
;;;;
;;;;
;;;;
;;;;
;;;;
;;;;
;;;;
;;;;
;;;;
;;;;
;;;;
;;;;
;;;;
;;;;
;;;;
;;;;
;;;;
;;;;
;;;;
;;;;
;;;;
;;;;
;;;;
;;;;
;;;;
;;;;
;;;;
;;;;
;;;;
;;;;
;;;;
;;;;
;;;;
;;;;
;;;;
;;;;
;;;;
;;;;
;;;;
;;;;
;;;;
;;;;
;;;;
;;;;
;;;;
;;;;
;;;;
;;;;
;;;;
;;;;
;;;;
;;;;
;;;;
;;;;
;;;;
;;;;
;;;;
;;;;
;;;;
;;;;
;;;;
;;;;
;;;;
;;;;
;;;;
;;;;
;;;;
;;;;
;;;;
;;;;
;;;;
;;;;
;;;;
;;;;
;;;;
;;;;
;;;;
;;;;
;;;;
;;;;
;;;;
;;;;
;;;;
;;;;
;;;;
;;;;
;;;;
;;;;
;;;;
;;;;
;;;;
;;;;
;;;;
;;;;
;;;;
;;;;
;;;;
;;;;
;;;;
;;;;
;;;;
;;;;
;;;;
;;;;
;;;;
;;;;
;;;;
;;;;
;;;;
;;;;
;;;;
;;;;
;;;;
;;;;
;;;;
;;;;
;;;;
;;;;
;;;;
;;;;
;;;;
;;;;
;;;;
;;;;
;;;;
;;;;
;;;;
;;;;
;;;;
;;;;
;;;;
;;;;
;;;;
;;;;
;;;;
;;;;
;;;;
;;;;
;;;;
;;;;
;;;;
;;;;
;;;;
;;;;
;;;;
;;;;
;;;;
;;;;
;;;;
;;;;
;;;;
;;;;
;;;;
;;;;
;;;;
;;;;
;;;;
;;;;
;;;;
;;;;
;;;;
;;;;
;;;;
;;;;
;;;;
;;;;
;;;;
;;;;
;;;;
;;;;
;;;;
;;;;
;;;;
;;;;
;;;;
;;;;
;;;;
;;;;
;;;;
;;;;
;;;;
;;;;
;;;;
;;;;
;;;;
;;;;
;;;;
;;;;
;;;;
;;;;
;;;;
;;;;
;;;;
;;;;
;;;;
;;;;
;;;;
;;;;
;;;;
;;;;
;;;;
;;;;
;;;;
;;;;
;;;;
;;;;
;;;;
;;;;
;;;;
;;;;
;;;;
;;;;
;;;;
;;;;
;;;;
;;;;
;;;;
;;;;
;;;;
;;;;
;;;;
;;;;
;;;;
;;;;
;;;;
;;;;
;;;;
;;;;
;;;;
;;;;
;;;;
;;;;
;;;;
;;;;
;;;;
;;;;
;;;;
;;;;
;;;;
;;;;
;;;;
;;;;
;;;;
;;;;
;;;;
;;;;
;;;;
;;;;
;;;;
;;;;
;;;;
;;;;
;;;;
;;;;
;;;;
;;;;
;;;;
;;;;
;;;;
;;;;
;;;;
;;;;
;;;;
;;;;
;;;;
;;;;
;;;;
;;;;
;;;;
;;;;
;;;;
;;;;
;;;;
;;;;
;;;;
;;;;
;;;;
;;;;
;;;;
;;;;
;;;;
;;;;
;;;;
;;;;
;;;;
;;;;
;;;;
;;;;
;;;;
;;;;
;;;;
;;;;
;;;;
;;;;
;;;;
;;;;
;;;;
;;;;
;;;;
;;;;
;;;;
;;;;
;;;;
;;;;
;;;;
;;;;
;;;;
;;;;
;;;;
;;;;
;;;;
;;;;
;;;;
;;;;
;;;;
;;;;
;;;;
;;;;
;;;;
;;;;
;;;;
;;;;
;;;;
;;;;
;;;;
;;;;
;;;;
;;;;
;;;;
;;;;
;;;;
;;;;
;;;;
;;;;
;;;;
;;;;
;;;;
;;;;
;;;;
;;;;
;;;;
;;;;
;;;;
;;;;
;;;;
;;;;
;;;;
;;;;
;;;;
;;;;
;;;;
;;;;
;;;;
;;;;
;;;;
;;;;
;;;;
;;;;
;;;;
;;;;
;;;;
;;;;
;;;;
;;;;
;;;;
;;;;
;;;;
;;;;
;;;;
;;;;
;;;;
;;;;
;;;;
;;;;
;;;;
;;;;
;;;;
;;;;
;;;;
;;;;
;;;;
;;;;
;;;;
;;;;
;;;;
;;;;
;;;;
;;;;
;;;;
;;;;
;;;;
;;;;
;;;;
;;;;
;;;;
;;;;
;;;;
;;;;
;;;;
;;;;
;;;;
;;;;
;;;;
;;;;
;;;;
;;;;
;;;;
;;;;
;;;;
;;;;
;;;;
;;;;
;;;;
;;;;
;;;;
;;;;
;;;;
;;;;
;;;;
;;;;
;;;;
;;;;
;;;;
;;;;
;;;;
;;;;
;;;;
;;;;
;;;;
;;;;
;;;;
;;;;
;;;;
;;;;
;;;;
;;;;
;;;;
;;;;
;;;;
;;;;
;;;;
;;;;
;;;;
;;;;
;;;;
