Date;Nouveaux cas;Cumulatif de cas;
2020-02-25;1;1;
2020-02-26;0;1;
2020-02-27;0;1;
2020-02-28;0;1;
2020-02-29;0;1;
2020-03-01;1;2;
2020-03-02;2;4;
2020-03-03;0;4;
2020-03-04;0;4;
2020-03-05;0;4;
2020-03-06;0;4;
2020-03-07;0;4;
2020-03-08;1;5;
2020-03-09;1;6;
2020-03-10;2;8;
2020-03-11;3;11;
2020-03-12;3;14;
2020-03-13;2;16;
2020-03-14;5;21;
2020-03-15;6;27;
2020-03-16;5;32;
2020-03-17;7;39;
2020-03-18;6;45;
2020-03-19;36;81;
2020-03-20;49;130;
2020-03-21;91;221;
2020-03-22;88;309;
2020-03-23;132;441;
2020-03-24;145;586;
2020-03-25;186;772;
2020-03-26;180;952;
2020-03-27;241;1193;
2020-03-28;199;1392;
2020-03-29;258;1650;
2020-03-30;265;1915;
2020-03-31;330;2245;
2020-04-01;304;2549;
2020-04-02;409;2958;
2020-04-03;347;3305;
2020-04-04;340;3645;
2020-04-05;259;3904;
2020-04-06;457;4361;
2020-04-07;422;4783;
2020-04-08;373;5156;
2020-04-09;351;5507;
2020-04-10;305;5812;
2020-04-11;261;6073;
2020-04-12;329;6402;
2020-04-13;542;6944;
2020-04-14;468;7412;
2020-04-15;613;8025;
2020-04-16;497;8522;
2020-04-17;571;9093;
2020-04-18;331;9424;
2020-04-19;430;9854;
2020-04-20;483;10337;
2020-04-21;457;10794;
2020-04-22;531;11325;
2020-04-23;527;11852;
2020-04-24;493;12345;
2020-04-25;312;12657;
2020-04-26;281;12938;
2020-04-27;461;13399;
2020-04-28;471;13870;
2020-04-29;518;14388;
2020-04-30;588;14976;
2020-05-01;615;15591;
2020-05-02;526;16117;
2020-05-03;345;16462;
2020-05-04;419;16881;
2020-05-05;469;17350;
2020-05-06;569;17919;
2020-05-07;429;18348;
2020-05-08;429;18777;
2020-05-09;313;19090;
2020-05-10;299;19389;
2020-05-11;365;19754;
2020-05-12;427;20181;
2020-05-13;401;20582;
2020-05-14;353;20935;
2020-05-15;348;21283;
2020-05-16;271;21554;
2020-05-17;343;21897;
2020-05-18;332;22229;
2020-05-19;319;22548;
2020-05-20;407;22955;
2020-05-21;380;23335;
2020-05-22;257;23592;
2020-05-23;216;23808;
2020-05-24;216;24024;
2020-05-25;204;24228;
2020-05-26;240;24468;
2020-05-27;253;24721;
2020-05-28;193;24914;
2020-05-29;193;25107;
2020-05-30;205;25312;
2020-05-31;140;25452;
2020-06-01;156;25608;
2020-06-02;97;25705;
2020-06-03;114;25819;
2020-06-04;128;25947;
2020-06-05;109;26056;
2020-06-06;105;26161;
2020-06-07;76;26237;
2020-06-08;51;26288;
2020-06-09;79;26367;
2020-06-10;67;26434;
2020-06-11;66;26500;
2020-06-12;72;26572;
2020-06-13;66;26638;
2020-06-14;28;26666;
2020-06-15;56;26722;
2020-06-16;74;26796;
2020-06-17;53;26849;
2020-06-18;48;26897;
2020-06-19;64;26961;
2020-06-20;33;26994;
2020-06-21;27;27021;
2020-06-22;41;27062;
2020-06-23;40;27102;
2020-06-24;29;27131;
2020-06-25;46;27177;
2020-06-26;42;27219;
2020-06-27;30;27249;
2020-06-28;18;27267;
2020-06-29;16;27283;
2020-06-30;40;27323;
2020-07-01;24;27347;
2020-07-02;16;27363;
2020-07-03;17;27380;
2020-07-04;16;27396;
2020-07-05;7;27403;
2020-07-06;16;27419;
2020-07-07;21;27440;
2020-07-08;33;27473;
2020-07-09;52;27525;
2020-07-10;50;27575;
2020-07-11;21;27596;
2020-07-12;13;27609;
2020-07-13;75;27684;
2020-07-14;65;27749;
2020-07-15;69;27818;
2020-07-16;66;27884;
2020-07-17;100;27984;
2020-07-18;97;28081;
2020-07-19;55;28136;
2020-07-20;37;28173;
2020-07-21;63;28236;
2020-07-22;79;28315;
2020-07-23;93;28408;
2020-07-24;69;28477;
2020-07-25;34;28511;
2020-07-26;52;28563;
2020-07-27;34;28597;
2020-07-28;37;28634;
2020-07-29;69;28703;
2020-07-30;59;28762;
2020-07-31;57;28819;
2020-08-01;50;28869;
2020-08-02;31;28900;
2020-08-03;45;28945;
2020-08-04;65;29010;
2020-08-05;46;29056;
2020-08-06;21;29077;
2020-08-07;46;29123;
2020-08-08;35;29158;
2020-08-09;38;29196;
2020-08-10;34;29230;
2020-08-11;36;29266;
2020-08-12;35;29301;
2020-08-13;38;29339;
2020-08-14;30;29369;
2020-08-15;14;29383;
2020-08-16;12;29395;
2020-08-17;17;29412;
2020-08-18;17;29429;
2020-08-19;22;29451;
2020-08-20;36;29487;
2020-08-21;32;29519;
2020-08-22;20;29539;
2020-08-23;21;29560;
2020-08-24;8;29568;
2020-08-25;29;29597;
2020-08-26;41;29638;
2020-08-27;43;29681;
2020-08-28;25;29706;
2020-08-29;54;29760;
2020-08-30;14;29774;
2020-08-31;32;29806;
2020-09-01;36;29842;
2020-09-02;36;29878;
2020-09-03;72;29950;
2020-09-04;49;29999;
2020-09-05;64;30063;
2020-09-06;57;30120;
2020-09-07;50;30170;
2020-09-08;71;30241;
2020-09-09;70;30311;
2020-09-10;90;30401;
2020-09-11;109;30510;
2020-09-12;71;30581;
2020-09-13;98;30679;
2020-09-14;71;30750;
2020-09-15;95;30845;
2020-09-16;80;30925;
2020-09-17;71;30996;
2020-09-18;200;31196;
2020-09-19;141;31337;
2020-09-20;203;31540;
2020-09-21;140;31680;
2020-09-22;170;31850;
2020-09-23;254;32104;
2020-09-24;238;32342;
2020-09-25;287;32629;
2020-09-26;353;32982;
2020-09-27;274;33256;
2020-09-28;284;33540;
2020-09-29;357;33897;
2020-09-30;317;34214;
2020-10-01;313;34527;
2020-10-02;418;34945;
2020-10-03;371;35316;
2020-10-04;301;35617;
2020-10-05;279;35896;
2020-10-06;257;36153;
2020-10-07;305;36458;
2020-10-08;348;36806;
2020-10-09;287;37093;
2020-10-10;196;37289;
2020-10-11;328;37617;
2020-10-12;273;37890;
2020-10-13;204;38094;
2020-10-14;271;38365;
2020-10-15;255;38620;
2020-10-16;265;38885;
2020-10-17;276;39161;
2020-10-18;192;39353;
2020-10-19;244;39597;
2020-10-20;254;39851;
2020-10-21;291;40142;
2020-10-22;223;40365;
2020-10-23;247;40612;
2020-10-24;166;40778;
2020-10-25;220;40998;
2020-10-26;361;41359;
2020-10-27;244;41603;
2020-10-28;212;41815;
2020-10-29;219;42034;
2020-10-30;197;42231;
2020-10-31;239;42542;
2020-11-01;236;42778;
2020-11-02;198;42904;
2020-11-03;241;43145;
2020-11-04;246;43391;
2020-11-05;328;43719;
2020-11-06;265;43984;
2020-11-07;273;44257;
2020-11-08;277;44534;
2020-11-09;271;44805;
2020-11-10;323;45128;
2020-11-11;349;45477;
2020-11-12;286;45763;
2020-11-13;331;46094;
2020-11-14;310;46404;
2020-11-15;278;46682;
2020-11-16;308;46990;
2020-11-17;238;47228;
2020-11-18;230;47458;
2020-11-19;284;47742;
2020-11-20;255;47997;
2020-11-21;268;48265;
2020-11-22;303;48568;
2020-11-23;278;48846;
2020-11-24;245;49091;
2020-11-25;304;49395;
2020-11-26;348;49743;
2020-11-27;417;50160;
2020-11-28;447;50607;
2020-11-29;365;50972;
2020-11-30;338;51310;
2020-12-01;418;51728;
2020-12-02;459;52187;
2020-12-03;452;52639;
2020-12-04;501;53140;
2020-12-05;522;53662;
2020-12-06;486;54148;
2020-12-07;464;54612;
2020-12-08;532;55144;
2020-12-09;589;55733;
2020-12-10;550;56283;
2020-12-11;649;56932;
2020-12-12;738;57670;
2020-12-13;569;58239;
2020-12-14;678;58917;
2020-12-15;560;59477;
2020-12-16;702;60179;
2020-12-17;936;61115;
2020-12-18;817;61932;
2020-12-19;698;62630;
2020-12-20;650;63280;
2020-12-21;753;64033;
2020-12-22;765;64798;
2020-12-23;706;65504;
2020-12-24;883;66387;
2020-12-25;951;67338;
2020-12-26;756;68094;
2020-12-27;804;68898;
2020-12-28;846;69744;
2020-12-29;1001;70745;
2020-12-30;937;71682;
2020-12-31;749;72431;
2021-01-01;1234;73665;
2021-01-02;930;74595;
2021-01-03;793;75388;
2021-01-04;773;76161;
2021-01-05;823;76984;
2021-01-06;1098;78082;
2021-01-07;1283;79365;
2021-01-08;1050;80415;
2021-01-09;824;81239;
2021-01-10;780;82019;
2021-01-11;564;82583;
2021-01-12;864;83447;
2021-01-13;735;84182;
2021-01-14;819;85001;
2021-01-15;717;85718;
2021-01-16;886;86604;
2021-01-17;586;87190;
2021-01-18;472;87662;
2021-01-19;639;88301;
2021-01-20;673;88974;
2021-01-21;767;89741;
2021-01-22;615;90356;
2021-01-23;565;90921;
2021-01-24;431;91352;
2021-01-25;506;91858;
2021-01-26;596;92454;
2021-01-27;455;92909;
2021-01-28;580;93489;
2021-01-29;499;93988;
2021-01-30;557;94545;
2021-01-31;390;94935;
2021-02-01;471;95406;
2021-02-02;561;95967;
2021-02-03;487;96454;
2021-02-04;525;96979;
2021-02-05;554;97533;
2021-02-06;514;98047;
2021-02-07;410;98457;
2021-02-08;335;98792;
2021-02-09;452;99244;
2021-02-10;552;99796;
2021-02-11;477;100273;
2021-02-12;486;100759;
2021-02-13;342;101101;
2021-02-14;354;101455;
2021-02-15;317;101772;
2021-02-16;414;102186;
2021-02-17;332;102518;
2021-02-18;377;102895;
2021-02-19;395;103290;
2021-02-20;392;103682;
2021-02-21;406;104088;
2021-02-22;259;104347;
2021-02-23;419;104766;
2021-02-24;410;105176;
2021-02-25;390;105566;
2021-02-26;399;105965;
2021-02-27;324;106289;
2021-02-28;249;106538;
2021-03-01;259;106797;
2021-03-02;391;107188;
2021-03-03;306;107494;
2021-03-04;372;107866;
2021-03-05;281;108147;
2021-03-06;398;108545;
2021-03-07;267;108812;
2021-03-08;270;109082;
2021-03-09;270;109352;
;;;
;;;
;;;
;;;
;;;
;;;
;;;
;;;
;;;
;;;
;;;
;;;
;;;
;;;
;;;
;;;
;;;
;;;
;;;
;;;
;;;
;;;
;;;
;;;
;;;
;;;
;;;
;;;
;;;
;;;
;;;
;;;
;;;
;;;
;;;
;;;
;;;
;;;
;;;
;;;
;;;
;;;
;;;
;;;
;;;
;;;
;;;
;;;
;;;
;;;
;;;
;;;
;;;
;;;
;;;
;;;
;;;
;;;
;;;
;;;
;;;
;;;
;;;
;;;
;;;
;;;
;;;
;;;
;;;
;;;
;;;
;;;
;;;
;;;
;;;
;;;
;;;
;;;
;;;
;;;
;;;
;;;
;;;
;;;
;;;
;;;
;;;
;;;
;;;
;;;
;;;
;;;
;;;
;;;
;;;
;;;
;;;
;;;
;;;
;;;
;;;
;;;
;;;
;;;
;;;
;;;
;;;
;;;
;;;
;;;
;;;
;;;
;;;
;;;
;;;
;;;
;;;
;;;
;;;
;;;
;;;
;;;
;;;
;;;
;;;
;;;
;;;
;;;
;;;
;;;
;;;
;;;
;;;
;;;
;;;
;;;
;;;
;;;
;;;
;;;
;;;
;;;
;;;
;;;
;;;
;;;
;;;
;;;
