Date;Nouveaux cas;Cumulatif de cas;
2020-02-25;1;1;
2020-02-26;0;1;
2020-02-27;0;1;
2020-02-28;0;1;
2020-02-29;0;1;
2020-03-01;1;2;
2020-03-02;2;4;
2020-03-03;0;4;
2020-03-04;0;4;
2020-03-05;0;4;
2020-03-06;0;4;
2020-03-07;0;4;
2020-03-08;1;5;
2020-03-09;1;6;
2020-03-10;2;8;
2020-03-11;3;11;
2020-03-12;3;14;
2020-03-13;2;16;
2020-03-14;5;21;
2020-03-15;6;27;
2020-03-16;5;32;
2020-03-17;7;39;
2020-03-18;6;45;
2020-03-19;36;81;
2020-03-20;49;130;
2020-03-21;91;221;
2020-03-22;88;309;
2020-03-23;132;441;
2020-03-24;145;586;
2020-03-25;185;771;
2020-03-26;179;950;
2020-03-27;240;1190;
2020-03-28;198;1388;
2020-03-29;258;1646;
2020-03-30;264;1910;
2020-03-31;330;2240;
2020-04-01;303;2543;
2020-04-02;408;2951;
2020-04-03;347;3298;
2020-04-04;340;3638;
2020-04-05;258;3896;
2020-04-06;457;4353;
2020-04-07;421;4774;
2020-04-08;373;5147;
2020-04-09;350;5497;
2020-04-10;305;5802;
2020-04-11;261;6063;
2020-04-12;328;6391;
2020-04-13;542;6933;
2020-04-14;468;7401;
2020-04-15;612;8013;
2020-04-16;496;8509;
2020-04-17;570;9079;
2020-04-18;331;9410;
2020-04-19;428;9838;
2020-04-20;481;10319;
2020-04-21;456;10775;
2020-04-22;529;11304;
2020-04-23;526;11830;
2020-04-24;492;12322;
2020-04-25;312;12634;
2020-04-26;282;12916;
2020-04-27;461;13377;
2020-04-28;470;13847;
2020-04-29;517;14364;
2020-04-30;588;14952;
2020-05-01;612;15564;
2020-05-02;525;16089;
2020-05-03;345;16434;
2020-05-04;419;16853;
2020-05-05;467;17320;
2020-05-06;569;17889;
2020-05-07;429;18318;
2020-05-08;427;18745;
2020-05-09;312;19057;
2020-05-10;298;19355;
2020-05-11;364;19719;
2020-05-12;426;20145;
2020-05-13;400;20545;
2020-05-14;353;20898;
2020-05-15;344;21242;
2020-05-16;271;21513;
2020-05-17;343;21856;
2020-05-18;331;22187;
2020-05-19;319;22506;
2020-05-20;405;22911;
2020-05-21;379;23290;
2020-05-22;257;23547;
2020-05-23;216;23763;
2020-05-24;216;23979;
2020-05-25;203;24182;
2020-05-26;240;24422;
2020-05-27;253;24675;
2020-05-28;193;24868;
2020-05-29;193;25061;
2020-05-30;205;25266;
2020-05-31;140;25406;
2020-06-01;155;25561;
2020-06-02;97;25658;
2020-06-03;114;25772;
2020-06-04;127;25899;
2020-06-05;109;26008;
2020-06-06;105;26113;
2020-06-07;75;26188;
2020-06-08;51;26239;
2020-06-09;79;26318;
2020-06-10;67;26385;
2020-06-11;66;26451;
2020-06-12;72;26523;
2020-06-13;66;26589;
2020-06-14;28;26617;
2020-06-15;56;26673;
2020-06-16;74;26747;
2020-06-17;53;26800;
2020-06-18;48;26848;
2020-06-19;64;26912;
2020-06-20;33;26945;
2020-06-21;27;26972;
2020-06-22;41;27013;
2020-06-23;40;27053;
2020-06-24;29;27082;
2020-06-25;45;27127;
2020-06-26;42;27169;
2020-06-27;30;27199;
2020-06-28;18;27217;
2020-06-29;16;27233;
2020-06-30;40;27273;
2020-07-01;24;27297;
2020-07-02;16;27313;
2020-07-03;17;27330;
2020-07-04;16;27346;
2020-07-05;7;27353;
2020-07-06;16;27369;
2020-07-07;21;27390;
2020-07-08;33;27423;
2020-07-09;52;27475;
2020-07-10;48;27523;
2020-07-11;22;27545;
2020-07-12;13;27558;
2020-07-13;75;27633;
2020-07-14;65;27698;
2020-07-15;69;27767;
2020-07-16;66;27833;
2020-07-17;100;27933;
2020-07-18;97;28030;
2020-07-19;55;28085;
2020-07-20;37;28122;
2020-07-21;62;28184;
2020-07-22;78;28262;
2020-07-23;94;28356;
2020-07-24;68;28424;
2020-07-25;34;28458;
2020-07-26;52;28510;
2020-07-27;34;28544;
2020-07-28;37;28581;
2020-07-29;69;28650;
2020-07-30;58;28708;
2020-07-31;57;28765;
2020-08-01;50;28815;
2020-08-02;31;28846;
2020-08-03;45;28891;
2020-08-04;65;28956;
2020-08-05;46;29002;
2020-08-06;21;29023;
2020-08-07;46;29069;
2020-08-08;35;29104;
2020-08-09;37;29141;
2020-08-10;34;29175;
2020-08-11;36;29211;
2020-08-12;35;29246;
2020-08-13;38;29284;
2020-08-14;30;29314;
2020-08-15;14;29328;
2020-08-16;12;29340;
2020-08-17;17;29357;
2020-08-18;17;29374;
2020-08-19;22;29396;
2020-08-20;34;29430;
2020-08-21;32;29462;
2020-08-22;19;29481;
2020-08-23;21;29502;
2020-08-24;8;29510;
2020-08-25;29;29539;
2020-08-26;41;29580;
2020-08-27;43;29623;
2020-08-28;25;29648;
2020-08-29;54;29702;
2020-08-30;14;29716;
2020-08-31;32;29748;
2020-09-01;36;29784;
2020-09-02;36;29820;
2020-09-03;72;29892;
2020-09-04;49;29941;
2020-09-05;63;30004;
2020-09-06;57;30061;
2020-09-07;50;30111;
2020-09-08;71;30182;
2020-09-09;70;30252;
2020-09-10;90;30342;
2020-09-11;108;30450;
2020-09-12;71;30521;
2020-09-13;98;30619;
2020-09-14;71;30690;
2020-09-15;93;30783;
2020-09-16;79;30862;
2020-09-17;71;30933;
2020-09-18;198;31131;
2020-09-19;141;31272;
2020-09-20;201;31473;
2020-09-21;140;31613;
2020-09-22;169;31782;
2020-09-23;254;32036;
2020-09-24;235;32271;
2020-09-25;287;32558;
2020-09-26;352;32910;
2020-09-27;274;33184;
2020-09-28;282;33466;
2020-09-29;355;33821;
2020-09-30;317;34138;
2020-10-01;312;34450;
2020-10-02;416;34866;
2020-10-03;365;35231;
2020-10-04;300;35531;
2020-10-05;278;35809;
2020-10-06;255;36064;
2020-10-07;302;36366;
2020-10-08;347;36713;
2020-10-09;284;36997;
2020-10-10;194;37191;
2020-10-11;327;37518;
2020-10-12;270;37788;
2020-10-13;201;37989;
2020-10-14;270;38259;
2020-10-15;254;38513;
2020-10-16;264;38777;
2020-10-17;273;39050;
2020-10-18;191;39241;
2020-10-19;244;39485;
2020-10-20;254;39739;
2020-10-21;288;40027;
2020-10-22;222;40249;
2020-10-23;246;40495;
2020-10-24;166;40661;
2020-10-25;220;40881;
2020-10-26;357;41238;
2020-10-27;244;41482;
2020-10-28;211;41693;
2020-10-29;219;41912;
2020-10-30;197;42109;
2020-10-31;238;42542;
2020-11-01;235;42778;
2020-11-02;194;42776;
2020-11-03;240;43016;
2020-11-04;244;43260;
2020-11-05;328;43588;
2020-11-06;265;43853;
2020-11-07;271;44124;
2020-11-08;277;44401;
2020-11-09;268;44669;
2020-11-10;320;44989;
2020-11-11;349;45338;
2020-11-12;286;45624;
2020-11-13;328;45952;
2020-11-14;306;46258;
2020-11-15;277;46535;
2020-11-16;306;46841;
2020-11-17;238;47079;
2020-11-18;229;47308;
2020-11-19;282;47590;
2020-11-20;254;47844;
2020-11-21;266;48110;
2020-11-22;300;48410;
2020-11-23;278;48688;
2020-11-24;243;48931;
2020-11-25;302;49233;
2020-11-26;348;49581;
2020-11-27;414;49995;
2020-11-28;445;50440;
2020-11-29;364;50804;
2020-11-30;338;51142;
2020-12-01;418;51560;
2020-12-02;457;52017;
2020-12-03;448;52465;
2020-12-04;498;52963;
2020-12-05;520;53483;
2020-12-06;484;53967;
2020-12-07;463;54430;
2020-12-08;528;54958;
2020-12-09;582;55540;
2020-12-10;547;56087;
2020-12-11;640;56727;
2020-12-12;732;57459;
2020-12-13;565;58024;
2020-12-14;677;58701;
2020-12-15;557;59258;
2020-12-16;698;59956;
2020-12-17;932;60888;
2020-12-18;810;61698;
2020-12-19;694;62392;
2020-12-20;650;63042;
2020-12-21;752;63794;
2020-12-22;759;64553;
2020-12-23;703;65256;
2020-12-24;876;66132;
2020-12-25;946;67078;
2020-12-26;754;67832;
2020-12-27;803;68635;
2020-12-28;842;69477;
2020-12-29;999;70476;
2020-12-30;934;71410;
2020-12-31;743;72153;
2021-01-01;1224;73377;
2021-01-02;927;74304;
2021-01-03;792;75096;
2021-01-04;770;75866;
2021-01-05;822;76688;
2021-01-06;1093;77781;
2021-01-07;1278;79059;
2021-01-08;1047;80106;
2021-01-09;822;80928;
2021-01-10;778;81706;
2021-01-11;564;82270;
2021-01-12;864;83134;
2021-01-13;732;83866;
2021-01-14;816;84682;
2021-01-15;714;85396;
2021-01-16;883;86279;
2021-01-17;584;86863;
2021-01-18;467;87330;
2021-01-19;635;87965;
2021-01-20;671;88636;
2021-01-21;764;89400;
2021-01-22;614;90014;
2021-01-23;563;90577;
2021-01-24;430;91007;
2021-01-25;504;91511;
2021-01-26;594;92105;
2021-01-27;454;92559;
2021-01-28;577;93136;
2021-01-29;498;93634;
2021-01-30;556;94190;
2021-01-31;389;94579;
2021-02-01;469;95048;
2021-02-02;559;95607;
2021-02-03;485;96092;
2021-02-04;523;96615;
2021-02-05;547;97162;
2021-02-06;510;97672;
2021-02-07;409;98081;
2021-02-08;334;98415;
2021-02-09;451;98866;
2021-02-10;551;99417;
2021-02-11;477;99894;
2021-02-12;482;100376;
2021-02-13;341;100717;
2021-02-14;352;101069;
2021-02-15;317;101386;
2021-02-16;413;101799;
2021-02-17;329;102128;
2021-02-18;375;102503;
2021-02-19;397;102900;
2021-02-20;389;103289;
2021-02-21;402;103691;
2021-02-22;258;103949;
2021-02-23;419;104368;
2021-02-24;410;104778;
2021-02-25;390;105168;
2021-02-26;397;105565;
2021-02-27;322;105887;
2021-02-28;249;106136;
2021-03-01;260;106396;
2021-03-02;392;106788;
2021-03-03;303;107091;
2021-03-04;376;107467;
2021-03-05;281;107748;
2021-03-06;398;108146;
2021-03-07;268;108414;
2021-03-08;260;108674;
2021-03-09;392;109066;
2021-03-10;315;109381;
2021-03-11;366;109747;
2021-03-12;390;110137;
2021-03-13;280;110417;
2021-03-14;271;110688;
2021-03-15;245;110933;
2021-03-16;341;111274;
2021-03-17;313;111587;
2021-03-18;353;111940;
2021-03-19;319;112259;
2021-03-20;266;112525;
2021-03-21;309;112834;
2021-03-22;229;113063;
2021-03-23;340;113403;
2021-03-24;370;113773;
2021-03-25;356;114129;
2021-03-26;360;114489;
2021-03-27;309;114798;
2021-03-28;261;115059;
2021-03-29;304;115363;
2021-03-30;375;115738;
2021-03-31;401;116139;
2021-04-01;360;116499;
2021-04-02;385;116884;
2021-04-03;356;117240;
2021-04-04;301;117541;
2021-04-05;295;117836;
2021-04-06;311;118147;
2021-04-07;405;118552;
2021-04-08;397;118949;
2021-04-09;514;119463;
2021-04-10;297;119760;
2021-04-11;377;120137;
2021-04-12;262;120399;
2021-04-13;376;120775;
2021-04-14;354;121129;
2021-04-15;436;121565;
;;;
;;;
;;;
;;;
;;;
;;;
;;;
;;;
;;;
;;;
;;;
;;;
;;;
;;;
;;;
;;;
;;;
;;;
;;;
;;;
;;;
;;;
;;;
;;;
;;;
;;;
;;;
;;;
;;;
;;;
;;;
;;;
;;;
;;;
;;;
;;;
;;;
;;;
;;;
;;;
;;;
;;;
;;;
;;;
;;;
;;;
;;;
;;;
;;;
;;;
;;;
;;;
;;;
;;;
;;;
;;;
;;;
;;;
;;;
;;;
;;;
;;;
;;;
;;;
;;;
;;;
;;;
;;;
;;;
;;;
;;;
;;;
;;;
;;;
;;;
;;;
;;;
;;;
;;;
;;;
;;;
;;;
;;;
;;;
;;;
;;;
;;;
;;;
;;;
;;;
;;;
;;;
;;;
;;;
;;;
;;;
;;;
;;;
;;;
;;;
;;;
;;;
;;;
;;;
;;;
;;;
;;;
;;;
;;;
;;;
;;;
