Date;Nouveaux cas;Cumulatif de cas;;
2020-02-25;1;1;;
2020-02-26;0;1;;
2020-02-27;0;1;;
2020-02-28;0;1;;
2020-02-29;0;1;;
2020-03-01;0;1;;
2020-03-02;2;3;;
2020-03-03;0;3;;
2020-03-04;0;3;;
2020-03-05;0;3;;
2020-03-06;0;3;;
2020-03-07;0;3;;
2020-03-08;1;4;;
2020-03-09;1;5;;
2020-03-10;2;7;;
2020-03-11;3;10;;
2020-03-12;3;13;;
2020-03-13;2;15;;
2020-03-14;5;20;;
2020-03-15;6;26;;
2020-03-16;5;31;;
2020-03-17;7;38;;
2020-03-18;6;44;;
2020-03-19;36;80;;
2020-03-20;49;129;;
2020-03-21;91;220;;
2020-03-22;90;310;;
2020-03-23;133;443;;
2020-03-24;145;588;;
2020-03-25;187;775;;
2020-03-26;180;955;;
2020-03-27;242;1197;;
2020-03-28;200;1397;;
2020-03-29;259;1656;;
2020-03-30;266;1922;;
2020-03-31;331;2253;;
2020-04-01;305;2558;;
2020-04-02;408;2966;;
2020-04-03;348;3314;;
2020-04-04;339;3653;;
2020-04-05;261;3914;;
2020-04-06;456;4370;;
2020-04-07;423;4793;;
2020-04-08;375;5168;;
2020-04-09;349;5517;;
2020-04-10;306;5823;;
2020-04-11;263;6086;;
2020-04-12;330;6416;;
2020-04-13;544;6960;;
2020-04-14;469;7429;;
2020-04-15;613;8042;;
2020-04-16;497;8539;;
2020-04-17;571;9110;;
2020-04-18;330;9440;;
2020-04-19;433;9873;;
2020-04-20;482;10355;;
2020-04-21;461;10816;;
2020-04-22;536;11352;;
2020-04-23;531;11883;;
2020-04-24;495;12378;;
2020-04-25;316;12694;;
2020-04-26;286;12980;;
2020-04-27;462;13442;;
2020-04-28;475;13917;;
2020-04-29;523;14440;;
2020-04-30;589;15029;;
2020-05-01;621;15650;;
2020-05-02;525;16175;;
2020-05-03;345;16520;;
2020-05-04;422;16942;;
2020-05-05;470;17412;;
2020-05-06;568;17980;;
2020-05-07;431;18411;;
2020-05-08;433;18844;;
2020-05-09;314;19158;;
2020-05-10;300;19458;;
2020-05-11;364;19822;;
2020-05-12;431;20253;;
2020-05-13;402;20655;;
2020-05-14;354;21009;;
2020-05-15;346;21355;;
2020-05-16;272;21627;;
2020-05-17;336;21963;;
2020-05-18;332;22295;;
2020-05-19;316;22611;;
2020-05-20;408;23019;;
2020-05-21;380;23399;;
2020-05-22;255;23654;;
2020-05-23;218;23872;;
2020-05-24;215;24087;;
2020-05-25;207;24294;;
2020-05-26;240;24534;;
2020-05-27;254;24788;;
2020-05-28;193;24981;;
2020-05-29;194;25175;;
2020-05-30;206;25381;;
2020-05-31;140;25521;;
2020-06-01;159;25680;;
2020-06-02;97;25777;;
2020-06-03;115;25892;;
2020-06-04;129;26021;;
2020-06-05;108;26129;;
2020-06-06;104;26233;;
2020-06-07;76;26309;;
2020-06-08;51;26360;;
2020-06-09;80;26440;;
2020-06-10;67;26507;;
2020-06-11;66;26573;;
2020-06-12;72;26645;;
2020-06-13;67;26712;;
2020-06-14;28;26740;;
2020-06-15;57;26797;;
2020-06-16;73;26870;;
2020-06-17;53;26923;;
2020-06-18;49;26972;;
2020-06-19;65;27037;;
2020-06-20;33;27070;;
2020-06-21;26;27096;;
2020-06-22;39;27135;;
2020-06-23;40;27175;;
2020-06-24;28;27203;;
2020-06-25;47;27250;;
2020-06-26;42;27292;;
2020-06-27;30;27322;;
2020-06-28;18;27340;;
2020-06-29;16;27356;;
2020-06-30;40;27396;;
2020-07-01;23;27419;;
2020-07-02;16;27435;;
2020-07-03;18;27453;;
2020-07-04;16;27469;;
2020-07-05;7;27476;;
2020-07-06;16;27492;;
2020-07-07;21;27513;;
2020-07-08;33;27546;;
2020-07-09;52;27598;;
2020-07-10;48;27646;;
2020-07-11;22;27668;;
2020-07-12;13;27681;;
2020-07-13;76;27757;;
2020-07-14;66;27823;;
2020-07-15;69;27892;;
2020-07-16;68;27960;;
2020-07-17;102;28062;;
2020-07-18;98;28160;;
2020-07-19;55;28215;;
2020-07-20;37;28252;;
2020-07-21;65;28317;;
2020-07-22;78;28395;;
2020-07-23;98;28493;;
2020-07-24;69;28562;;
2020-07-25;32;28594;;
2020-07-26;52;28646;;
2020-07-27;41;28687;;
2020-07-28;37;28724;;
2020-07-29;72;28796;;
2020-07-30;60;28856;;
2020-07-31;57;28913;;
2020-08-01;50;28963;;
2020-08-02;30;28993;;
2020-08-03;45;29038;;
2020-08-04;64;29102;;
2020-08-05;47;29149;;
2020-08-06;21;29170;;
2020-08-07;46;29216;;
2020-08-08;37;29253;;
2020-08-09;37;29290;;
2020-08-10;33;29323;;
2020-08-11;36;29359;;
2020-08-12;33;29392;;
2020-08-13;38;29430;;
2020-08-14;30;29460;;
2020-08-15;14;29474;;
2020-08-16;12;29486;;
2020-08-17;17;29503;;
2020-08-18;16;29519;;
2020-08-19;22;29541;;
2020-08-20;34;29575;;
2020-08-21;33;29608;;
2020-08-22;20;29628;;
2020-08-23;23;29651;;
2020-08-24;10;29661;;
2020-08-25;30;29691;;
2020-08-26;42;29733;;
2020-08-27;43;29776;;
2020-08-28;24;29800;;
2020-08-29;55;29855;;
2020-08-30;13;29868;;
2020-08-31;32;29900;;
2020-09-01;36;29936;;
2020-09-02;36;29972;;
2020-09-03;71;30043;;
2020-09-04;49;30092;;
2020-09-05;66;30158;;
2020-09-06;59;30217;;
2020-09-07;51;30268;;
2020-09-08;72;30340;;
2020-09-09;70;30410;;
2020-09-10;90;30500;;
2020-09-11;108;30608;;
2020-09-12;71;30679;;
2020-09-13;96;30775;;
2020-09-14;73;30848;;
2020-09-15;94;30942;;
2020-09-16;79;31021;;
2020-09-17;71;31092;;
2020-09-18;199;31291;;
2020-09-19;139;31430;;
2020-09-20;203;31633;;
2020-09-21;141;31774;;
2020-09-22;169;31943;;
2020-09-23;255;32198;;
2020-09-24;232;32430;;
2020-09-25;288;32718;;
2020-09-26;343;33061;;
2020-09-27;275;33336;;
2020-09-28;282;33618;;
2020-09-29;355;33973;;
2020-09-30;315;34288;;
2020-10-01;308;34596;;
2020-10-02;415;35011;;
2020-10-03;372;35383;;
2020-10-04;302;35685;;
2020-10-05;279;35964;;
2020-10-06;254;36218;;
2020-10-07;297;36515;;
2020-10-08;346;36861;;
2020-10-09;286;37147;;
2020-10-10;193;37340;;
2020-10-11;329;37669;;
2020-10-12;268;37937;;
2020-10-13;204;38141;;
2020-10-14;270;38411;;
2020-10-15;254;38665;;
2020-10-16;264;38929;;
2020-10-17;272;39201;;
2020-10-18;193;39394;;
2020-10-19;241;39635;;
2020-10-20;253;39888;;
2020-10-21;287;40175;;
2020-10-22;226;40401;;
2020-10-23;246;40647;;
2020-10-24;166;40813;;
2020-10-25;220;41033;;
2020-10-26;354;41387;;
2020-10-27;245;41632;;
2020-10-28;208;41840;;
2020-10-29;219;42059;;
2020-10-30;197;42256;;
2020-10-31;241;42542;;
2020-11-01;236;42778;;
2020-11-02;198;42931;;
2020-11-03;239;43170;;
2020-11-04;246;43416;;
2020-11-05;326;43742;;
2020-11-06;264;44006;;
2020-11-07;270;44276;;
2020-11-08;275;44551;;
2020-11-09;265;44816;;
2020-11-10;319;45135;;
2020-11-11;347;45482;;
2020-11-12;283;45765;;
2020-11-13;327;46092;;
2020-11-14;303;46395;;
2020-11-15;276;46671;;
2020-11-16;308;46979;;
2020-11-17;239;47218;;
2020-11-18;231;47449;;
2020-11-19;284;47733;;
2020-11-20;254;47987;;
2020-11-21;268;48255;;
2020-11-22;301;48556;;
2020-11-23;276;48832;;
2020-11-24;237;49069;;
2020-11-25;303;49372;;
2020-11-26;347;49719;;
2020-11-27;415;50134;;
2020-11-28;446;50580;;
2020-11-29;364;50944;;
2020-11-30;334;51278;;
2020-12-01;418;51696;;
2020-12-02;457;52153;;
2020-12-03;450;52603;;
2020-12-04;499;53102;;
2020-12-05;516;53618;;
2020-12-06;481;54099;;
2020-12-07;460;54559;;
2020-12-08;529;55088;;
2020-12-09;588;55676;;
2020-12-10;547;56223;;
2020-12-11;646;56869;;
2020-12-12;730;57599;;
2020-12-13;564;58163;;
2020-12-14;678;58841;;
2020-12-15;554;59395;;
2020-12-16;699;60094;;
2020-12-17;926;61020;;
2020-12-18;811;61831;;
2020-12-19;699;62530;;
2020-12-20;651;63181;;
2020-12-21;754;63935;;
2020-12-22;759;64694;;
2020-12-23;700;65394;;
2020-12-24;876;66270;;
2020-12-25;944;67214;;
2020-12-26;754;67968;;
2020-12-27;801;68769;;
2020-12-28;842;69611;;
2020-12-29;998;70609;;
2020-12-30;934;71543;;
2020-12-31;746;72289;;
2021-01-01;1231;73520;;
2021-01-02;924;74444;;
2021-01-03;792;75236;;
2021-01-04;770;76006;;
2021-01-05;821;76827;;
2021-01-06;1093;77920;;
2021-01-07;1278;79198;;
2021-01-08;1049;80247;;
2021-01-09;820;81067;;
2021-01-10;779;81846;;
2021-01-11;566;82412;;
2021-01-12;863;83275;;
2021-01-13;729;84004;;
2021-01-14;816;84820;;
2021-01-15;713;85533;;
2021-01-16;881;86414;;
2021-01-17;583;86997;;
2021-01-18;471;87468;;
2021-01-19;638;88106;;
2021-01-20;671;88777;;
2021-01-21;764;89541;;
2021-01-22;614;90155;;
2021-01-23;562;90717;;
2021-01-24;429;91146;;
2021-01-25;504;91650;;
2021-01-26;593;92243;;
2021-01-27;455;92698;;
2021-01-28;575;93273;;
2021-01-29;499;93772;;
2021-01-30;557;94329;;
2021-01-31;387;94716;;
2021-02-01;470;95186;;
2021-02-02;560;95746;;
2021-02-03;485;96231;;
2021-02-04;524;96755;;
2021-02-05;554;97309;;
2021-02-06;509;97818;;
2021-02-07;404;98222;;
2021-02-08;332;98554;;
2021-02-09;451;99005;;
2021-02-10;550;99555;;
2021-02-11;473;100028;;
2021-02-12;483;100511;;
2021-02-13;344;100855;;
2021-02-14;352;101207;;
2021-02-15;322;101529;;
2021-02-16;411;101940;;
2021-02-17;332;102272;;
2021-02-18;377;102649;;
2021-02-19;396;103045;;
2021-02-20;390;103435;;
2021-02-21;403;103838;;
2021-02-22;263;104101;;
2021-02-23;421;104522;;
2021-02-24;409;104931;;
2021-02-25;388;105319;;
2021-02-26;401;105720;;
2021-02-27;324;106044;;
2021-02-28;249;106293;;
2021-03-01;258;106551;;
2021-03-02;392;106943;;
2021-03-03;302;107245;;
2021-03-04;375;107620;;
2021-03-05;280;107900;;
2021-03-06;399;108299;;
2021-03-07;267;108566;;
2021-03-08;260;108826;;
2021-03-09;391;109217;;
2021-03-10;316;109533;;
2021-03-11;362;109895;;
2021-03-12;390;110285;;
2021-03-13;278;110563;;
2021-03-14;271;110834;;
2021-03-15;244;111078;;
2021-03-16;340;111418;;
2021-03-17;315;111733;;
2021-03-18;355;112088;;
2021-03-19;319;112407;;
2021-03-20;268;112675;;
2021-03-21;307;112982;;
2021-03-22;226;113208;;
2021-03-23;339;113547;;
2021-03-24;368;113915;;
2021-03-25;354;114269;;
2021-03-26;361;114630;;
2021-03-27;310;114940;;
2021-03-28;262;115202;;
2021-03-29;306;115508;;
2021-03-30;378;115886;;
2021-03-31;402;116288;;
2021-04-01;357;116645;;
2021-04-02;386;117031;;
2021-04-03;356;117387;;
2021-04-04;301;117688;;
2021-04-05;293;117981;;
2021-04-06;311;118292;;
2021-04-07;406;118698;;
2021-04-08;392;119090;;
2021-04-09;515;119605;;
2021-04-10;296;119901;;
2021-04-11;376;120277;;
2021-04-12;261;120538;;
2021-04-13;373;120911;;
2021-04-14;354;121265;;
2021-04-15;431;121696;;
2021-04-16;367;122063;;
2021-04-17;351;122414;;
2021-04-18;217;122631;;
2021-04-19;253;122884;;
2021-04-20;273;123157;;
2021-04-21;312;123469;;
2021-04-22;316;123785;;
2021-04-23;228;124013;;
2021-04-24;341;124354;;
2021-04-25;198;124552;;
2021-04-26;245;124797;;
2021-04-27;292;125089;;
2021-04-28;310;125399;;
2021-04-29;343;125742;;
2021-04-30;323;126065;;
2021-05-01;262;126327;;
2021-05-02;211;126538;;
2021-05-03;224;126762;;
2021-05-04;237;126999;;
2021-05-05;200;127199;;
2021-05-06;259;127458;;
2021-05-07;279;127737;;
2021-05-08;212;127949;;
2021-05-09;196;128145;;
2021-05-10;188;128333;;
2021-05-11;261;128594;;
2021-05-12;261;128855;;
2021-05-13;291;129146;;
2021-05-14;243;129389;;
2021-05-15;207;129596;;
2021-05-16;186;129782;;
2021-05-17;190;129972;;
2021-05-18;206;130178;;
2021-05-19;263;130441;;
2021-05-20;248;130689;;
2021-05-21;196;130885;;
2021-05-22;181;131066;;
2021-05-23;113;131179;;
2021-05-24;155;131334;;
2021-05-25;164;131498;;
2021-05-26;154;131652;;
2021-05-27;146;131798;;
2021-05-28;140;131938;;
2021-05-29;83;132021;;
2021-05-30;80;132101;;
2021-05-31;83;132184;;
2021-06-01;107;132291;;
2021-06-02;99;132390;;
2021-06-03;84;132474;;
2021-06-04;87;132561;;
2021-06-05;73;132634;;
2021-06-06;49;132683;;
2021-06-07;59;132742;;
2021-06-08;56;132798;;
2021-06-09;42;132840;;
2021-06-10;64;132904;;
2021-06-11;67;132971;;
2021-06-12;51;133022;;
2021-06-13;35;133057;;
2021-06-14;36;133093;;
2021-06-15;62;133155;;
2021-06-16;45;133200;;
2021-06-17;57;133257;;
2021-06-18;50;133307;;
2021-06-19;24;133331;;
2021-06-20;27;133358;;
2021-06-21;28;133386;;
2021-06-22;46;133432;;
2021-06-23;28;133460;;
2021-06-24;27;133487;;
2021-06-25;35;133522;;
2021-06-26;35;133557;;
2021-06-27;13;133570;;
2021-06-28;38;133608;;
2021-06-29;40;133648;;
2021-06-30;26;133674;;
2021-07-01;25;133699;;
2021-07-02;26;133725;;
2021-07-03;23;133748;;
2021-07-04;12;133760;;
2021-07-05;22;133782;;
2021-07-06;30;133812;;
2021-07-07;29;133841;;
2021-07-08;33;133874;;
2021-07-09;25;133899;;
2021-07-10;18;133917;;
2021-07-11;20;133937;;
2021-07-12;27;133964;;
2021-07-13;31;133995;;
2021-07-14;32;134027;;
2021-07-15;40;134067;;
2021-07-16;30;134097;;
2021-07-17;32;134129;;
2021-07-18;35;134164;;
2021-07-19;28;134192;;
2021-07-20;54;134246;;
2021-07-21;53;134299;;
2021-07-22;48;134347;;
2021-07-23;46;134393;;
2021-07-24;33;134426;;
2021-07-25;35;134461;;
2021-07-26;40;134501;;
2021-07-27;52;134553;;
2021-07-28;48;134601;;
2021-07-29;16;134617;;
2021-07-30;106;134723;;
2021-07-31;52;134775;;
2021-08-01;43;134818;;
2021-08-02;54;134872;;
2021-08-03;52;134924;;
2021-08-04;94;135018;;
2021-08-05;103;135121;;
2021-08-06;92;135213;;
2021-08-07;86;135299;;
2021-08-08;69;135368;;
2021-08-09;86;135454;;
2021-08-10;105;135559;;
2021-08-11;152;135711;;
2021-08-12;143;135854;;
2021-08-13;158;136012;;
2021-08-14;142;136154;;
2021-08-15;135;136289;;
2021-08-16;138;136427;;
2021-08-17;148;136575;;
2021-08-18;201;136776;;
2021-08-19;179;136955;;
2021-08-20;208;137163;;
2021-08-21;157;137320;;
2021-08-22;129;137449;;
2021-08-23;160;137609;;
2021-08-24;217;137826;;
2021-08-25;225;138051;;
2021-08-26;246;138297;;
2021-08-27;200;138497;;
2021-08-28;154;138651;;
2021-08-29;133;138784;;
2021-08-30;181;138965;;
2021-08-31;246;139211;;
2021-09-01;274;139485;;
2021-09-02;245;139730;;
2021-09-03;249;139979;;
2021-09-04;204;140183;;
2021-09-05;192;140375;;
2021-09-06;182;140557;;
2021-09-07;203;140760;;
2021-09-08;238;140998;;
2021-09-09;314;141312;;
2021-09-10;286;141598;;
2021-09-11;237;141835;;
2021-09-12;203;142038;;
2021-09-13;233;142271;;
2021-09-14;249;142520;;
2021-09-15;318;142838;;
2021-09-16;284;143122;;
2021-09-17;266;143388;;
2021-09-18;261;143649;;
2021-09-19;212;143861;;
2021-09-20;207;144068;;
2021-09-21;227;144295;;
2021-09-22;251;144546;;
2021-09-23;210;144756;;
2021-09-24;268;145024;;
2021-09-25;210;145234;;
2021-09-26;137;145371;;
2021-09-27;140;145511;;
2021-09-28;188;145699;;
2021-09-29;234;145933;;
2021-09-30;189;146122;;
2021-10-01;149;146271;;
2021-10-02;119;146390;;
2021-10-03;127;146517;;
2021-10-04;119;146636;;
2021-10-05;130;146766;;
2021-10-06;161;146927;;
2021-10-07;175;147102;;
2021-10-08;155;147257;;
2021-10-09;154;147411;;
2021-10-10;91;147502;;
2021-10-11;129;147631;;
2021-10-12;156;147787;;
2021-10-13;146;147933;;
2021-10-14;192;148125;;
2021-10-15;207;148332;;
2021-10-16;142;148474;;
2021-10-17;95;148569;;
2021-10-18;121;148690;;
2021-10-19;119;148809;;
2021-10-20;142;148951;;
2021-10-21;89;149040;;
2021-10-22;120;149160;;
2021-10-23;99;149259;;
2021-10-24;102;149361;;
2021-10-25;103;149464;;
2021-10-26;147;149611;;
2021-10-27;141;149752;;
2021-10-28;168;149920;;
2021-10-29;138;150058;;
2021-10-30;143;150201;;
2021-10-31;140;150341;;
2021-11-01;123;150464;;
2021-11-02;111;150575;;
2021-11-03;164;150739;;
2021-11-04;153;150892;;
2021-11-05;165;151057;;
2021-11-06;204;151261;;
2021-11-07;179;151440;;
2021-11-08;153;151593;;
2021-11-09;233;151826;;
2021-11-10;212;152038;;
2021-11-11;197;152235;;
2021-11-12;188;152423;;
2021-11-13;168;152591;;
2021-11-14;141;152732;;
2021-11-15;135;152867;;
2021-11-16;268;153135;;
2021-11-17;238;153373;;
2021-11-18;191;153564;;
2021-11-19;255;153819;;
2021-11-20;206;154025;;
2021-11-21;216;154241;;
2021-11-22;179;154420;;
2021-11-23;237;154657;;
2021-11-24;302;154959;;
2021-11-25;302;155261;;
2021-11-26;245;155506;;
2021-11-27;219;155725;;
2021-11-28;223;155948;;
2021-11-29;291;156239;;
2021-11-30;339;156578;;
2021-12-01;385;156963;;
2021-12-02;409;157372;;
2021-12-03;384;157756;;
2021-12-04;388;158144;;
2021-12-05;341;158485;;
2021-12-06;345;158830;;
2021-12-07;403;159233;;
2021-12-08;498;159731;;
2021-12-09;559;160290;;
2021-12-10;545;160835;;
2021-12-11;448;161283;;
2021-12-12;415;161698;;
2021-12-13;724;162422;;
2021-12-14;915;163337;;
2021-12-15;975;164312;;
2021-12-16;1147;165459;;
2021-12-17;1164;166623;;
2021-12-18;1611;168234;;
2021-12-19;1412;169646;;
2021-12-20;2024;171670;;
2021-12-21;2436;174106;;
2021-12-22;3345;177451;;
2021-12-23;3349;180800;;
2021-12-24;3397;184197;;
2021-12-25;3056;187253;;
2021-12-26;2991;190244;;
2021-12-27;3941;194185;;
2021-12-28;4671;198856;;
2021-12-29;4629;203485;;
2021-12-30;4451;207936;;
2021-12-31;4017;211953;;
2022-01-01;3691;215644;;
2022-01-02;3869;219513;;
2022-01-03;3654;223167;;
2022-01-04;4456;227623;;
2022-01-05;4472;232095;;
2022-01-06;3814;235909;;
2022-01-07;3207;239116;;
2022-01-08;2524;241640;;
2022-01-09;3261;244901;;
2022-01-10;3282;248183;;
2022-01-11;2167;250350;;
2022-01-12;2035;252385;;
2022-01-13;1930;254315;;
2022-01-14;1742;256057;;
2022-01-15;1322;257379;;
2022-01-16;1172;258551;;
2022-01-17;972;259523;;
2022-01-18;1449;260972;;
2022-01-19;1203;262175;;
2022-01-20;1127;263302;;
2022-01-21;1050;264352;;
2022-01-22;632;264984;;
2022-01-23;504;265488;;
2022-01-24;770;266258;;
2022-01-25;735;266993;;
2022-01-26;389;267382;;
;;;;
;;;;
;;;;
;;;;
;;;;
;;;;
;;;;
;;;;
;;;;
;;;;
;;;;
;;;;
;;;;
;;;;
;;;;
;;;;
;;;;
;;;;
;;;;
;;;;
;;;;
;;;;
;;;;
;;;;
;;;;
;;;;
;;;;
;;;;
;;;;
;;;;
;;;;
;;;;
;;;;
;;;;
;;;;
;;;;
;;;;
;;;;
;;;;
;;;;
;;;;
;;;;
;;;;
;;;;
;;;;
;;;;
;;;;
;;;;
;;;;
;;;;
;;;;
;;;;
;;;;
;;;;
;;;;
;;;;
;;;;
;;;;
;;;;
;;;;
;;;;
;;;;
;;;;
;;;;
;;;;
;;;;
;;;;
;;;;
;;;;
;;;;
;;;;
;;;;
;;;;
;;;;
;;;;
;;;;
;;;;
;;;;
;;;;
;;;;
;;;;
;;;;
;;;;
;;;;
;;;;
;;;;
;;;;
;;;;
;;;;
;;;;
;;;;
;;;;
;;;;
;;;;
;;;;
;;;;
;;;;
;;;;
;;;;
;;;;
;;;;
;;;;
;;;;
;;;;
;;;;
;;;;
;;;;
;;;;
;;;;
;;;;
;;;;
;;;;
;;;;
;;;;
;;;;
;;;;
;;;;
;;;;
;;;;
;;;;
;;;;
;;;;
;;;;
;;;;
;;;;
