Date;Nouveaux cas;Cumulatif de cas;;
2020-02-25;1;1;;
2020-02-26;0;1;;
2020-02-27;0;1;;
2020-02-28;0;1;;
2020-02-29;0;1;;
2020-03-01;1;2;;
2020-03-02;2;4;;
2020-03-03;0;4;;
2020-03-04;0;4;;
2020-03-05;0;4;;
2020-03-06;0;4;;
2020-03-07;0;4;;
2020-03-08;1;5;;
2020-03-09;1;6;;
2020-03-10;2;8;;
2020-03-11;3;11;;
2020-03-12;3;14;;
2020-03-13;2;16;;
2020-03-14;5;21;;
2020-03-15;6;27;;
2020-03-16;5;32;;
2020-03-17;7;39;;
2020-03-18;6;45;;
2020-03-19;36;81;;
2020-03-20;49;130;;
2020-03-21;91;221;;
2020-03-22;89;310;;
2020-03-23;133;443;;
2020-03-24;145;588;;
2020-03-25;187;775;;
2020-03-26;180;955;;
2020-03-27;241;1196;;
2020-03-28;200;1396;;
2020-03-29;259;1655;;
2020-03-30;266;1921;;
2020-03-31;332;2253;;
2020-04-01;305;2558;;
2020-04-02;410;2968;;
2020-04-03;348;3316;;
2020-04-04;339;3655;;
2020-04-05;261;3916;;
2020-04-06;457;4373;;
2020-04-07;423;4796;;
2020-04-08;375;5171;;
2020-04-09;350;5521;;
2020-04-10;306;5827;;
2020-04-11;264;6091;;
2020-04-12;331;6422;;
2020-04-13;544;6966;;
2020-04-14;468;7434;;
2020-04-15;614;8048;;
2020-04-16;498;8546;;
2020-04-17;571;9117;;
2020-04-18;331;9448;;
2020-04-19;432;9880;;
2020-04-20;480;10360;;
2020-04-21;459;10819;;
2020-04-22;535;11354;;
2020-04-23;530;11884;;
2020-04-24;496;12380;;
2020-04-25;314;12694;;
2020-04-26;284;12978;;
2020-04-27;461;13439;;
2020-04-28;474;13913;;
2020-04-29;520;14433;;
2020-04-30;590;15023;;
2020-05-01;618;15641;;
2020-05-02;527;16168;;
2020-05-03;345;16513;;
2020-05-04;420;16933;;
2020-05-05;469;17402;;
2020-05-06;567;17969;;
2020-05-07;431;18400;;
2020-05-08;431;18831;;
2020-05-09;314;19145;;
2020-05-10;299;19444;;
2020-05-11;364;19808;;
2020-05-12;431;20239;;
2020-05-13;400;20639;;
2020-05-14;354;20993;;
2020-05-15;346;21339;;
2020-05-16;273;21612;;
2020-05-17;338;21950;;
2020-05-18;333;22283;;
2020-05-19;317;22600;;
2020-05-20;408;23008;;
2020-05-21;381;23389;;
2020-05-22;255;23644;;
2020-05-23;217;23861;;
2020-05-24;215;24076;;
2020-05-25;207;24283;;
2020-05-26;241;24524;;
2020-05-27;254;24778;;
2020-05-28;193;24971;;
2020-05-29;193;25164;;
2020-05-30;207;25371;;
2020-05-31;141;25512;;
2020-06-01;159;25671;;
2020-06-02;98;25769;;
2020-06-03;115;25884;;
2020-06-04;129;26013;;
2020-06-05;108;26121;;
2020-06-06;104;26225;;
2020-06-07;76;26301;;
2020-06-08;51;26352;;
2020-06-09;80;26432;;
2020-06-10;67;26499;;
2020-06-11;66;26565;;
2020-06-12;72;26637;;
2020-06-13;66;26703;;
2020-06-14;28;26731;;
2020-06-15;57;26788;;
2020-06-16;74;26862;;
2020-06-17;53;26915;;
2020-06-18;49;26964;;
2020-06-19;64;27028;;
2020-06-20;33;27061;;
2020-06-21;26;27087;;
2020-06-22;40;27127;;
2020-06-23;40;27167;;
2020-06-24;28;27195;;
2020-06-25;47;27242;;
2020-06-26;42;27284;;
2020-06-27;30;27314;;
2020-06-28;18;27332;;
2020-06-29;16;27348;;
2020-06-30;40;27388;;
2020-07-01;24;27412;;
2020-07-02;16;27428;;
2020-07-03;17;27445;;
2020-07-04;16;27461;;
2020-07-05;7;27468;;
2020-07-06;16;27484;;
2020-07-07;21;27505;;
2020-07-08;33;27538;;
2020-07-09;52;27590;;
2020-07-10;48;27638;;
2020-07-11;22;27660;;
2020-07-12;13;27673;;
2020-07-13;76;27749;;
2020-07-14;66;27815;;
2020-07-15;69;27884;;
2020-07-16;67;27951;;
2020-07-17;102;28053;;
2020-07-18;98;28151;;
2020-07-19;55;28206;;
2020-07-20;37;28243;;
2020-07-21;65;28308;;
2020-07-22;78;28386;;
2020-07-23;98;28484;;
2020-07-24;71;28555;;
2020-07-25;33;28588;;
2020-07-26;52;28640;;
2020-07-27;40;28680;;
2020-07-28;36;28716;;
2020-07-29;72;28788;;
2020-07-30;60;28848;;
2020-07-31;57;28905;;
2020-08-01;51;28956;;
2020-08-02;30;28986;;
2020-08-03;45;29031;;
2020-08-04;64;29095;;
2020-08-05;46;29141;;
2020-08-06;21;29162;;
2020-08-07;46;29208;;
2020-08-08;37;29245;;
2020-08-09;37;29282;;
2020-08-10;33;29315;;
2020-08-11;36;29351;;
2020-08-12;35;29386;;
2020-08-13;38;29424;;
2020-08-14;30;29454;;
2020-08-15;14;29468;;
2020-08-16;12;29480;;
2020-08-17;17;29497;;
2020-08-18;17;29514;;
2020-08-19;22;29536;;
2020-08-20;34;29570;;
2020-08-21;33;29603;;
2020-08-22;20;29623;;
2020-08-23;23;29646;;
2020-08-24;10;29656;;
2020-08-25;30;29686;;
2020-08-26;42;29728;;
2020-08-27;43;29771;;
2020-08-28;25;29796;;
2020-08-29;55;29851;;
2020-08-30;13;29864;;
2020-08-31;32;29896;;
2020-09-01;36;29932;;
2020-09-02;36;29968;;
2020-09-03;72;30040;;
2020-09-04;49;30089;;
2020-09-05;66;30155;;
2020-09-06;59;30214;;
2020-09-07;51;30265;;
2020-09-08;72;30337;;
2020-09-09;70;30407;;
2020-09-10;90;30497;;
2020-09-11;108;30605;;
2020-09-12;71;30676;;
2020-09-13;97;30773;;
2020-09-14;73;30846;;
2020-09-15;94;30940;;
2020-09-16;79;31019;;
2020-09-17;71;31090;;
2020-09-18;201;31291;;
2020-09-19;140;31431;;
2020-09-20;205;31636;;
2020-09-21;141;31777;;
2020-09-22;170;31947;;
2020-09-23;255;32202;;
2020-09-24;236;32438;;
2020-09-25;288;32726;;
2020-09-26;349;33075;;
2020-09-27;275;33350;;
2020-09-28;284;33634;;
2020-09-29;355;33989;;
2020-09-30;316;34305;;
2020-10-01;312;34617;;
2020-10-02;416;35033;;
2020-10-03;373;35406;;
2020-10-04;305;35711;;
2020-10-05;281;35992;;
2020-10-06;257;36249;;
2020-10-07;301;36550;;
2020-10-08;348;36898;;
2020-10-09;287;37185;;
2020-10-10;193;37378;;
2020-10-11;329;37707;;
2020-10-12;270;37977;;
2020-10-13;204;38181;;
2020-10-14;271;38452;;
2020-10-15;256;38708;;
2020-10-16;265;38973;;
2020-10-17;272;39245;;
2020-10-18;194;39439;;
2020-10-19;241;39680;;
2020-10-20;253;39933;;
2020-10-21;289;40222;;
2020-10-22;226;40448;;
2020-10-23;246;40694;;
2020-10-24;166;40860;;
2020-10-25;221;41081;;
2020-10-26;354;41435;;
2020-10-27;245;41680;;
2020-10-28;209;41889;;
2020-10-29;219;42108;;
2020-10-30;198;42306;;
2020-10-31;240;42542;;
2020-11-01;236;42778;;
2020-11-02;198;42980;;
2020-11-03;239;43219;;
2020-11-04;247;43466;;
2020-11-05;325;43791;;
2020-11-06;265;44056;;
2020-11-07;272;44328;;
2020-11-08;277;44605;;
2020-11-09;269;44874;;
2020-11-10;320;45194;;
2020-11-11;349;45543;;
2020-11-12;284;45827;;
2020-11-13;328;46155;;
2020-11-14;306;46461;;
2020-11-15;277;46738;;
2020-11-16;310;47048;;
2020-11-17;239;47287;;
2020-11-18;231;47518;;
2020-11-19;284;47802;;
2020-11-20;255;48057;;
2020-11-21;269;48326;;
2020-11-22;301;48627;;
2020-11-23;278;48905;;
2020-11-24;240;49145;;
2020-11-25;304;49449;;
2020-11-26;347;49796;;
2020-11-27;418;50214;;
2020-11-28;446;50660;;
2020-11-29;365;51025;;
2020-11-30;335;51360;;
2020-12-01;418;51778;;
2020-12-02;457;52235;;
2020-12-03;452;52687;;
2020-12-04;500;53187;;
2020-12-05;521;53708;;
2020-12-06;483;54191;;
2020-12-07;464;54655;;
2020-12-08;532;55187;;
2020-12-09;589;55776;;
2020-12-10;548;56324;;
2020-12-11;648;56972;;
2020-12-12;730;57702;;
2020-12-13;567;58269;;
2020-12-14;679;58948;;
2020-12-15;559;59507;;
2020-12-16;701;60208;;
2020-12-17;934;61142;;
2020-12-18;813;61955;;
2020-12-19;701;62656;;
2020-12-20;652;63308;;
2020-12-21;755;64063;;
2020-12-22;760;64823;;
2020-12-23;705;65528;;
2020-12-24;880;66408;;
2020-12-25;945;67353;;
2020-12-26;755;68108;;
2020-12-27;805;68913;;
2020-12-28;844;69757;;
2020-12-29;1002;70759;;
2020-12-30;937;71696;;
2020-12-31;745;72441;;
2021-01-01;1233;73674;;
2021-01-02;928;74602;;
2021-01-03;792;75394;;
2021-01-04;772;76166;;
2021-01-05;824;76990;;
2021-01-06;1096;78086;;
2021-01-07;1283;79369;;
2021-01-08;1049;80418;;
2021-01-09;822;81240;;
2021-01-10;782;82022;;
2021-01-11;566;82588;;
2021-01-12;865;83453;;
2021-01-13;733;84186;;
2021-01-14;819;85005;;
2021-01-15;714;85719;;
2021-01-16;882;86601;;
2021-01-17;585;87186;;
2021-01-18;470;87656;;
2021-01-19;639;88295;;
2021-01-20;672;88967;;
2021-01-21;767;89734;;
2021-01-22;616;90350;;
2021-01-23;565;90915;;
2021-01-24;429;91344;;
2021-01-25;506;91850;;
2021-01-26;595;92445;;
2021-01-27;455;92900;;
2021-01-28;576;93476;;
2021-01-29;499;93975;;
2021-01-30;558;94533;;
2021-01-31;390;94923;;
2021-02-01;471;95394;;
2021-02-02;561;95955;;
2021-02-03;487;96442;;
2021-02-04;525;96967;;
2021-02-05;554;97521;;
2021-02-06;511;98032;;
2021-02-07;407;98439;;
2021-02-08;334;98773;;
2021-02-09;451;99224;;
2021-02-10;552;99776;;
2021-02-11;478;100254;;
2021-02-12;486;100740;;
2021-02-13;344;101084;;
2021-02-14;353;101437;;
2021-02-15;322;101759;;
2021-02-16;413;102172;;
2021-02-17;332;102504;;
2021-02-18;377;102881;;
2021-02-19;397;103278;;
2021-02-20;392;103670;;
2021-02-21;405;104075;;
2021-02-22;263;104338;;
2021-02-23;421;104759;;
2021-02-24;409;105168;;
2021-02-25;388;105556;;
2021-02-26;400;105956;;
2021-02-27;324;106280;;
2021-02-28;249;106529;;
2021-03-01;259;106788;;
2021-03-02;392;107180;;
2021-03-03;303;107483;;
2021-03-04;376;107859;;
2021-03-05;280;108139;;
2021-03-06;401;108540;;
2021-03-07;268;108808;;
2021-03-08;260;109068;;
2021-03-09;392;109460;;
2021-03-10;316;109776;;
2021-03-11;362;110138;;
2021-03-12;390;110528;;
2021-03-13;278;110806;;
2021-03-14;272;111078;;
2021-03-15;245;111323;;
2021-03-16;341;111664;;
2021-03-17;315;111979;;
2021-03-18;355;112334;;
2021-03-19;319;112653;;
2021-03-20;268;112921;;
2021-03-21;308;113229;;
2021-03-22;228;113457;;
2021-03-23;341;113798;;
2021-03-24;370;114168;;
2021-03-25;355;114523;;
2021-03-26;361;114884;;
2021-03-27;310;115194;;
2021-03-28;262;115456;;
2021-03-29;307;115763;;
2021-03-30;378;116141;;
2021-03-31;402;116543;;
2021-04-01;359;116902;;
2021-04-02;387;117289;;
2021-04-03;356;117645;;
2021-04-04;301;117946;;
2021-04-05;295;118241;;
2021-04-06;311;118552;;
2021-04-07;406;118958;;
2021-04-08;395;119353;;
2021-04-09;516;119869;;
2021-04-10;297;120166;;
2021-04-11;378;120544;;
2021-04-12;261;120805;;
2021-04-13;373;121178;;
2021-04-14;356;121534;;
2021-04-15;431;121965;;
2021-04-16;367;122332;;
2021-04-17;353;122685;;
2021-04-18;217;122902;;
2021-04-19;253;123155;;
2021-04-20;275;123430;;
2021-04-21;312;123742;;
2021-04-22;316;124058;;
2021-04-23;229;124287;;
2021-04-24;341;124628;;
2021-04-25;198;124826;;
2021-04-26;245;125071;;
2021-04-27;292;125363;;
2021-04-28;311;125674;;
2021-04-29;342;126016;;
2021-04-30;325;126341;;
2021-05-01;264;126605;;
2021-05-02;211;126816;;
2021-05-03;224;127040;;
2021-05-04;238;127278;;
2021-05-05;201;127479;;
2021-05-06;260;127739;;
2021-05-07;280;128019;;
2021-05-08;212;128231;;
2021-05-09;196;128427;;
2021-05-10;188;128615;;
2021-05-11;262;128877;;
2021-05-12;261;129138;;
2021-05-13;291;129429;;
2021-05-14;243;129672;;
2021-05-15;207;129879;;
2021-05-16;186;130065;;
2021-05-17;191;130256;;
2021-05-18;207;130463;;
2021-05-19;263;130726;;
2021-05-20;248;130974;;
2021-05-21;197;131171;;
2021-05-22;181;131352;;
2021-05-23;114;131466;;
2021-05-24;155;131621;;
2021-05-25;164;131785;;
2021-05-26;155;131940;;
2021-05-27;148;132088;;
2021-05-28;142;132230;;
2021-05-29;82;132312;;
2021-05-30;80;132392;;
2021-05-31;83;132475;;
2021-06-01;107;132582;;
2021-06-02;99;132681;;
2021-06-03;84;132765;;
2021-06-04;87;132852;;
2021-06-05;73;132925;;
2021-06-06;49;132974;;
2021-06-07;60;133034;;
2021-06-08;56;133090;;
2021-06-09;42;133132;;
2021-06-10;64;133196;;
2021-06-11;67;133263;;
2021-06-12;51;133314;;
2021-06-13;35;133349;;
2021-06-14;36;133385;;
2021-06-15;62;133447;;
2021-06-16;44;133491;;
2021-06-17;57;133548;;
2021-06-18;50;133598;;
2021-06-19;24;133622;;
2021-06-20;28;133650;;
2021-06-21;28;133678;;
2021-06-22;45;133723;;
2021-06-23;28;133751;;
2021-06-24;27;133778;;
2021-06-25;35;133813;;
2021-06-26;35;133848;;
2021-06-27;13;133861;;
2021-06-28;38;133899;;
2021-06-29;40;133939;;
2021-06-30;26;133965;;
2021-07-01;25;133990;;
2021-07-02;26;134016;;
2021-07-03;24;134040;;
2021-07-04;12;134052;;
2021-07-05;22;134074;;
2021-07-06;30;134104;;
2021-07-07;29;134133;;
2021-07-08;33;134166;;
2021-07-09;25;134191;;
2021-07-10;18;134209;;
2021-07-11;22;134231;;
2021-07-12;27;134258;;
2021-07-13;31;134289;;
2021-07-14;32;134321;;
2021-07-15;40;134361;;
2021-07-16;30;134391;;
2021-07-17;32;134423;;
2021-07-18;35;134458;;
2021-07-19;28;134486;;
2021-07-20;54;134540;;
2021-07-21;53;134593;;
2021-07-22;48;134641;;
2021-07-23;46;134687;;
2021-07-24;33;134720;;
2021-07-25;35;134755;;
2021-07-26;40;134795;;
2021-07-27;52;134847;;
2021-07-28;48;134895;;
2021-07-29;16;134911;;
2021-07-30;106;135017;;
2021-07-31;52;135069;;
2021-08-01;43;135112;;
2021-08-02;54;135166;;
2021-08-03;52;135218;;
2021-08-04;94;135312;;
2021-08-05;103;135415;;
2021-08-06;92;135507;;
2021-08-07;86;135593;;
2021-08-08;69;135662;;
2021-08-09;86;135748;;
2021-08-10;105;135853;;
2021-08-11;152;136005;;
2021-08-12;143;136148;;
2021-08-13;158;136306;;
2021-08-14;142;136448;;
2021-08-15;135;136583;;
2021-08-16;138;136721;;
2021-08-17;148;136869;;
2021-08-18;201;137070;;
2021-08-19;179;137249;;
2021-08-20;208;137457;;
2021-08-21;157;137614;;
2021-08-22;129;137743;;
2021-08-23;160;137903;;
2021-08-24;217;138120;;
2021-08-25;226;138346;;
2021-08-26;246;138592;;
2021-08-27;200;138792;;
2021-08-28;154;138946;;
2021-08-29;133;139079;;
2021-08-30;182;139261;;
2021-08-31;246;139507;;
2021-09-01;275;139782;;
2021-09-02;245;140027;;
2021-09-03;250;140277;;
2021-09-04;204;140481;;
2021-09-05;193;140674;;
2021-09-06;182;140856;;
2021-09-07;203;141059;;
2021-09-08;239;141298;;
2021-09-09;316;141614;;
2021-09-10;286;141900;;
2021-09-11;238;142138;;
2021-09-12;203;142341;;
2021-09-13;236;142577;;
2021-09-14;250;142827;;
2021-09-15;319;143146;;
2021-09-16;284;143430;;
2021-09-17;266;143696;;
2021-09-18;261;143957;;
2021-09-19;214;144171;;
2021-09-20;207;144378;;
2021-09-21;228;144606;;
2021-09-22;251;144857;;
2021-09-23;210;145067;;
2021-09-24;268;145335;;
2021-09-25;211;145546;;
2021-09-26;137;145683;;
2021-09-27;140;145823;;
2021-09-28;189;146012;;
2021-09-29;234;146246;;
2021-09-30;189;146435;;
2021-10-01;149;146584;;
2021-10-02;119;146703;;
2021-10-03;127;146830;;
2021-10-04;120;146950;;
2021-10-05;130;147080;;
2021-10-06;160;147240;;
2021-10-07;175;147415;;
2021-10-08;156;147571;;
2021-10-09;154;147725;;
2021-10-10;91;147816;;
2021-10-11;129;147945;;
2021-10-12;155;148100;;
2021-10-13;147;148247;;
2021-10-14;193;148440;;
2021-10-15;208;148648;;
2021-10-16;142;148790;;
2021-10-17;95;148885;;
2021-10-18;121;149006;;
2021-10-19;119;149125;;
2021-10-20;142;149267;;
2021-10-21;89;149356;;
2021-10-22;120;149476;;
2021-10-23;99;149575;;
2021-10-24;102;149677;;
2021-10-25;103;149780;;
2021-10-26;147;149927;;
2021-10-27;142;150069;;
2021-10-28;168;150237;;
2021-10-29;138;150375;;
2021-10-30;143;150518;;
2021-10-31;140;150658;;
2021-11-01;122;150780;;
2021-11-02;111;150891;;
2021-11-03;164;151055;;
2021-11-04;153;151208;;
2021-11-05;165;151373;;
2021-11-06;205;151578;;
2021-11-07;179;151757;;
2021-11-08;153;151910;;
2021-11-09;233;152143;;
2021-11-10;213;152356;;
2021-11-11;197;152553;;
2021-11-12;188;152741;;
2021-11-13;167;152908;;
2021-11-14;141;153049;;
2021-11-15;135;153184;;
2021-11-16;268;153452;;
2021-11-17;238;153690;;
2021-11-18;192;153882;;
2021-11-19;256;154138;;
2021-11-20;206;154344;;
2021-11-21;216;154560;;
2021-11-22;179;154739;;
2021-11-23;237;154976;;
2021-11-24;303;155279;;
2021-11-25;301;155580;;
2021-11-26;244;155824;;
2021-11-27;218;156042;;
2021-11-28;222;156264;;
2021-11-29;290;156554;;
2021-11-30;341;156895;;
2021-12-01;379;157274;;
2021-12-02;407;157681;;
2021-12-03;381;158062;;
2021-12-04;383;158445;;
2021-12-05;342;158787;;
2021-12-06;346;159133;;
2021-12-07;175;159308;;
;;;;
;;;;
;;;;
;;;;
;;;;
;;;;
;;;;
;;;;
;;;;
;;;;
;;;;
;;;;
;;;;
;;;;
;;;;
;;;;
;;;;
;;;;
;;;;
;;;;
;;;;
;;;;
;;;;
;;;;
;;;;
;;;;
;;;;
;;;;
;;;;
;;;;
;;;;
;;;;
;;;;
;;;;
;;;;
;;;;
;;;;
;;;;
;;;;
;;;;
;;;;
;;;;
;;;;
;;;;
;;;;
;;;;
;;;;
;;;;
;;;;
;;;;
;;;;
;;;;
;;;;
;;;;
;;;;
;;;;
;;;;
;;;;
;;;;
;;;;
;;;;
;;;;
;;;;
;;;;
;;;;
;;;;
;;;;
;;;;
;;;;
;;;;
;;;;
;;;;
;;;;
;;;;
;;;;
;;;;
;;;;
;;;;
;;;;
;;;;
;;;;
;;;;
;;;;
;;;;
;;;;
;;;;
;;;;
;;;;
;;;;
;;;;
;;;;
;;;;
;;;;
;;;;
;;;;
;;;;
;;;;
;;;;
;;;;
;;;;
;;;;
;;;;
;;;;
;;;;
;;;;
;;;;
;;;;
;;;;
;;;;
;;;;
;;;;
;;;;
;;;;
;;;;
;;;;
;;;;
;;;;
;;;;
;;;;
;;;;
;;;;
;;;;
;;;;
;;;;
;;;;
;;;;
;;;;
;;;;
;;;;
;;;;
;;;;
;;;;
;;;;
;;;;
;;;;
;;;;
;;;;
;;;;
;;;;
;;;;
;;;;
;;;;
;;;;
;;;;
;;;;
;;;;
;;;;
;;;;
;;;;
;;;;
;;;;
;;;;
;;;;
;;;;
;;;;
;;;;
;;;;
;;;;
;;;;
;;;;
;;;;
;;;;
;;;;
;;;;
;;;;
;;;;
;;;;
;;;;
;;;;
;;;;
;;;;
;;;;
;;;;
;;;;
;;;;
