date,Age_0_4_ans_DOSE_Numero1_cumu,Age_5_11_ans_DOSE_Numero1_cumu,Age_12_17_ans_DOSE_Numero1_cumu,Age_18_24_ans_DOSE_Numero1_cumu,Age_25_29_ans_DOSE_Numero1_cumu,Age_30_34_ans_DOSE_Numero1_cumu,Age_35_39_ans_DOSE_Numero1_cumu,Age_40_44_ans_DOSE_Numero1_cumu,Age_45_49_ans_DOSE_Numero1_cumu,Age_50_54_ans_DOSE_Numero1_cumu,Age_55_59_ans_DOSE_Numero1_cumu,Age_60_64_ans_DOSE_Numero1_cumu,Age_65_69_ans_DOSE_Numero1_cumu,Age_70_74_ans_DOSE_Numero1_cumu,Age_75_79_ans_DOSE_Numero1_cumu,Age_80_84_ans_DOSE_Numero1_cumu,Age_85_110_ans_DOSE_Numero1_cumu,Age_0_4_ans_DOSE_Numero1_jour,Age_5_11_ans_DOSE_Numero1_jour,Age_12_17_ans_DOSE_Numero1_jour,Age_18_24_ans_DOSE_Numero1_jour,Age_25_29_ans_DOSE_Numero1_jour,Age_30_34_ans_DOSE_Numero1_jour,Age_35_39_ans_DOSE_Numero1_jour,Age_40_44_ans_DOSE_Numero1_jour,Age_45_49_ans_DOSE_Numero1_jour,Age_50_54_ans_DOSE_Numero1_jour,Age_55_59_ans_DOSE_Numero1_jour,Age_60_64_ans_DOSE_Numero1_jour,Age_65_69_ans_DOSE_Numero1_jour,Age_70_74_ans_DOSE_Numero1_jour,Age_75_79_ans_DOSE_Numero1_jour,Age_80_84_ans_DOSE_Numero1_jour,Age_85_110_ans_DOSE_Numero1_jour,Age_0_4_ans_DOSE_Numero2_cumu,Age_5_11_ans_DOSE_Numero2_cumu,Age_12_17_ans_DOSE_Numero2_cumu,Age_18_24_ans_DOSE_Numero2_cumu,Age_25_29_ans_DOSE_Numero2_cumu,Age_30_34_ans_DOSE_Numero2_cumu,Age_35_39_ans_DOSE_Numero2_cumu,Age_40_44_ans_DOSE_Numero2_cumu,Age_45_49_ans_DOSE_Numero2_cumu,Age_50_54_ans_DOSE_Numero2_cumu,Age_55_59_ans_DOSE_Numero2_cumu,Age_60_64_ans_DOSE_Numero2_cumu,Age_65_69_ans_DOSE_Numero2_cumu,Age_70_74_ans_DOSE_Numero2_cumu,Age_75_79_ans_DOSE_Numero2_cumu,Age_80_84_ans_DOSE_Numero2_cumu,Age_85_110_ans_DOSE_Numero2_cumu,Age_0_4_ans_DOSE_Numero2_jour,Age_5_11_ans_DOSE_Numero2_jour,Age_12_17_ans_DOSE_Numero2_jour,Age_18_24_ans_DOSE_Numero2_jour,Age_25_29_ans_DOSE_Numero2_jour,Age_30_34_ans_DOSE_Numero2_jour,Age_35_39_ans_DOSE_Numero2_jour,Age_40_44_ans_DOSE_Numero2_jour,Age_45_49_ans_DOSE_Numero2_jour,Age_50_54_ans_DOSE_Numero2_jour,Age_55_59_ans_DOSE_Numero2_jour,Age_60_64_ans_DOSE_Numero2_jour,Age_65_69_ans_DOSE_Numero2_jour,Age_70_74_ans_DOSE_Numero2_jour,Age_75_79_ans_DOSE_Numero2_jour,Age_80_84_ans_DOSE_Numero2_jour,Age_85_110_ans_DOSE_Numero2_jour,Age_0_4_ans_DOSE_Numero3_cumu,Age_5_11_ans_DOSE_Numero3_cumu,Age_12_17_ans_DOSE_Numero3_cumu,Age_18_24_ans_DOSE_Numero3_cumu,Age_25_29_ans_DOSE_Numero3_cumu,Age_30_34_ans_DOSE_Numero3_cumu,Age_35_39_ans_DOSE_Numero3_cumu,Age_40_44_ans_DOSE_Numero3_cumu,Age_45_49_ans_DOSE_Numero3_cumu,Age_50_54_ans_DOSE_Numero3_cumu,Age_55_59_ans_DOSE_Numero3_cumu,Age_60_64_ans_DOSE_Numero3_cumu,Age_65_69_ans_DOSE_Numero3_cumu,Age_70_74_ans_DOSE_Numero3_cumu,Age_75_79_ans_DOSE_Numero3_cumu,Age_80_84_ans_DOSE_Numero3_cumu,Age_85_110_ans_DOSE_Numero3_cumu,Age_0_4_ans_DOSE_Numero3_jour,Age_5_11_ans_DOSE_Numero3_jour,Age_12_17_ans_DOSE_Numero3_jour,Age_18_24_ans_DOSE_Numero3_jour,Age_25_29_ans_DOSE_Numero3_jour,Age_30_34_ans_DOSE_Numero3_jour,Age_35_39_ans_DOSE_Numero3_jour,Age_40_44_ans_DOSE_Numero3_jour,Age_45_49_ans_DOSE_Numero3_jour,Age_50_54_ans_DOSE_Numero3_jour,Age_55_59_ans_DOSE_Numero3_jour,Age_60_64_ans_DOSE_Numero3_jour,Age_65_69_ans_DOSE_Numero3_jour,Age_70_74_ans_DOSE_Numero3_jour,Age_75_79_ans_DOSE_Numero3_jour,Age_80_84_ans_DOSE_Numero3_jour,Age_85_110_ans_DOSE_Numero3_jour,Age_0_4_ans_DOSE_Numero4_cumu,Age_5_11_ans_DOSE_Numero4_cumu,Age_12_17_ans_DOSE_Numero4_cumu,Age_18_24_ans_DOSE_Numero4_cumu,Age_25_29_ans_DOSE_Numero4_cumu,Age_30_34_ans_DOSE_Numero4_cumu,Age_35_39_ans_DOSE_Numero4_cumu,Age_40_44_ans_DOSE_Numero4_cumu,Age_45_49_ans_DOSE_Numero4_cumu,Age_50_54_ans_DOSE_Numero4_cumu,Age_55_59_ans_DOSE_Numero4_cumu,Age_60_64_ans_DOSE_Numero4_cumu,Age_65_69_ans_DOSE_Numero4_cumu,Age_70_74_ans_DOSE_Numero4_cumu,Age_75_79_ans_DOSE_Numero4_cumu,Age_80_84_ans_DOSE_Numero4_cumu,Age_85_110_ans_DOSE_Numero4_cumu,Age_0_4_ans_DOSE_Numero4_jour,Age_5_11_ans_DOSE_Numero4_jour,Age_12_17_ans_DOSE_Numero4_jour,Age_18_24_ans_DOSE_Numero4_jour,Age_25_29_ans_DOSE_Numero4_jour,Age_30_34_ans_DOSE_Numero4_jour,Age_35_39_ans_DOSE_Numero4_jour,Age_40_44_ans_DOSE_Numero4_jour,Age_45_49_ans_DOSE_Numero4_jour,Age_50_54_ans_DOSE_Numero4_jour,Age_55_59_ans_DOSE_Numero4_jour,Age_60_64_ans_DOSE_Numero4_jour,Age_65_69_ans_DOSE_Numero4_jour,Age_70_74_ans_DOSE_Numero4_jour,Age_75_79_ans_DOSE_Numero4_jour,Age_80_84_ans_DOSE_Numero4_jour,Age_85_110_ans_DOSE_Numero4_jour,Age_0_4_ans_DOSE5etplus_cumu,Age_5_11_ans_DOSE5etplus_cumu,Age_12_17_ans_DOSE5etplus_cumu,Age_18_24_ans_DOSE5etplus_cumu,Age_25_29_ans_DOSE5etplus_cumu,Age_30_34_ans_DOSE5etplus_cumu,Age_35_39_ans_DOSE5etplus_cumu,Age_40_44_ans_DOSE5etplus_cumu,Age_45_49_ans_DOSE5etplus_cumu,Age_50_54_ans_DOSE5etplus_cumu,Age_55_59_ans_DOSE5etplus_cumu,Age_60_64_ans_DOSE5etplus_cumu,Age_65_69_ans_DOSE5etplus_cumu,Age_70_74_ans_DOSE5etplus_cumu,Age_75_79_ans_DOSE5etplus_cumu,Age_80_84_ans_DOSE5etplus_cumu,Age_85_110_ans_DOSE5etplus_cumu,Age_0_4_ans_DOSE5etplus_jour,Age_5_11_ans_DOSE5etplus_jour,Age_12_17_ans_DOSE5etplus_jour,Age_18_24_ans_DOSE5etplus_jour,Age_25_29_ans_DOSE5etplus_jour,Age_30_34_ans_DOSE5etplus_jour,Age_35_39_ans_DOSE5etplus_jour,Age_40_44_ans_DOSE5etplus_jour,Age_45_49_ans_DOSE5etplus_jour,Age_50_54_ans_DOSE5etplus_jour,Age_55_59_ans_DOSE5etplus_jour,Age_60_64_ans_DOSE5etplus_jour,Age_65_69_ans_DOSE5etplus_jour,Age_70_74_ans_DOSE5etplus_jour,Age_75_79_ans_DOSE5etplus_jour,Age_80_84_ans_DOSE5etplus_jour,Age_85_110_ans_DOSE5etplus_jour,Age_0_4_ans_DOSES_Total_cumu,Age_5_11_ans_DOSES_Total_cumu,Age_12_17_ans_DOSES_Total_cumu,Age_18_24_ans_DOSES_Total_cumu,Age_25_29_ans_DOSES_Total_cumu,Age_30_34_ans_DOSES_Total_cumu,Age_35_39_ans_DOSES_Total_cumu,Age_40_44_ans_DOSES_Total_cumu,Age_45_49_ans_DOSES_Total_cumu,Age_50_54_ans_DOSES_Total_cumu,Age_55_59_ans_DOSES_Total_cumu,Age_60_64_ans_DOSES_Total_cumu,Age_65_69_ans_DOSES_Total_cumu,Age_70_74_ans_DOSES_Total_cumu,Age_75_79_ans_DOSES_Total_cumu,Age_80_84_ans_DOSES_Total_cumu,Age_85_110_ans_DOSES_Total_cumu,Age_0_4_ans_DOSES_Total_jour,Age_5_11_ans_DOSES_Total_jour,Age_12_17_ans_DOSES_Total_jour,Age_18_24_ans_DOSES_Total_jour,Age_25_29_ans_DOSES_Total_jour,Age_30_34_ans_DOSES_Total_jour,Age_35_39_ans_DOSES_Total_jour,Age_40_44_ans_DOSES_Total_jour,Age_45_49_ans_DOSES_Total_jour,Age_50_54_ans_DOSES_Total_jour,Age_55_59_ans_DOSES_Total_jour,Age_60_64_ans_DOSES_Total_jour,Age_65_69_ans_DOSES_Total_jour,Age_70_74_ans_DOSES_Total_jour,Age_75_79_ans_DOSES_Total_jour,Age_80_84_ans_DOSES_Total_jour,Age_85_110_ans_DOSES_Total_jour
2020-12-14,1,0,0,7,6,7,9,15,12,10,14,14,14,10,25,35,134,1,0,0,7,6,7,9,15,12,10,14,14,14,10,25,35,134,0,0,0,0,0,0,0,0,0,0,0,0,0,0,0,0,0,0,0,0,0,0,0,0,0,0,0,0,0,0,0,0,0,0,0,0,0,0,0,0,0,0,0,0,0,0,0,0,0,0,0,0,0,0,0,0,0,0,0,0,0,0,0,0,0,0,0,0,0,0,0,0,0,0,0,0,0,0,0,0,0,0,0,0,0,0,0,0,0,0,0,0,0,0,0,0,0,0,0,0,0,0,0,0,0,0,0,0,0,0,0,0,0,0,0,0,0,0,0,0,0,0,0,0,0,0,0,0,0,0,0,0,0,0,0,0,1,0,0,7,6,7,9,15,12,10,14,14,14,10,25,35,134,1,0,0,7,6,7,9,15,12,10,14,14,14,10,25,35,134
2020-12-15,1,0,2,59,73,108,117,129,139,162,172,95,52,29,49,65,264,0,0,2,52,67,101,108,114,127,152,158,81,38,19,24,30,130,0,0,0,0,0,0,0,0,0,0,0,0,0,0,0,0,0,0,0,0,0,0,0,0,0,0,0,0,0,0,0,0,0,0,0,0,0,0,0,0,0,0,0,0,0,0,0,0,0,0,0,0,0,0,0,0,0,0,0,0,0,0,0,0,0,0,0,0,0,0,0,0,0,0,0,0,0,0,0,0,0,0,0,0,0,0,0,0,0,0,0,0,0,0,0,0,0,0,0,0,0,0,0,0,0,0,0,0,0,0,0,0,0,0,0,0,0,0,0,0,0,0,0,0,0,0,0,0,0,0,0,0,0,0,0,0,1,0,2,59,73,108,117,129,139,162,172,95,52,29,49,65,264,0,0,2,52,67,101,108,114,127,152,158,81,38,19,24,30,130
2020-12-16,1,0,5,125,158,201,227,260,266,297,317,167,72,35,52,65,265,0,0,3,66,85,93,110,131,127,135,145,72,20,6,3,0,1,0,0,0,0,0,0,0,0,0,0,0,0,0,0,0,0,0,0,0,0,0,0,0,0,0,0,0,0,0,0,0,0,0,0,0,0,0,0,0,0,0,0,0,0,0,0,0,0,0,0,0,0,0,0,0,0,0,0,0,0,0,0,0,0,0,0,0,0,0,0,0,0,0,0,0,0,0,0,0,0,0,0,0,0,0,0,0,0,0,0,0,0,0,0,0,0,0,0,0,0,0,0,0,0,0,0,0,0,0,0,0,0,0,0,0,0,0,0,0,0,0,0,0,0,0,0,0,0,0,0,0,0,0,0,0,0,1,0,5,125,158,201,227,260,266,297,317,167,72,35,52,65,265,0,0,3,66,85,93,110,131,127,135,145,72,20,6,3,0,1
2020-12-17,1,0,5,201,230,317,340,377,368,439,429,231,92,44,53,65,270,0,0,0,76,72,116,113,117,102,142,112,64,20,9,1,0,5,0,0,0,0,0,0,0,0,0,0,0,0,0,0,0,0,0,0,0,0,0,0,0,0,0,0,0,0,0,0,0,0,0,0,0,0,0,0,0,0,0,0,0,0,0,0,0,0,0,0,0,0,0,0,0,0,0,0,0,0,0,0,0,0,0,0,0,0,0,0,0,0,0,0,0,0,0,0,0,0,0,0,0,0,0,0,0,0,0,0,0,0,0,0,0,0,0,0,0,0,0,0,0,0,0,0,0,0,0,0,0,0,0,0,0,0,0,0,0,0,0,0,0,0,0,0,0,0,0,0,0,0,0,0,0,0,1,0,5,201,230,317,340,377,368,439,429,231,92,44,53,65,270,0,0,0,76,72,116,113,117,102,142,112,64,20,9,1,0,5
2020-12-18,1,0,6,251,302,388,429,499,465,553,533,277,107,50,53,67,271,0,0,1,50,72,71,89,122,97,114,104,46,15,6,0,2,1,0,0,0,0,0,0,0,0,0,0,0,0,0,0,0,0,0,0,0,0,0,0,0,0,0,0,0,0,0,0,0,0,0,0,0,0,0,0,0,0,0,0,0,0,0,0,0,0,0,0,0,0,0,0,0,0,0,0,0,0,0,0,0,0,0,0,0,0,0,0,0,0,0,0,0,0,0,0,0,0,0,0,0,0,0,0,0,0,0,0,0,0,0,0,0,0,0,0,0,0,0,0,0,0,0,0,0,0,0,0,0,0,0,0,0,0,0,0,0,0,0,0,0,0,0,0,0,0,0,0,0,0,0,0,0,0,1,0,6,251,302,388,429,499,465,553,533,277,107,50,53,67,271,0,0,1,50,72,71,89,122,97,114,104,46,15,6,0,2,1
2020-12-19,1,0,8,299,377,464,513,586,558,642,628,337,118,60,54,68,271,0,0,2,48,75,76,84,87,93,89,95,60,11,10,1,1,0,0,0,0,0,0,0,0,0,0,0,0,0,0,0,0,0,0,0,0,0,0,0,0,0,0,0,0,0,0,0,0,0,0,0,0,0,0,0,0,0,0,0,0,0,0,0,0,0,0,0,0,0,0,0,0,0,0,0,0,0,0,0,0,0,0,0,0,0,0,0,0,0,0,0,0,0,0,0,0,0,0,0,0,0,0,0,0,0,0,0,0,0,0,0,0,0,0,0,0,0,0,0,0,0,0,0,0,0,0,0,0,0,0,0,0,0,0,0,0,0,0,0,0,0,0,0,0,0,0,0,0,0,0,0,0,0,1,0,8,299,377,464,513,586,558,642,628,337,118,60,54,68,271,0,0,2,48,75,76,84,87,93,89,95,60,11,10,1,1,0
2020-12-20,1,0,8,303,395,480,524,603,573,660,646,345,123,62,54,69,271,0,0,0,4,18,16,11,17,15,18,18,8,5,2,0,1,0,0,0,0,0,0,0,0,0,0,0,0,0,0,0,0,0,0,0,0,0,0,0,0,0,0,0,0,0,0,0,0,0,0,0,0,0,0,0,0,0,0,0,0,0,0,0,0,0,0,0,0,0,0,0,0,0,0,0,0,0,0,0,0,0,0,0,0,0,0,0,0,0,0,0,0,0,0,0,0,0,0,0,0,0,0,0,0,0,0,0,0,0,0,0,0,0,0,0,0,0,0,0,0,0,0,0,0,0,0,0,0,0,0,0,0,0,0,0,0,0,0,0,0,0,0,0,0,0,0,0,0,0,0,0,0,0,1,0,8,303,395,480,524,603,573,660,646,345,123,62,54,69,271,0,0,0,4,18,16,11,17,15,18,18,8,5,2,0,1,0
2020-12-21,1,0,8,334,436,512,578,652,613,698,703,379,144,85,84,103,351,0,0,0,31,41,32,54,49,40,38,57,34,21,23,30,34,80,0,0,0,0,0,0,0,0,0,0,0,0,0,0,0,0,0,0,0,0,0,0,0,0,0,0,0,0,0,0,0,0,0,0,0,0,0,0,0,0,0,0,0,0,0,0,0,0,0,0,0,0,0,0,0,0,0,0,0,0,0,0,0,0,0,0,0,0,0,0,0,0,0,0,0,0,0,0,0,0,0,0,0,0,0,0,0,0,0,0,0,0,0,0,0,0,0,0,0,0,0,0,0,0,0,0,0,0,0,0,0,0,0,0,0,0,0,0,0,0,0,0,0,0,0,0,0,0,0,0,0,0,0,0,0,0,1,0,8,334,436,512,578,652,613,698,703,379,144,85,84,103,351,0,0,0,31,41,32,54,49,40,38,57,34,21,23,30,34,80
2020-12-22,1,0,15,415,529,599,701,802,779,889,901,513,225,177,205,239,787,0,0,7,81,93,87,123,150,166,191,198,134,81,92,121,136,436,0,0,0,0,0,0,0,0,0,0,0,0,0,0,0,0,0,0,0,0,0,0,0,0,0,0,0,0,0,0,0,0,0,0,0,0,0,0,0,0,0,0,0,0,0,0,0,0,0,0,0,0,0,0,0,0,0,0,0,0,0,0,0,0,0,0,0,0,0,0,0,0,0,0,0,0,0,0,0,0,0,0,0,0,0,0,0,0,0,0,0,0,0,0,0,0,0,0,0,0,0,0,0,0,0,0,0,0,0,0,0,0,0,0,0,0,0,0,0,0,0,0,0,0,0,0,0,0,0,0,0,0,0,0,0,0,1,0,15,415,529,599,701,802,779,889,901,513,225,177,205,239,787,0,0,7,81,93,87,123,150,166,191,198,134,81,92,121,136,436
2020-12-23,1,0,32,691,788,857,1089,1222,1210,1380,1350,743,323,263,284,322,1064,0,0,17,276,259,258,388,420,431,491,449,230,98,86,79,83,277,0,0,0,0,0,0,0,0,0,0,0,0,0,0,0,0,0,0,0,0,0,0,0,0,0,0,0,0,0,0,0,0,0,0,0,0,0,0,0,0,0,0,0,0,0,0,0,0,0,0,0,0,0,0,0,0,0,0,0,0,0,0,0,0,0,0,0,0,0,0,0,0,0,0,0,0,0,0,0,0,0,0,0,0,0,0,0,0,0,0,0,0,0,0,0,0,0,0,0,0,0,0,0,0,0,0,0,0,0,0,0,0,0,0,0,0,0,0,0,0,0,0,0,0,0,0,0,0,0,0,0,0,0,0,0,0,1,0,32,691,788,857,1089,1222,1210,1380,1350,743,323,263,284,322,1064,0,0,17,276,259,258,388,420,431,491,449,230,98,86,79,83,277
2020-12-24,1,0,51,931,1009,1092,1383,1527,1521,1736,1753,940,396,324,342,382,1283,0,0,19,240,221,235,294,305,311,356,403,197,73,61,58,60,219,0,0,0,0,0,0,0,0,0,0,0,0,0,0,0,0,0,0,0,0,0,0,0,0,0,0,0,0,0,0,0,0,0,0,0,0,0,0,0,0,0,0,0,0,0,0,0,0,0,0,0,0,0,0,0,0,0,0,0,0,0,0,0,0,0,0,0,0,0,0,0,0,0,0,0,0,0,0,0,0,0,0,0,0,0,0,0,0,0,0,0,0,0,0,0,0,0,0,0,0,0,0,0,0,0,0,0,0,0,0,0,0,0,0,0,0,0,0,0,0,0,0,0,0,0,0,0,0,0,0,0,0,0,0,0,0,1,0,51,931,1009,1092,1383,1527,1521,1736,1753,940,396,324,342,382,1283,0,0,19,240,221,235,294,305,311,356,403,197,73,61,58,60,219
2020-12-25,1,0,51,934,1011,1094,1383,1527,1521,1736,1753,942,396,325,343,385,1283,0,0,0,3,2,2,0,0,0,0,0,2,0,1,1,3,0,0,0,0,0,0,0,0,0,0,0,0,0,0,0,0,0,0,0,0,0,0,0,0,0,0,0,0,0,0,0,0,0,0,0,0,0,0,0,0,0,0,0,0,0,0,0,0,0,0,0,0,0,0,0,0,0,0,0,0,0,0,0,0,0,0,0,0,0,0,0,0,0,0,0,0,0,0,0,0,0,0,0,0,0,0,0,0,0,0,0,0,0,0,0,0,0,0,0,0,0,0,0,0,0,0,0,0,0,0,0,0,0,0,0,0,0,0,0,0,0,0,0,0,0,0,0,0,0,0,0,0,0,0,0,0,0,1,0,51,934,1011,1094,1383,1527,1521,1736,1753,942,396,325,343,385,1283,0,0,0,3,2,2,0,0,0,0,0,2,0,1,1,3,0
2020-12-26,1,0,71,1200,1243,1360,1717,1927,1914,2174,2141,1134,462,357,368,406,1347,0,0,20,266,232,266,334,400,393,438,388,192,66,32,25,21,64,0,0,0,0,0,0,0,0,0,0,0,0,0,0,0,0,0,0,0,0,0,0,0,0,0,0,0,0,0,0,0,0,0,0,0,0,0,0,0,0,0,0,0,0,0,0,0,0,0,0,0,0,0,0,0,0,0,0,0,0,0,0,0,0,0,0,0,0,0,0,0,0,0,0,0,0,0,0,0,0,0,0,0,0,0,0,0,0,0,0,0,0,0,0,0,0,0,0,0,0,0,0,0,0,0,0,0,0,0,0,0,0,0,0,0,0,0,0,0,0,0,0,0,0,0,0,0,0,0,0,0,0,0,0,0,0,1,0,71,1200,1243,1360,1717,1927,1914,2174,2141,1134,462,357,368,406,1347,0,0,20,266,232,266,334,400,393,438,388,192,66,32,25,21,64
2020-12-27,1,0,86,1404,1436,1572,1939,2204,2218,2483,2464,1321,500,370,377,409,1348,0,0,15,204,193,212,222,277,304,309,323,187,38,13,9,3,1,0,0,0,0,0,0,0,0,0,0,0,0,0,0,0,0,0,0,0,0,0,0,0,0,0,0,0,0,0,0,0,0,0,0,0,0,0,0,0,0,0,0,0,0,0,0,0,0,0,0,0,0,0,0,0,0,0,0,0,0,0,0,0,0,0,0,0,0,0,0,0,0,0,0,0,0,0,0,0,0,0,0,0,0,0,0,0,0,0,0,0,0,0,0,0,0,0,0,0,0,0,0,0,0,0,0,0,0,0,0,0,0,0,0,0,0,0,0,0,0,0,0,0,0,0,0,0,0,0,0,0,0,0,0,0,0,1,0,86,1404,1436,1572,1939,2204,2218,2483,2464,1321,500,370,377,409,1348,0,0,15,204,193,212,222,277,304,309,323,187,38,13,9,3,1
2020-12-28,1,0,99,1573,1659,1814,2225,2521,2560,2856,2811,1503,547,382,388,422,1354,0,0,13,169,223,242,286,317,342,373,347,182,47,12,11,13,6,0,0,0,0,0,0,0,0,0,0,0,0,0,0,0,0,0,0,0,0,0,0,0,0,0,0,0,0,0,0,0,0,0,0,0,0,0,0,0,0,0,0,0,0,0,0,0,0,0,0,0,0,0,0,0,0,0,0,0,0,0,0,0,0,0,0,0,0,0,0,0,0,0,0,0,0,0,0,0,0,0,0,0,0,0,0,0,0,0,0,0,0,0,0,0,0,0,0,0,0,0,0,0,0,0,0,0,0,0,0,0,0,0,0,0,0,0,0,0,0,0,0,0,0,0,0,0,0,0,0,0,0,0,0,0,0,1,0,99,1573,1659,1814,2225,2521,2560,2856,2811,1503,547,382,388,422,1354,0,0,13,169,223,242,286,317,342,373,347,182,47,12,11,13,6
2020-12-29,1,0,109,1752,1884,2029,2493,2802,2860,3230,3117,1702,604,402,406,432,1363,0,0,10,179,225,215,268,281,300,374,306,199,57,20,18,10,9,0,0,0,0,0,0,0,0,0,0,0,0,0,0,0,0,0,0,0,0,0,0,0,0,0,0,0,0,0,0,0,0,0,0,0,0,0,0,0,0,0,0,0,0,0,0,0,0,0,0,0,0,0,0,0,0,0,0,0,0,0,0,0,0,0,0,0,0,0,0,0,0,0,0,0,0,0,0,0,0,0,0,0,0,0,0,0,0,0,0,0,0,0,0,0,0,0,0,0,0,0,0,0,0,0,0,0,0,0,0,0,0,0,0,0,0,0,0,0,0,0,0,0,0,0,0,0,0,0,0,0,0,0,0,0,0,1,0,109,1752,1884,2029,2493,2802,2860,3230,3117,1702,604,402,406,432,1363,0,0,10,179,225,215,268,281,300,374,306,199,57,20,18,10,9
2020-12-30,1,0,122,1996,2146,2345,2846,3224,3229,3632,3499,1946,692,429,423,447,1380,0,0,13,244,262,316,353,422,369,402,382,244,88,27,17,15,17,0,0,0,0,0,0,0,0,0,0,0,0,0,0,0,0,0,0,0,0,0,0,0,0,0,0,0,0,0,0,0,0,0,0,0,0,0,0,0,0,0,0,0,0,0,0,0,0,0,0,0,0,0,0,0,0,0,0,0,0,0,0,0,0,0,0,0,0,0,0,0,0,0,0,0,0,0,0,0,0,0,0,0,0,0,0,0,0,0,0,0,0,0,0,0,0,0,0,0,0,0,0,0,0,0,0,0,0,0,0,0,0,0,0,0,0,0,0,0,0,0,0,0,0,0,0,0,0,0,0,0,0,0,0,0,0,1,0,122,1996,2146,2345,2846,3224,3229,3632,3499,1946,692,429,423,447,1380,0,0,13,244,262,316,353,422,369,402,382,244,88,27,17,15,17
2020-12-31,1,0,125,2031,2183,2377,2892,3272,3267,3676,3560,1987,710,436,425,448,1380,0,0,3,35,37,32,46,48,38,44,61,41,18,7,2,1,0,0,0,0,0,0,0,0,0,0,0,0,0,0,0,0,0,0,0,0,0,0,0,0,0,0,0,0,0,0,0,0,0,0,0,0,0,0,0,0,0,0,0,0,0,0,0,0,0,0,0,0,0,0,0,0,0,0,0,0,0,0,0,0,0,0,0,0,0,0,0,0,0,0,0,0,0,0,0,0,0,0,0,0,0,0,0,0,0,0,0,0,0,0,0,0,0,0,0,0,0,0,0,0,0,0,0,0,0,0,0,0,0,0,0,0,0,0,0,0,0,0,0,0,0,0,0,0,0,0,0,0,0,0,0,0,0,1,0,125,2031,2183,2377,2892,3272,3267,3676,3560,1987,710,436,425,448,1380,0,0,3,35,37,32,46,48,38,44,61,41,18,7,2,1,0
2021-01-01,1,0,125,2039,2199,2394,2901,3277,3269,3683,3565,1989,712,439,427,451,1381,0,0,0,8,16,17,9,5,2,7,5,2,2,3,2,3,1,0,0,0,0,0,0,0,0,0,0,0,0,0,0,0,0,0,0,0,0,0,0,0,0,0,0,0,0,0,0,0,0,0,0,0,0,0,0,0,0,0,0,0,0,0,0,0,0,0,0,0,0,0,0,0,0,0,0,0,0,0,0,0,0,0,0,0,0,0,0,0,0,0,0,0,0,0,0,0,0,0,0,0,0,0,0,0,0,0,0,0,0,0,0,0,0,0,0,0,0,0,0,0,0,0,0,0,0,0,0,0,0,0,0,0,0,0,0,0,0,0,0,0,0,0,0,0,0,0,0,0,0,0,0,0,0,1,0,125,2039,2199,2394,2901,3277,3269,3683,3565,1989,712,439,427,451,1381,0,0,0,8,16,17,9,5,2,7,5,2,2,3,2,3,1
2021-01-02,1,1,128,2103,2273,2462,2972,3355,3343,3763,3664,2037,736,449,436,452,1386,0,1,3,64,74,68,71,78,74,80,99,48,24,10,9,1,5,0,0,0,0,0,0,0,0,0,0,0,0,0,0,0,0,0,0,0,0,0,0,0,0,0,0,0,0,0,0,0,0,0,0,0,0,0,0,0,0,0,0,0,0,0,0,0,0,0,0,0,0,0,0,0,0,0,0,0,0,0,0,0,0,0,0,0,0,0,0,0,0,0,0,0,0,0,0,0,0,0,0,0,0,0,0,0,0,0,0,0,0,0,0,0,0,0,0,0,0,0,0,0,0,0,0,0,0,0,0,0,0,0,0,0,0,0,0,0,0,0,0,0,0,0,0,0,0,0,0,0,0,0,0,0,0,1,1,128,2103,2273,2462,2972,3355,3343,3763,3664,2037,736,449,436,452,1386,0,1,3,64,74,68,71,78,74,80,99,48,24,10,9,1,5
2021-01-03,1,1,136,2308,2448,2653,3204,3529,3498,3944,3831,2120,771,467,441,455,1386,0,0,8,205,175,191,232,174,155,181,167,83,35,18,5,3,0,0,0,0,0,0,0,0,0,0,0,0,0,0,0,0,0,0,0,0,0,0,0,0,0,0,0,0,0,0,0,0,0,0,0,0,0,0,0,0,0,0,0,0,0,0,0,0,0,0,0,0,0,0,0,0,0,0,0,0,0,0,0,0,0,0,0,0,0,0,0,0,0,0,0,0,0,0,0,0,0,0,0,0,0,0,0,0,0,0,0,0,0,0,0,0,0,0,0,0,0,0,0,0,0,0,0,0,0,0,0,0,0,0,0,0,0,0,0,0,0,0,0,0,0,0,0,0,0,0,0,0,0,0,0,0,0,1,1,136,2308,2448,2653,3204,3529,3498,3944,3831,2120,771,467,441,455,1386,0,0,8,205,175,191,232,174,155,181,167,83,35,18,5,3,0
2021-01-04,1,3,142,2534,2738,2933,3502,3865,3732,4201,4104,2278,865,533,541,550,1606,0,2,6,226,290,280,298,336,234,257,273,158,94,66,100,95,220,0,0,0,3,1,2,3,1,3,1,2,3,0,0,0,0,0,0,0,0,3,1,2,3,1,3,1,2,3,0,0,0,0,0,0,0,0,0,0,0,0,0,0,0,0,0,0,0,0,0,0,0,0,0,0,0,0,0,0,0,0,0,0,0,0,0,0,0,0,0,0,0,0,0,0,0,0,0,0,0,0,0,0,0,0,0,0,0,0,0,0,0,0,0,0,0,0,0,0,0,0,0,0,0,0,0,0,0,0,0,0,0,0,0,0,0,0,0,0,0,0,0,0,0,0,0,0,0,0,0,0,0,0,0,0,0,1,3,142,2537,2739,2935,3505,3866,3735,4202,4106,2281,865,533,541,550,1606,0,2,6,229,291,282,301,337,237,258,275,161,94,66,100,95,220
2021-01-05,1,3,149,2900,3238,3396,4007,4398,4174,4675,4520,2614,1094,747,802,904,2669,0,0,7,366,500,463,505,533,442,474,416,336,229,214,261,354,1063,0,0,0,3,2,8,3,4,6,5,7,5,0,0,0,0,0,0,0,0,0,1,6,0,3,3,4,5,2,0,0,0,0,0,0,0,0,0,0,0,0,0,0,0,0,0,0,0,0,0,0,0,0,0,0,0,0,0,0,0,0,0,0,0,0,0,0,0,0,0,0,0,0,0,0,0,0,0,0,0,0,0,0,0,0,0,0,0,0,0,0,0,0,0,0,0,0,0,0,0,0,0,0,0,0,0,0,0,0,0,0,0,0,0,0,0,0,0,0,0,0,0,0,0,0,0,0,0,0,0,0,0,0,0,0,0,1,3,149,2903,3240,3404,4010,4402,4180,4680,4527,2619,1094,747,802,904,2669,0,0,7,366,501,469,505,536,445,478,421,338,229,214,261,354,1063
2021-01-06,1,4,175,3548,4102,4229,4933,5391,5090,5595,5427,3220,1499,1169,1249,1425,4244,0,1,26,648,864,833,926,993,916,920,907,606,405,422,447,521,1575,0,0,0,4,4,12,11,10,12,11,16,6,1,0,0,0,0,0,0,0,1,2,4,8,6,6,6,9,1,1,0,0,0,0,0,0,0,0,0,0,0,0,0,0,0,0,0,0,0,0,0,0,0,0,0,0,0,0,0,0,0,0,0,0,0,0,0,0,0,0,0,0,0,0,0,0,0,0,0,0,0,0,0,0,0,0,0,0,0,0,0,0,0,0,0,0,0,0,0,0,0,0,0,0,0,0,0,0,0,0,0,0,0,0,0,0,0,0,0,0,0,0,0,0,0,0,0,0,0,0,0,0,0,0,0,0,1,4,175,3552,4106,4241,4944,5401,5102,5606,5443,3226,1500,1169,1249,1425,4244,0,1,26,649,866,837,934,999,922,926,916,607,406,422,447,521,1575
2021-01-07,2,6,207,4148,4847,5047,5911,6327,6135,6596,6502,3951,2012,1816,2082,2501,7208,1,2,32,600,745,818,978,936,1045,1001,1075,731,513,647,833,1076,2964,0,0,1,6,9,18,16,12,18,14,23,8,3,2,0,0,0,0,0,1,2,5,6,5,2,6,3,7,2,2,2,0,0,0,0,0,0,0,0,0,0,0,0,0,0,0,0,0,0,0,0,0,0,0,0,0,0,0,0,0,0,0,0,0,0,0,0,0,0,0,0,0,0,0,0,0,0,0,0,0,0,0,0,0,0,0,0,0,0,0,0,0,0,0,0,0,0,0,0,0,0,0,0,0,0,0,0,0,0,0,0,0,0,0,0,0,0,0,0,0,0,0,0,0,0,0,0,0,0,0,0,0,0,0,0,0,2,6,208,4154,4856,5065,5927,6339,6153,6610,6525,3959,2015,1818,2082,2501,7208,1,2,33,602,750,824,983,938,1051,1004,1082,733,515,649,833,1076,2964
2021-01-08,2,7,244,4844,5728,5953,6941,7433,7160,7660,7628,4673,2562,2410,2842,3397,9513,0,1,37,696,881,906,1030,1106,1025,1064,1126,722,550,594,760,896,2305,0,0,1,12,13,27,17,20,23,22,32,11,6,2,0,0,0,0,0,0,6,4,9,1,8,5,8,9,3,3,0,0,0,0,0,0,0,0,0,0,0,0,0,0,0,0,0,0,0,0,0,0,0,0,0,0,0,0,0,0,0,0,0,0,0,0,0,0,0,0,0,0,0,0,0,0,0,0,0,0,0,0,0,0,0,0,0,0,0,0,0,0,0,0,0,0,0,0,0,0,0,0,0,0,0,0,0,0,0,0,0,0,0,0,0,0,0,0,0,0,0,0,0,0,0,0,0,0,0,0,0,0,0,0,0,0,2,7,245,4856,5741,5980,6958,7453,7183,7682,7660,4684,2568,2412,2842,3397,9513,0,1,37,702,885,915,1031,1114,1030,1072,1135,725,553,594,760,896,2305
2021-01-09,2,7,261,5367,6422,6721,7815,8277,7893,8450,8399,5181,2913,2740,3197,3817,10509,0,0,17,523,694,768,874,844,733,790,771,508,351,330,355,420,996,0,0,1,12,15,30,21,20,27,22,32,13,6,2,0,0,0,0,0,0,0,2,3,4,0,4,0,0,2,0,0,0,0,0,0,0,0,0,0,0,0,0,0,0,0,0,0,0,0,0,0,0,0,0,0,0,0,0,0,0,0,0,0,0,0,0,0,0,0,0,0,0,0,0,0,0,0,0,0,0,0,0,0,0,0,0,0,0,0,0,0,0,0,0,0,0,0,0,0,0,0,0,0,0,0,0,0,0,0,0,0,0,0,0,0,0,0,0,0,0,0,0,0,0,0,0,0,0,0,0,0,0,0,0,0,0,2,7,262,5379,6437,6751,7836,8297,7920,8472,8431,5194,2919,2742,3197,3817,10509,0,0,17,523,696,771,878,844,737,790,771,510,351,330,355,420,996
2021-01-10,5,28,291,5858,7034,7369,8549,8989,8551,9028,9011,5583,3194,2979,3426,4132,11204,3,21,30,491,612,648,734,712,658,578,612,402,281,239,229,315,695,0,0,1,12,16,30,22,20,28,25,32,13,6,2,0,0,0,0,0,0,0,1,0,1,0,1,3,0,0,0,0,0,0,0,0,0,0,0,0,0,0,0,0,0,0,0,0,0,0,0,0,0,0,0,0,0,0,0,0,0,0,0,0,0,0,0,0,0,0,0,0,0,0,0,0,0,0,0,0,0,0,0,0,0,0,0,0,0,0,0,0,0,0,0,0,0,0,0,0,0,0,0,0,0,0,0,0,0,0,0,0,0,0,0,0,0,0,0,0,0,0,0,0,0,0,0,0,0,0,0,0,0,0,0,0,0,5,28,292,5870,7050,7399,8571,9009,8579,9053,9043,5596,3200,2981,3426,4132,11204,3,21,30,491,613,648,735,712,659,581,612,402,281,239,229,315,695
2021-01-11,5,28,305,6371,7705,7975,9267,9780,9132,9639,9594,5985,3427,3218,3687,4483,12240,0,0,14,513,671,606,718,791,581,611,583,402,233,239,261,351,1036,0,0,1,12,22,34,29,21,32,27,35,13,7,3,0,0,0,0,0,0,0,6,4,7,1,4,2,3,0,1,1,0,0,0,0,0,0,0,0,0,0,0,0,0,0,0,0,0,0,0,0,0,0,0,0,0,0,0,0,0,0,0,0,0,0,0,0,0,0,0,0,0,0,0,0,0,0,0,0,0,0,0,0,0,0,0,0,0,0,0,0,0,0,0,0,0,0,0,0,0,0,0,0,0,0,0,0,0,0,0,0,0,0,0,0,0,0,0,0,0,0,0,0,0,0,0,0,0,0,0,0,0,0,0,0,0,5,28,306,6383,7727,8009,9296,9801,9164,9666,9629,5998,3434,3221,3687,4483,12240,0,0,14,513,677,610,725,792,585,613,586,402,234,240,261,351,1036
2021-01-12,5,30,335,6935,8410,8694,10091,10586,9860,10337,10346,6420,3678,3526,3992,4825,12995,0,2,30,564,705,719,824,806,728,698,752,435,251,308,305,342,755,0,0,1,15,22,41,31,22,35,29,35,14,7,6,0,0,0,0,0,0,3,0,7,2,1,3,2,0,1,0,3,0,0,0,0,0,0,0,0,0,0,0,0,0,0,0,0,0,0,0,0,0,0,0,0,0,0,0,0,0,0,0,0,0,0,0,0,0,0,0,0,0,0,0,0,0,0,0,0,0,0,0,0,0,0,0,0,0,0,0,0,0,0,0,0,0,0,0,0,0,0,0,0,0,0,0,0,0,0,0,0,0,0,0,0,0,0,0,0,0,0,0,0,0,0,0,0,0,0,0,0,0,0,0,0,0,5,30,336,6950,8432,8735,10122,10608,9895,10366,10381,6434,3685,3532,3992,4825,12995,0,2,30,567,705,726,826,807,731,700,752,436,251,311,305,342,755
2021-01-13,5,30,362,7584,9216,9586,11077,11566,10761,11203,11211,6865,3988,3787,4275,5096,13892,0,0,27,649,806,892,986,980,901,866,865,445,310,261,283,271,897,0,0,1,18,23,44,34,23,38,31,39,17,8,8,1,0,0,0,0,0,3,1,3,3,1,3,2,4,3,1,2,1,0,0,0,0,0,0,0,0,0,0,0,0,0,0,0,0,0,0,0,0,0,0,0,0,0,0,0,0,0,0,0,0,0,0,0,0,0,0,0,0,0,0,0,0,0,0,0,0,0,0,0,0,0,0,0,0,0,0,0,0,0,0,0,0,0,0,0,0,0,0,0,0,0,0,0,0,0,0,0,0,0,0,0,0,0,0,0,0,0,0,0,0,0,0,0,0,0,0,0,0,0,0,0,0,5,30,363,7602,9239,9630,11111,11589,10799,11234,11250,6882,3996,3795,4276,5096,13892,0,0,27,652,807,895,989,981,904,868,869,448,311,263,284,271,897
2021-01-14,5,31,395,8462,10376,10708,12408,12806,11862,12271,12350,7597,4417,4143,4606,5433,14827,0,1,33,878,1160,1122,1331,1240,1101,1068,1139,732,429,356,331,337,935,0,0,1,20,25,47,34,27,41,36,40,19,11,12,2,0,0,0,0,0,2,2,3,0,4,3,5,1,2,3,4,1,0,0,0,0,0,0,0,0,0,0,0,0,0,0,0,0,0,0,0,0,0,0,0,0,0,0,0,0,0,0,0,0,0,0,0,0,0,0,0,0,0,0,0,0,0,0,0,0,0,0,0,0,0,0,0,0,0,0,0,0,0,0,0,0,0,0,0,0,0,0,0,0,0,0,0,0,0,0,0,0,0,0,0,0,0,0,0,0,0,0,0,0,0,0,0,0,0,0,0,0,0,0,0,0,5,31,396,8482,10401,10755,12442,12833,11903,12307,12390,7616,4428,4155,4608,5433,14827,0,1,33,880,1162,1125,1331,1244,1104,1073,1140,734,432,360,332,337,935
2021-01-15,5,33,433,9362,11548,11844,13728,14098,12934,13453,13542,8256,4796,4445,4831,5665,15277,0,2,38,900,1172,1136,1320,1292,1072,1182,1192,659,379,302,225,232,450,0,0,1,23,30,53,40,35,44,46,53,25,12,14,3,3,0,0,0,0,3,5,6,6,8,3,10,13,6,1,2,1,3,0,0,0,0,0,0,0,0,0,0,0,1,0,0,0,0,0,0,0,0,0,0,0,0,0,0,0,0,1,0,0,0,0,0,0,0,0,0,0,0,0,0,0,0,0,0,0,0,0,0,0,0,0,0,0,0,0,0,0,0,0,0,0,0,0,0,0,0,0,0,0,0,0,0,0,0,0,0,0,0,0,0,0,0,0,0,0,0,0,0,0,0,0,0,0,0,0,0,0,0,0,0,0,5,33,434,9385,11578,11897,13768,14133,12978,13499,13596,8281,4808,4459,4834,5668,15277,0,2,38,903,1177,1142,1326,1300,1075,1192,1206,665,380,304,226,235,450
2021-01-16,5,33,466,10105,12381,12575,14560,14894,13682,14233,14396,8797,5152,4684,5101,5972,15902,0,0,33,743,833,731,832,796,748,780,854,541,356,239,270,307,625,0,0,1,28,32,58,50,39,56,56,62,34,18,16,4,3,0,0,0,0,5,2,5,10,4,12,10,9,9,6,2,1,0,0,0,0,0,0,0,0,0,0,0,0,1,0,0,0,0,0,0,0,0,0,0,0,0,0,0,0,0,0,0,0,0,0,0,0,0,0,0,0,0,0,0,0,0,0,0,0,0,0,0,0,0,0,0,0,0,0,0,0,0,0,0,0,0,0,0,0,0,0,0,0,0,0,0,0,0,0,0,0,0,0,0,0,0,0,0,0,0,0,0,0,0,0,0,0,0,0,0,0,0,0,0,0,5,33,467,10133,12413,12633,14610,14933,13738,14289,14459,8831,5170,4700,5105,5975,15902,0,0,33,748,835,736,842,800,760,790,863,550,362,241,271,307,625
2021-01-17,5,33,482,10855,12931,13112,15111,15462,14240,14784,14983,9212,5468,4983,5427,6282,16778,0,0,16,750,550,537,551,568,558,551,587,415,316,299,326,310,876,0,0,1,28,38,60,51,39,57,57,63,35,18,16,4,3,0,0,0,0,0,6,2,1,0,1,1,1,1,0,0,0,0,0,0,0,0,0,0,0,0,0,0,0,1,0,0,0,0,0,0,0,0,0,0,0,0,0,0,0,0,0,0,0,0,0,0,0,0,0,0,0,0,0,0,0,0,0,0,0,0,0,0,0,0,0,0,0,0,0,0,0,0,0,0,0,0,0,0,0,0,0,0,0,0,0,0,0,0,0,0,0,0,0,0,0,0,0,0,0,0,0,0,0,0,0,0,0,0,0,0,0,0,0,0,0,5,33,483,10883,12969,13172,15162,15501,14297,14841,15047,9247,5486,4999,5431,6285,16778,0,0,16,750,556,539,552,568,559,552,588,416,316,299,326,310,876
2021-01-18,5,33,507,11528,13622,13816,15873,16229,14996,15599,15834,9820,5941,5479,6056,7004,18723,0,0,25,673,691,704,762,767,756,815,851,608,473,496,629,722,1945,0,0,2,30,50,67,57,42,58,60,68,41,24,19,6,3,2,0,0,1,2,12,7,6,3,1,3,5,6,6,3,2,0,2,0,0,0,0,0,0,0,0,0,0,1,0,0,0,0,0,0,0,0,0,0,0,0,0,0,0,0,0,0,0,0,0,0,0,0,0,0,0,0,0,0,0,0,0,0,0,0,0,0,0,0,0,0,0,0,0,0,0,0,0,0,0,0,0,0,0,0,0,0,0,0,0,0,0,0,0,0,0,0,0,0,0,0,0,0,0,0,0,0,0,0,0,0,0,0,0,0,0,0,0,0,0,5,33,509,11558,13672,13883,15930,16271,15054,15659,15903,9861,5965,5498,6062,7007,18725,0,0,26,675,703,711,768,770,757,818,856,614,479,499,631,722,1947
2021-01-19,5,33,531,12258,14409,14645,16684,17103,15832,16395,16760,10477,6426,6017,6576,7578,20079,0,0,24,730,787,829,811,874,836,796,926,657,485,538,520,574,1356,0,0,2,31,58,72,60,44,63,63,70,47,28,20,9,5,2,0,0,0,1,8,5,3,2,5,3,2,6,4,1,3,2,0,0,0,0,0,0,0,0,0,0,0,1,0,0,0,0,0,0,0,0,0,0,0,0,0,0,0,0,0,0,0,0,0,0,0,0,0,0,0,0,0,0,0,0,0,0,0,0,0,0,0,0,0,0,0,0,0,0,0,0,0,0,0,0,0,0,0,0,0,0,0,0,0,0,0,0,0,0,0,0,0,0,0,0,0,0,0,0,0,0,0,0,0,0,0,0,0,0,0,0,0,0,0,5,33,533,12289,14467,14717,16744,17147,15895,16458,16831,10524,6454,6037,6585,7583,20081,0,0,24,731,795,834,814,876,841,799,928,663,489,539,523,576,1356
2021-01-20,5,33,553,13069,15320,15525,17617,18073,16736,17334,17690,11183,7136,6713,7235,8226,21441,0,0,22,811,911,880,933,970,904,939,930,706,710,696,659,648,1362,0,0,2,33,62,83,62,45,64,64,74,50,31,22,12,6,2,0,0,0,2,4,11,2,1,1,1,4,3,3,2,3,1,0,0,0,0,0,0,0,0,0,0,0,1,0,0,0,0,0,0,0,0,0,0,0,0,0,0,0,0,0,0,0,0,0,0,0,0,0,0,0,0,0,0,0,0,0,0,0,0,0,0,0,0,0,0,0,0,0,0,0,0,0,0,0,0,0,0,0,0,0,0,0,0,0,0,0,0,0,0,0,0,0,0,0,0,0,0,0,0,0,0,0,0,0,0,0,0,0,0,0,0,0,0,0,5,33,555,13102,15382,15608,17679,18118,16800,17398,17765,11233,7167,6735,7247,8232,21443,0,0,22,813,915,891,935,971,905,940,934,709,713,698,662,649,1362
2021-01-21,7,36,597,14014,16501,16648,18903,19360,17843,18536,18926,12092,7913,7381,7843,8989,22823,2,3,44,945,1181,1123,1286,1287,1107,1202,1236,909,777,668,608,763,1382,0,0,2,39,70,92,76,59,69,72,87,59,39,27,15,6,5,0,0,0,6,8,9,14,14,5,8,13,9,8,5,3,0,3,0,0,0,0,0,0,0,0,0,0,1,0,0,0,0,0,0,0,0,0,0,0,0,0,0,0,0,0,0,0,0,0,0,0,0,0,0,0,0,0,0,0,0,0,0,0,0,0,0,0,0,0,0,0,0,0,0,0,0,0,0,0,0,0,0,0,0,0,0,0,0,0,0,0,0,0,0,0,0,0,0,0,0,0,0,0,0,0,0,0,0,0,0,0,0,0,0,0,0,0,0,0,7,36,599,14053,16571,16740,18979,19419,17912,18608,19014,12151,7952,7408,7858,8995,22828,2,3,44,951,1189,1132,1300,1301,1112,1210,1249,918,785,673,611,763,1385
2021-01-22,7,37,621,14991,17585,17713,20018,20527,18880,19540,20065,12772,8400,7806,8254,9526,23879,0,1,24,977,1084,1065,1115,1167,1037,1004,1139,680,487,425,411,537,1056,0,0,2,47,80,111,82,63,76,79,91,63,41,32,15,7,5,0,0,0,8,10,19,6,4,7,7,4,4,2,5,0,1,0,0,0,0,0,0,0,0,0,0,0,1,0,0,0,0,0,0,0,0,0,0,0,0,0,0,0,0,0,0,0,0,0,0,0,0,0,0,0,0,0,0,0,0,0,0,0,0,0,0,0,0,0,0,0,0,0,0,0,0,0,0,0,0,0,0,0,0,0,0,0,0,0,0,0,0,0,0,0,0,0,0,0,0,0,0,0,0,0,0,0,0,0,0,0,0,0,0,0,0,0,0,0,7,37,623,15038,17665,17824,20100,20590,18956,19619,20157,12835,8441,7838,8269,9533,23884,0,1,24,985,1094,1084,1121,1171,1044,1011,1143,684,489,430,411,538,1056
2021-01-23,7,37,644,15807,18370,18507,20797,21354,19712,20284,20927,13369,8753,8070,8504,9846,24270,0,0,23,816,785,794,779,827,832,744,862,597,353,264,250,320,391,0,0,2,48,84,113,84,63,77,81,92,64,41,32,16,7,5,0,0,0,1,4,2,2,0,1,2,1,1,0,0,1,0,0,0,0,0,0,0,0,0,0,0,0,1,0,0,0,0,0,0,0,0,0,0,0,0,0,0,0,0,0,0,0,0,0,0,0,0,0,0,0,0,0,0,0,0,0,0,0,0,0,0,0,0,0,0,0,0,0,0,0,0,0,0,0,0,0,0,0,0,0,0,0,0,0,0,0,0,0,0,0,0,0,0,0,0,0,0,0,0,0,0,0,0,0,0,0,0,0,0,0,0,0,0,0,7,37,646,15855,18454,18620,20881,21417,19789,20365,21020,13433,8794,8102,8520,9853,24275,0,0,23,817,789,796,781,827,833,746,863,598,353,264,251,320,391
2021-01-24,7,37,646,15899,18496,18634,20915,21518,19854,20457,21144,13554,8942,8232,8634,9952,24509,0,0,2,92,126,127,118,164,142,173,217,185,189,162,130,106,239,0,0,2,52,85,118,86,65,79,82,93,66,45,36,16,7,5,0,0,0,4,1,5,2,2,2,1,1,2,4,4,0,0,0,0,0,0,0,0,0,0,0,0,0,1,0,0,0,0,0,0,0,0,0,0,0,0,0,0,0,0,0,0,0,0,0,0,0,0,0,0,0,0,0,0,0,0,0,0,0,0,0,0,0,0,0,0,0,0,0,0,0,0,0,0,0,0,0,0,0,0,0,0,0,0,0,0,0,0,0,0,0,0,0,0,0,0,0,0,0,0,0,0,0,0,0,0,0,0,0,0,0,0,0,0,0,7,37,648,15951,18581,18752,21001,21583,19933,20539,21238,13620,8987,8268,8650,9959,24514,0,0,2,96,127,132,120,166,144,174,218,187,193,166,130,106,239
2021-01-25,7,37,647,16145,18799,18915,21195,21894,20183,20802,21507,13927,9244,8544,8909,10249,25133,0,0,1,246,303,281,280,376,329,345,363,373,302,312,275,297,624,0,0,2,56,96,124,93,72,82,83,96,67,48,39,22,8,7,0,0,0,4,11,6,7,7,3,1,3,1,3,3,6,1,2,0,0,0,0,0,0,0,0,0,0,1,0,0,0,0,0,0,0,0,0,0,0,0,0,0,0,0,0,0,0,0,0,0,0,0,0,0,0,0,0,0,0,0,0,0,0,0,0,0,0,0,0,0,0,0,0,0,0,0,0,0,0,0,0,0,0,0,0,0,0,0,0,0,0,0,0,0,0,0,0,0,0,0,0,0,0,0,0,0,0,0,0,0,0,0,0,0,0,0,0,0,0,7,37,649,16201,18895,19039,21288,21966,20265,20885,21604,13994,9292,8583,8931,10257,25140,0,0,1,250,314,287,287,383,332,346,366,374,305,315,281,298,626
2021-01-26,7,37,670,16470,19157,19238,21524,22254,20505,21104,21877,14233,9526,8781,9120,10487,25480,0,0,23,325,358,323,329,360,322,302,370,306,282,237,211,238,347,0,0,2,64,107,147,99,76,88,93,102,74,80,66,47,18,17,0,0,0,8,11,23,6,4,6,10,6,7,32,27,25,10,10,0,0,0,0,0,0,0,0,0,0,1,0,0,0,0,0,0,0,0,0,0,0,0,0,0,0,0,0,0,0,0,0,0,0,0,0,0,0,0,0,0,0,0,0,0,0,0,0,0,0,0,0,0,0,0,0,0,0,0,0,0,0,0,0,0,0,0,0,0,0,0,0,0,0,0,0,0,0,0,0,0,0,0,0,0,0,0,0,0,0,0,0,0,0,0,0,0,0,0,0,0,0,7,37,672,16534,19264,19385,21623,22330,20593,21197,21980,14307,9606,8847,9167,10505,25497,0,0,23,333,369,346,335,364,328,312,376,313,314,264,236,248,357
2021-01-27,8,38,677,16694,19422,19462,21773,22512,20759,21381,22228,14494,9792,9029,9330,10797,26061,1,1,7,224,265,224,249,258,254,277,351,261,266,248,210,310,581,0,0,2,69,114,162,104,82,97,98,110,83,124,103,66,27,24,0,0,0,5,7,15,5,6,9,5,8,9,44,37,19,9,7,0,0,0,0,0,0,0,0,0,0,1,0,0,0,0,0,0,0,0,0,0,0,0,0,0,0,0,0,0,0,0,0,0,0,0,0,0,0,0,0,0,0,0,0,0,0,0,0,0,0,0,0,0,0,0,0,0,0,0,0,0,0,0,0,0,0,0,0,0,0,0,0,0,0,0,0,0,0,0,0,0,0,0,0,0,0,0,0,0,0,0,0,0,0,0,0,0,0,0,0,0,0,8,38,679,16763,19536,19624,21877,22594,20856,21479,22339,14577,9916,9132,9396,10824,26085,1,1,7,229,272,239,254,264,263,282,359,270,310,285,229,319,588
2021-01-28,8,39,680,16983,19699,19716,22019,22786,21016,21604,22502,14698,10000,9240,9526,11014,26475,0,1,3,289,277,254,246,274,257,223,274,204,208,211,196,217,414,0,0,4,78,123,168,111,88,100,104,120,96,165,149,106,39,30,0,0,2,9,9,6,7,6,3,6,10,13,41,46,40,12,6,0,0,0,0,0,0,0,0,0,0,1,0,0,0,0,0,0,0,0,0,0,0,0,0,0,0,0,0,0,0,0,0,0,0,0,0,0,0,0,0,0,0,0,0,0,0,0,0,0,0,0,0,0,0,0,0,0,0,0,0,0,0,0,0,0,0,0,0,0,0,0,0,0,0,0,0,0,0,0,0,0,0,0,0,0,0,0,0,0,0,0,0,0,0,0,0,0,0,0,0,0,0,8,39,684,17061,19822,19884,22130,22874,21116,21708,22623,14794,10165,9389,9632,11053,26505,0,1,5,298,286,260,253,280,260,229,284,217,249,257,236,229,420
2021-01-29,8,39,684,17109,19837,19850,22142,22922,21135,21723,22645,14810,10141,9441,9732,11250,26986,0,0,4,126,138,134,123,136,119,119,143,112,141,201,206,236,511,0,0,4,82,132,171,114,90,102,110,125,102,202,191,143,53,39,0,0,0,4,9,3,3,2,2,6,5,6,37,42,37,14,9,0,0,0,0,0,0,0,0,0,0,1,0,0,0,0,0,0,0,0,0,0,0,0,0,0,0,0,0,0,0,0,0,0,0,0,0,0,0,0,0,0,0,0,0,0,0,0,0,0,0,0,0,0,0,0,0,0,0,0,0,0,0,0,0,0,0,0,0,0,0,0,0,0,0,0,0,0,0,0,0,0,0,0,0,0,0,0,0,0,0,0,0,0,0,0,0,0,0,0,0,0,0,8,39,688,17191,19969,20021,22256,23012,21237,21833,22771,14912,10343,9632,9875,11303,27025,0,0,4,130,147,137,126,138,121,125,148,118,178,243,243,250,520
2021-01-30,8,39,687,17172,19890,19899,22206,22990,21186,21798,22706,14862,10175,9484,9751,11260,26989,0,0,3,63,53,49,64,68,51,75,61,52,34,43,19,10,3,0,0,4,87,133,173,116,91,102,114,128,123,241,216,173,75,52,0,0,0,5,1,2,2,1,0,4,3,21,39,25,30,22,13,0,0,0,0,0,0,0,0,0,0,1,0,0,0,0,0,0,0,0,0,0,0,0,0,0,0,0,0,0,0,0,0,0,0,0,0,0,0,0,0,0,0,0,0,0,0,0,0,0,0,0,0,0,0,0,0,0,0,0,0,0,0,0,0,0,0,0,0,0,0,0,0,0,0,0,0,0,0,0,0,0,0,0,0,0,0,0,0,0,0,0,0,0,0,0,0,0,0,0,0,0,0,8,39,691,17259,20023,20072,22322,23081,21288,21912,22835,14985,10416,9700,9924,11335,27041,0,0,3,68,54,51,66,69,51,79,64,73,73,68,49,32,16
2021-01-31,8,39,693,17220,19927,19953,22261,23043,21244,21870,22842,14973,10253,9539,9794,11283,27008,0,0,6,48,37,54,55,53,58,72,136,111,78,55,43,23,19,0,0,4,89,133,176,119,93,106,117,136,150,276,245,199,88,56,0,0,0,2,0,3,3,2,4,3,8,27,35,29,26,13,4,0,0,0,0,0,0,0,0,0,0,1,0,0,0,0,0,0,0,0,0,0,0,0,0,0,0,0,0,0,0,0,0,0,0,0,0,0,0,0,0,0,0,0,0,0,0,0,0,0,0,0,0,0,0,0,0,0,0,0,0,0,0,0,0,0,0,0,0,0,0,0,0,0,0,0,0,0,0,0,0,0,0,0,0,0,0,0,0,0,0,0,0,0,0,0,0,0,0,0,0,0,0,8,39,697,17309,20060,20129,22380,23136,21350,21987,22979,15123,10529,9784,9993,11371,27064,0,0,6,50,37,57,58,55,62,75,144,138,113,84,69,36,23
2021-02-01,8,39,699,17257,20005,20010,22320,23089,21274,21899,22889,15007,10315,9577,9820,11295,27013,0,0,6,37,78,57,59,46,30,29,47,34,62,38,26,12,5,0,0,4,96,139,184,122,96,109,125,147,175,312,279,218,98,58,0,0,0,7,6,8,3,3,3,8,11,25,36,34,19,10,2,0,0,0,0,0,0,0,0,0,0,1,0,0,0,0,0,0,0,0,0,0,0,0,0,0,0,0,0,0,0,0,0,0,0,0,0,0,0,0,0,0,0,0,0,0,0,0,0,0,0,0,0,0,0,0,0,0,0,0,0,0,0,0,0,0,0,0,0,0,0,0,0,0,0,0,0,0,0,0,0,0,0,0,0,0,0,0,0,0,0,0,0,0,0,0,0,0,0,0,0,0,0,8,39,703,17353,20144,20194,22442,23185,21383,22024,23037,15182,10627,9856,10038,11393,27071,0,0,6,44,84,65,62,49,33,37,58,59,98,72,45,22,7
2021-02-02,8,39,700,17290,20038,20037,22339,23112,21296,21924,22913,15042,10412,9685,9935,11417,27192,0,0,1,33,33,27,19,23,22,25,24,35,97,108,115,122,179,0,0,4,103,143,188,128,99,114,131,156,194,375,361,271,121,69,0,0,0,7,4,4,6,3,5,6,9,19,63,82,53,23,11,0,0,0,0,0,0,0,0,0,0,1,0,0,0,0,0,0,0,0,0,0,0,0,0,0,0,0,0,0,0,0,0,0,0,0,0,0,0,0,0,0,0,0,0,0,0,0,0,0,0,0,0,0,0,0,0,0,0,0,0,0,0,0,0,0,0,0,0,0,0,0,0,0,0,0,0,0,0,0,0,0,0,0,0,0,0,0,0,0,0,0,0,0,0,0,0,0,0,0,0,0,0,8,39,704,17393,20181,20225,22467,23211,21410,22055,23070,15236,10787,10046,10206,11538,27261,0,0,1,40,37,31,25,26,27,31,33,54,160,190,168,145,190
2021-02-03,8,39,703,17465,20229,20233,22536,23318,21475,22140,23132,15211,10566,9820,10102,11663,27901,0,0,3,175,191,196,197,206,179,216,219,169,154,135,167,246,709,0,0,5,110,152,197,133,102,123,139,165,212,438,421,310,134,73,0,0,1,7,9,9,5,3,9,8,9,18,63,60,39,13,4,0,0,0,0,0,0,0,0,0,0,1,0,0,0,0,0,0,0,0,0,0,0,0,0,0,0,0,0,0,0,0,0,0,0,0,0,0,0,0,0,0,0,0,0,0,0,0,0,0,0,0,0,0,0,0,0,0,0,0,0,0,0,0,0,0,0,0,0,0,0,0,0,0,0,0,0,0,0,0,0,0,0,0,0,0,0,0,0,0,0,0,0,0,0,0,0,0,0,0,0,0,0,8,39,708,17575,20381,20430,22669,23420,21598,22279,23298,15423,11004,10241,10412,11797,27974,0,0,4,182,200,205,202,209,188,224,228,187,217,195,206,259,713
2021-02-04,10,79,711,17747,20589,20564,22902,23775,21838,22629,23582,15516,10805,10060,10383,11978,28679,2,40,8,282,360,331,366,457,363,489,450,305,239,240,281,315,778,0,0,5,124,159,204,140,107,130,148,174,222,494,483,358,148,81,0,0,0,14,7,7,7,5,7,9,9,10,56,62,48,14,8,0,0,0,0,0,0,0,0,0,0,1,0,0,0,0,0,0,0,0,0,0,0,0,0,0,0,0,0,0,0,0,0,0,0,0,0,0,0,0,0,0,0,0,0,0,0,0,0,0,0,0,0,0,0,0,0,0,0,0,0,0,0,0,0,0,0,0,0,0,0,0,0,0,0,0,0,0,0,0,0,0,0,0,0,0,0,0,0,0,0,0,0,0,0,0,0,0,0,0,0,0,0,10,79,716,17871,20748,20768,23042,23882,21968,22777,23757,15738,11299,10543,10741,12126,28760,2,40,8,296,367,338,373,462,370,498,459,315,295,302,329,329,786
2021-02-05,10,79,719,18092,20956,20917,23281,24177,22196,23038,24000,15855,11026,10257,10603,12306,29557,0,0,8,345,367,353,379,402,358,409,418,339,221,197,220,328,878,0,0,5,140,166,211,144,112,132,156,183,233,562,555,410,167,88,0,0,0,16,7,7,4,5,2,8,9,11,68,72,52,19,7,0,0,0,0,0,0,0,0,0,0,1,0,0,0,0,0,0,0,0,0,0,0,0,0,0,0,0,0,0,0,0,0,0,0,0,0,0,0,0,0,0,0,0,0,0,0,0,0,0,0,0,0,0,0,0,0,0,0,0,0,0,0,0,0,0,0,0,0,0,0,0,0,0,0,0,0,0,0,0,0,0,0,0,0,0,0,0,0,0,0,0,0,0,0,0,0,0,0,0,0,0,0,10,79,724,18232,21122,21128,23425,24289,22328,23194,24184,16088,11588,10812,11013,12473,29645,0,0,8,361,374,360,383,407,360,417,427,350,289,269,272,347,885
2021-02-06,10,80,724,18374,21165,21090,23475,24335,22344,23227,24214,16029,11188,10392,10813,12697,30333,0,1,5,282,209,173,194,158,148,189,214,174,162,135,210,391,776,0,0,6,145,176,218,152,116,135,165,188,237,604,607,442,175,95,0,0,1,5,10,7,8,4,3,9,5,4,42,52,32,8,7,0,0,0,0,0,0,0,0,0,0,1,0,0,0,0,0,0,0,0,0,0,0,0,0,0,0,0,0,0,0,0,0,0,0,0,0,0,0,0,0,0,0,0,0,0,0,0,0,0,0,0,0,0,0,0,0,0,0,0,0,0,0,0,0,0,0,0,0,0,0,0,0,0,0,0,0,0,0,0,0,0,0,0,0,0,0,0,0,0,0,0,0,0,0,0,0,0,0,0,0,0,0,10,80,730,18519,21341,21308,23627,24451,22479,23392,24403,16266,11792,10999,11255,12872,30428,0,1,6,287,219,180,202,162,151,198,219,178,204,187,242,399,783
2021-02-07,10,80,729,18657,21344,21247,23601,24469,22479,23379,24418,16160,11325,10471,10940,12933,30744,0,0,5,283,179,157,126,134,135,152,204,131,137,79,127,236,411,0,0,6,154,180,226,164,123,141,170,191,242,619,622,449,179,96,0,0,0,9,4,8,12,7,6,5,3,5,15,15,7,4,1,0,0,0,0,0,0,0,0,0,0,1,0,0,0,0,0,0,0,0,0,0,0,0,0,0,0,0,0,0,0,0,0,0,0,0,0,0,0,0,0,0,0,0,0,0,0,0,0,0,0,0,0,0,0,0,0,0,0,0,0,0,0,0,0,0,0,0,0,0,0,0,0,0,0,0,0,0,0,0,0,0,0,0,0,0,0,0,0,0,0,0,0,0,0,0,0,0,0,0,0,0,0,10,80,735,18811,21524,21473,23765,24592,22620,23549,24610,16402,11944,11093,11389,13112,30840,0,0,5,292,183,165,138,141,141,157,207,136,152,94,134,240,412
2021-02-08,10,82,731,18805,21452,21377,23742,24631,22620,23574,24680,16402,11540,10743,11306,13448,31497,0,2,2,148,108,130,141,162,141,195,262,242,215,272,366,515,753,0,0,7,178,201,249,174,137,151,176,204,254,706,687,495,200,104,0,0,1,24,21,23,10,14,10,6,13,12,87,65,46,21,8,0,0,0,0,0,0,0,0,0,0,1,0,0,0,0,0,0,0,0,0,0,0,0,0,0,0,0,0,0,0,0,0,0,0,0,0,0,0,0,0,0,0,0,0,0,0,0,0,0,0,0,0,0,0,0,0,0,0,0,0,0,0,0,0,0,0,0,0,0,0,0,0,0,0,0,0,0,0,0,0,0,0,0,0,0,0,0,0,0,0,0,0,0,0,0,0,0,0,0,0,0,0,10,82,738,18983,21653,21626,23916,24768,22771,23750,24885,16656,12246,11430,11801,13648,31601,0,2,3,172,129,153,151,176,151,201,275,254,302,337,412,536,761
2021-02-09,10,82,733,19041,21652,21608,23993,24835,22825,23790,24998,16729,11848,11011,11666,13713,31979,0,0,2,236,200,231,251,204,205,216,318,327,308,268,360,265,482,0,0,9,194,213,268,190,147,161,182,212,267,827,815,594,235,115,0,0,2,16,12,19,16,10,10,6,8,13,121,128,99,35,11,0,0,0,0,0,0,0,0,0,0,1,0,0,0,0,0,0,0,0,0,0,0,0,0,0,0,0,0,0,0,0,0,0,0,0,0,0,0,0,0,0,0,0,0,0,0,0,0,0,0,0,0,0,0,0,0,0,0,0,0,0,0,0,0,0,0,0,0,0,0,0,0,0,0,0,0,0,0,0,0,0,0,0,0,0,0,0,0,0,0,0,0,0,0,0,0,0,0,0,0,0,0,10,82,742,19235,21865,21876,24183,24982,22986,23972,25211,16996,12675,11826,12260,13948,32094,0,0,4,252,212,250,267,214,215,222,326,340,429,396,459,300,493
2021-02-10,10,82,738,19357,21984,21947,24355,25148,23184,24198,25429,17209,12231,11432,12097,14304,32870,0,0,5,316,332,339,362,313,359,408,431,480,383,421,431,591,891,0,0,11,212,234,282,199,157,168,187,218,300,1076,1004,712,284,138,0,0,2,18,21,14,9,10,7,5,6,33,249,189,118,49,23,0,0,0,0,0,0,0,0,0,0,1,0,2,1,0,0,0,0,0,0,0,0,0,0,0,0,0,0,0,2,1,0,0,0,0,0,0,0,0,0,0,0,0,0,0,0,0,0,0,0,0,0,0,0,0,0,0,0,0,0,0,0,0,0,0,0,0,0,0,0,0,0,0,0,0,0,0,0,0,0,0,0,0,0,0,0,0,0,0,0,0,0,0,0,0,0,0,0,0,0,0,0,10,82,749,19569,22218,22229,24554,25305,23352,24385,25648,17509,13309,12437,12809,14588,33008,0,0,7,334,353,353,371,323,366,413,437,513,634,611,549,640,914
2021-02-11,10,83,750,19802,22373,22343,24766,25507,23553,24651,25978,17779,12801,12130,13013,15670,35380,0,1,12,445,389,396,411,359,369,453,549,570,570,698,916,1366,2510,0,0,12,235,263,324,227,181,196,206,241,323,1322,1245,837,318,149,0,0,1,23,29,42,28,24,28,19,23,23,246,241,125,34,11,0,0,0,0,0,0,0,0,0,0,1,0,2,1,0,0,0,0,0,0,0,0,0,0,0,0,0,0,0,0,0,0,0,0,0,0,0,0,0,0,0,0,0,0,0,0,1,1,0,0,0,0,0,0,0,0,0,0,0,0,0,0,0,1,1,0,0,0,0,0,0,0,0,0,0,0,0,0,0,0,0,0,0,0,0,0,0,0,0,0,0,0,0,0,0,0,0,0,0,0,0,0,10,83,762,20037,22636,22667,24993,25688,23749,24857,26220,18102,14126,13377,13850,15988,35529,0,1,13,468,418,438,439,383,397,472,572,593,817,940,1041,1400,2521
2021-02-12,10,83,755,20198,22824,22765,25214,25940,24003,25186,26567,18267,13267,12737,13973,17145,38154,0,0,5,396,451,422,448,433,450,535,589,488,466,607,960,1475,2774,0,0,12,256,296,372,262,219,208,231,263,342,1374,1285,868,333,161,0,0,0,21,33,48,35,38,12,25,22,19,52,40,31,15,12,0,0,0,0,0,0,0,0,0,0,1,0,2,1,0,0,0,0,0,0,0,0,0,0,0,0,0,0,0,0,0,0,0,0,0,0,0,0,0,0,0,0,0,0,0,0,1,1,0,0,0,0,0,0,0,0,0,0,0,0,0,0,0,0,0,0,0,0,0,0,0,0,0,0,0,0,0,0,0,0,0,0,0,0,0,0,0,0,0,0,0,0,0,0,0,0,0,0,0,0,0,0,10,83,767,20454,23120,23137,25476,26159,24211,25417,26831,18609,14644,14024,14841,17478,38315,0,0,5,417,484,470,483,471,462,560,611,507,518,647,991,1490,2786
2021-02-13,10,84,757,20305,22940,22880,25312,26054,24120,25319,26706,18384,13397,12876,14090,17256,38404,0,1,2,107,116,115,98,114,117,133,139,117,130,139,117,111,250,0,0,12,270,311,386,281,230,218,241,272,357,1393,1308,882,341,162,0,0,0,14,15,14,19,11,10,10,9,15,19,23,14,8,1,0,0,0,0,0,0,0,0,0,0,1,0,2,1,0,0,0,0,0,0,0,0,0,0,0,0,0,0,0,0,0,0,0,0,0,0,0,0,0,0,0,0,0,0,0,0,1,1,0,0,0,0,0,0,0,0,0,0,0,0,0,0,0,0,0,0,0,0,0,0,0,0,0,0,0,0,0,0,0,0,0,0,0,0,0,0,0,0,0,0,0,0,0,0,0,0,0,0,0,0,0,0,10,84,769,20575,23251,23266,25593,26284,24338,25560,26979,18741,14793,14186,14972,17597,38566,0,1,2,121,131,129,117,125,127,143,148,132,149,162,131,119,251
2021-02-14,10,84,759,20360,22990,22922,25366,26129,24196,25388,26786,18462,13502,12957,14148,17331,38558,0,0,2,55,50,42,54,75,76,69,80,78,105,81,58,75,154,0,0,13,274,319,387,285,233,219,243,273,361,1410,1325,891,345,162,0,0,1,4,8,1,4,3,1,2,1,4,17,17,9,4,0,0,0,0,0,0,0,0,0,0,0,1,0,2,1,0,0,0,0,0,0,0,0,0,0,0,0,0,0,0,0,0,0,0,0,0,0,0,0,0,0,0,0,0,0,0,0,1,1,0,0,0,0,0,0,0,0,0,0,0,0,0,0,0,0,0,0,0,0,0,0,0,0,0,0,0,0,0,0,0,0,0,0,0,0,0,0,0,0,0,0,0,0,0,0,0,0,0,0,0,0,0,0,10,84,772,20634,23309,23309,25651,26362,24415,25631,27060,18823,14915,14284,15039,17676,38720,0,0,3,59,58,43,58,78,77,71,81,82,122,98,67,79,154
2021-02-15,10,84,763,20525,23203,23115,25567,26326,24394,25619,27050,18746,13760,13187,14358,17525,38918,0,0,4,165,213,193,201,197,198,231,264,284,258,230,210,194,360,0,0,13,279,328,398,294,241,225,248,280,370,1454,1378,914,365,169,0,0,0,5,9,11,9,8,6,5,7,9,44,53,23,20,7,0,0,0,0,0,0,0,1,0,0,1,0,2,1,0,0,0,0,0,0,0,0,0,0,1,0,0,0,0,0,0,0,0,0,0,0,0,0,0,0,0,0,0,0,0,0,1,1,0,0,0,0,0,0,0,0,0,0,0,0,0,0,0,0,0,0,0,0,0,0,0,0,0,0,0,0,0,0,0,0,0,0,0,0,0,0,0,0,0,0,0,0,0,0,0,0,0,0,0,0,0,0,10,84,776,20804,23531,23513,25861,26568,24619,25867,27331,19116,15217,14567,15272,17890,39087,0,0,4,170,222,204,210,206,204,236,271,293,302,283,233,214,367
2021-02-16,10,84,767,20621,23311,23225,25675,26439,24519,25765,27222,18887,13917,13319,14800,17652,39104,0,0,4,96,108,110,108,113,125,146,172,141,157,132,442,127,186,0,0,17,285,337,414,304,249,229,252,298,383,1517,1416,960,393,184,0,0,4,6,9,16,10,8,4,4,18,13,63,38,46,28,15,0,0,0,0,0,0,0,1,0,0,1,0,2,1,0,0,0,0,0,0,0,0,0,0,0,0,0,0,0,0,0,0,0,0,0,0,0,0,0,0,0,0,0,0,0,0,1,1,0,0,0,0,0,0,0,0,0,0,0,0,0,0,0,0,0,0,0,0,0,0,0,0,0,0,0,0,0,0,0,0,0,0,0,0,0,0,0,0,0,0,0,0,0,0,0,0,0,0,0,0,0,0,10,84,784,20906,23648,23639,25979,26689,24748,26017,27521,19270,15437,14737,15760,18045,39288,0,0,8,102,117,126,118,121,129,150,190,154,220,170,488,155,201
2021-02-17,10,84,768,20769,23458,23355,25798,26588,24685,25956,27398,19079,14152,13524,15136,17877,39564,0,0,1,148,147,130,123,149,166,191,176,192,235,205,336,225,460,0,0,18,294,346,432,314,259,234,258,302,393,1589,1474,991,417,197,0,0,1,9,9,18,10,10,5,6,4,10,72,58,31,24,13,0,0,0,0,0,0,0,1,0,0,1,0,2,1,0,0,0,0,0,0,0,0,0,0,0,0,0,0,0,0,0,0,0,0,0,0,0,0,0,0,0,0,0,0,0,0,1,1,0,0,0,0,0,0,0,0,0,0,0,0,0,0,0,0,0,0,0,0,0,0,0,0,0,0,0,0,0,0,0,0,0,0,0,0,0,0,0,0,0,0,0,0,0,0,0,0,0,0,0,0,0,0,10,84,786,21063,23804,23787,26112,26848,24919,26214,27701,19472,15744,15000,16127,18294,39761,0,0,2,157,156,148,133,159,171,197,180,202,307,263,367,249,473
2021-02-18,10,85,776,21145,23833,23761,26223,27007,25096,26459,27932,19533,14708,14347,16891,19607,42936,0,1,8,376,375,406,425,419,411,503,534,454,556,823,1755,1730,3372,0,0,19,309,363,452,329,270,239,266,313,410,1653,1553,1022,437,204,0,0,1,15,17,20,15,11,5,8,11,17,64,79,31,20,7,0,0,0,0,0,0,0,1,0,0,1,0,4,1,0,0,0,0,0,0,0,0,0,0,0,0,0,0,0,2,0,0,0,0,0,0,0,0,0,0,0,0,0,0,0,0,1,1,0,0,0,0,0,0,0,0,0,0,0,0,0,0,0,0,0,0,0,0,0,0,0,0,0,0,0,0,0,0,0,0,0,0,0,0,0,0,0,0,0,0,0,0,0,0,0,0,0,0,0,0,0,0,10,85,795,21454,24196,24213,26552,27278,25335,26725,28246,19943,16366,15902,17913,20044,43140,0,1,9,391,392,426,440,430,416,511,545,471,622,902,1786,1750,3379
2021-02-19,10,85,808,21661,24277,24232,26752,27589,25644,27068,28667,20287,15463,15589,19096,22692,49120,0,0,32,516,444,471,529,582,548,609,735,754,755,1242,2205,3085,6184,0,0,20,325,394,478,354,284,250,274,319,419,1724,1625,1059,451,209,0,0,1,16,31,26,25,14,11,8,6,9,71,72,37,14,5,0,0,0,0,0,0,0,1,0,0,1,0,4,1,0,0,0,0,0,0,0,0,0,0,0,0,0,0,0,0,0,0,0,0,0,0,0,0,0,0,0,0,0,0,0,0,3,1,0,0,0,0,0,0,0,0,0,0,0,0,0,0,0,2,0,0,0,0,0,0,0,0,0,0,0,0,0,0,0,0,0,0,0,0,0,0,0,0,0,0,0,0,0,0,0,0,0,0,0,0,0,0,10,85,828,21986,24671,24710,27106,27874,25894,27342,28987,20706,17194,17216,20155,23143,49329,0,0,33,532,475,497,554,596,559,617,741,763,828,1314,2242,3099,6189
2021-02-20,10,85,831,22061,24586,24591,27120,27972,26023,27480,29220,20815,16063,16573,20971,25427,54296,0,0,23,400,309,359,368,383,379,412,553,528,600,984,1875,2735,5176,0,0,22,335,405,489,364,294,259,283,327,424,1752,1640,1073,457,213,0,0,2,10,11,11,10,10,9,9,8,5,28,15,14,6,4,0,0,0,0,0,0,0,1,0,0,1,0,4,2,0,0,0,0,0,0,0,0,0,0,0,0,0,0,0,0,1,0,0,0,0,0,0,0,0,0,0,0,0,0,0,0,3,1,0,0,0,0,0,0,0,0,0,0,0,0,0,0,0,0,0,0,0,0,0,0,0,0,0,0,0,0,0,0,0,0,0,0,0,0,0,0,0,0,0,0,0,0,0,0,0,0,0,0,0,0,0,0,10,85,853,22396,24991,25080,27484,28267,26282,27763,29548,21239,17822,18216,22044,25884,54509,0,0,25,410,320,370,378,393,388,421,561,533,628,1000,1889,2741,5180
2021-02-21,11,85,849,22207,24719,24722,27266,28110,26172,27675,29476,21107,16472,17404,22292,27199,57732,1,0,18,146,133,131,146,138,149,195,256,292,409,831,1321,1772,3436,0,0,22,348,410,498,367,299,263,291,333,430,1777,1650,1080,459,220,0,0,0,13,5,9,3,5,4,8,6,6,25,10,7,2,7,0,0,0,0,0,0,0,1,0,0,1,0,5,2,0,0,0,0,0,0,0,0,0,0,0,0,0,0,0,1,0,0,0,0,0,0,0,0,0,0,0,0,0,0,0,0,3,1,0,0,0,0,0,0,0,0,0,0,0,0,0,0,0,0,0,0,0,0,0,0,0,0,0,0,0,0,0,0,0,0,0,0,0,0,0,0,0,0,0,0,0,0,0,0,0,0,0,0,0,0,0,0,11,85,871,22555,25129,25220,27633,28410,26435,27966,29810,21537,18257,19057,23372,27658,57952,1,0,18,159,138,140,149,143,153,203,262,298,435,841,1328,1774,3443
2021-02-22,11,85,873,22389,24852,24860,27415,28265,26354,27897,29815,21492,16955,18451,24067,29614,62339,0,0,24,182,133,138,149,155,182,222,339,385,483,1047,1775,2415,4607,0,0,26,363,415,516,377,312,273,302,341,437,1827,1705,1121,480,226,0,0,4,15,5,18,10,13,10,11,8,7,50,55,41,21,6,0,0,0,0,0,0,0,1,0,0,1,0,5,2,0,0,0,0,0,0,0,0,0,0,0,0,0,0,0,0,0,0,0,0,0,0,0,0,0,0,0,0,0,0,0,0,3,1,0,0,0,0,0,0,0,0,0,0,0,0,0,0,0,0,0,0,0,0,0,0,0,0,0,0,0,0,0,0,0,0,0,0,0,0,0,0,0,0,0,0,0,0,0,0,0,0,0,0,0,0,0,0,11,85,899,22752,25267,25376,27792,28578,26627,28199,30157,21929,18790,20159,25188,30094,62565,0,0,28,197,138,156,159,168,192,233,347,392,533,1102,1816,2436,4613
2021-02-23,11,85,888,22549,24975,24999,27556,28425,26536,28115,30101,21807,17421,19249,25538,31715,66771,0,0,15,160,123,139,141,160,182,218,286,315,466,798,1471,2101,4432,0,0,26,380,425,528,386,316,275,303,347,453,1896,1768,1164,501,238,0,0,0,17,10,12,9,4,2,1,6,16,69,63,43,21,12,0,0,0,0,0,0,0,1,0,0,1,0,5,2,0,0,0,0,0,0,0,0,0,0,0,0,0,0,0,0,0,0,0,0,0,0,0,0,0,0,0,0,0,0,0,0,3,1,0,0,0,0,0,0,0,0,0,0,0,0,0,0,0,0,0,0,0,0,0,0,0,0,0,0,0,0,0,0,0,0,0,0,0,0,0,0,0,0,0,0,0,0,0,0,0,0,0,0,0,0,0,0,11,85,914,22929,25400,25527,27942,28742,26811,28418,30449,22260,19325,21020,26702,32216,67009,0,0,15,177,133,151,150,164,184,219,292,331,535,861,1514,2122,4444
2021-02-24,11,85,904,22672,25103,25142,27691,28580,26728,28378,30422,22205,17931,20147,26905,33591,70444,0,0,16,123,128,143,135,155,192,263,321,398,510,898,1367,1876,3673,0,0,30,394,433,541,397,329,285,309,355,478,1939,1827,1187,521,264,0,0,4,14,8,13,11,13,10,6,8,25,43,59,23,20,26,0,0,0,0,0,0,0,1,0,0,1,0,5,2,0,0,0,0,0,0,0,0,0,0,0,0,0,0,0,0,0,0,0,0,0,0,0,0,0,0,0,0,0,0,0,0,3,1,0,0,0,0,0,0,0,0,0,0,0,0,0,0,0,0,0,0,0,0,0,0,0,0,0,0,0,0,0,0,0,0,0,0,0,0,0,0,0,0,0,0,0,0,0,0,0,0,0,0,0,0,0,0,11,85,934,23066,25536,25683,28088,28910,27013,28687,30778,22683,19878,21977,28092,34112,70708,0,0,20,137,136,156,146,168,202,269,329,423,553,957,1390,1896,3699
2021-02-25,11,85,927,23012,25398,25518,28089,29006,27169,28925,31073,22914,18671,21487,28751,35842,74700,0,0,23,340,295,376,398,426,441,547,651,709,740,1340,1846,2251,4256,0,0,32,404,445,554,404,340,292,315,360,496,2000,1895,1229,536,274,0,0,2,10,12,13,7,11,7,6,5,18,61,68,42,15,10,0,0,0,0,0,0,0,1,0,0,1,0,5,2,0,0,0,0,0,0,0,0,0,0,0,0,0,0,0,0,0,0,0,0,0,0,0,0,0,0,0,0,0,0,0,0,3,1,0,0,0,0,0,0,0,0,0,0,0,0,0,0,0,0,0,0,0,0,0,0,0,0,0,0,0,0,0,0,0,0,0,0,0,0,0,0,0,0,0,0,0,0,0,0,0,0,0,0,0,0,0,0,11,85,959,23416,25843,26072,28493,29347,27461,29240,31434,23410,20679,23385,29980,36378,74974,0,0,25,350,307,389,405,437,448,553,656,727,801,1408,1888,2266,4266
2021-02-26,11,85,973,23604,25951,26043,28712,29686,27759,29698,31979,23817,19645,23062,30529,38255,79566,0,0,46,592,553,525,623,680,590,773,906,903,974,1575,1778,2413,4866,0,0,32,412,464,568,409,351,303,326,374,511,2038,1930,1257,543,278,0,0,0,8,19,14,5,11,11,11,14,15,38,35,28,7,4,0,0,0,0,0,0,0,1,0,0,1,0,5,2,0,0,0,0,0,0,0,0,0,0,0,0,0,0,0,0,0,0,0,0,0,0,0,0,0,0,0,0,0,0,0,0,3,1,0,0,0,0,0,0,0,0,0,0,0,0,0,0,0,0,0,0,0,0,0,0,0,0,0,0,0,0,0,0,0,0,0,0,0,0,0,0,0,0,0,0,0,0,0,0,0,0,0,0,0,0,0,0,11,85,1005,24016,26415,26611,29121,30038,28062,30024,32354,24328,21691,24995,31786,38798,79844,0,0,46,600,572,539,628,691,601,784,920,918,1012,1610,1806,2420,4870
2021-02-27,12,85,1037,24152,26379,26448,29206,30162,28235,30282,32699,24536,20344,24127,31899,40283,82782,1,0,64,548,428,405,494,476,476,584,720,719,699,1065,1370,2028,3216,0,0,32,418,471,574,411,359,306,335,383,518,2073,1964,1280,552,280,0,0,0,6,7,6,2,8,3,9,9,7,35,34,23,9,2,0,0,0,0,0,0,1,1,0,0,1,0,5,2,0,0,0,0,0,0,0,0,0,1,0,0,0,0,0,0,0,0,0,0,0,0,0,0,0,0,0,0,0,0,0,0,3,1,0,0,0,0,0,0,0,0,0,0,0,0,0,0,0,0,0,0,0,0,0,0,0,0,0,0,0,0,0,0,0,0,0,0,0,0,0,0,0,0,0,0,0,0,0,0,0,0,0,0,0,0,0,0,12,85,1069,24570,26850,27022,29618,30522,28541,30617,33083,25054,22425,26094,33179,40835,83062,1,0,64,554,435,411,497,484,479,593,729,726,734,1099,1393,2037,3218
2021-02-28,12,85,1050,24239,26487,26563,29357,30322,28409,30484,32980,24902,20759,24790,32720,41621,84850,0,0,13,87,108,115,151,160,174,202,281,366,415,663,821,1338,2068,0,0,34,424,475,579,412,361,308,338,386,520,2126,1997,1301,560,283,0,0,2,6,4,5,1,2,2,3,3,2,53,33,21,8,3,0,0,0,0,0,0,1,1,0,0,1,0,5,2,0,0,0,0,0,0,0,0,0,0,0,0,0,0,0,0,0,0,0,0,0,0,0,0,0,0,0,0,0,0,0,0,3,1,0,0,0,0,0,0,0,0,0,0,0,0,0,0,0,0,0,0,0,0,0,0,0,0,0,0,0,0,0,0,0,0,0,0,0,0,0,0,0,0,0,0,0,0,0,0,0,0,0,0,0,0,0,0,12,85,1084,24663,26962,27142,29770,30684,28717,30822,33367,25422,22893,26790,34021,42181,85133,0,0,15,93,112,120,152,162,176,205,284,368,468,696,842,1346,2071
2021-03-01,12,85,1064,24430,26656,26728,29558,30520,28634,30727,33332,25356,21313,26586,35113,45963,92508,0,0,14,191,169,165,201,198,225,243,352,454,554,1796,2393,4342,7658,0,0,34,434,480,585,414,364,312,344,392,533,2177,2047,1318,569,287,0,0,0,10,5,6,2,3,4,6,6,13,51,50,17,9,4,0,0,0,0,0,0,1,1,0,0,1,0,5,2,0,0,0,0,0,0,0,0,0,0,0,0,0,0,0,0,0,0,0,0,0,0,0,0,0,0,0,0,0,0,0,0,3,1,0,0,0,0,0,0,0,0,0,0,0,0,0,0,0,0,0,0,0,0,0,0,0,0,0,0,0,0,0,0,0,0,0,0,0,0,0,0,0,0,0,0,0,0,0,0,0,0,0,0,0,0,0,0,12,85,1098,24864,27136,27313,29973,30885,28946,31071,33725,25889,23498,28636,36431,46532,92795,0,0,14,201,174,171,203,201,229,249,358,467,605,1846,2410,4351,7662
2021-03-02,12,85,1074,24545,26769,26854,29704,30680,28789,30910,33548,25843,22004,28927,37902,50729,98513,0,0,10,115,113,126,146,160,155,183,216,487,691,2341,2789,4766,6005,0,0,36,450,493,601,420,369,320,353,398,547,2260,2133,1371,595,292,0,0,2,16,13,16,6,5,8,9,6,14,83,86,53,26,5,0,0,0,0,0,0,1,1,0,0,1,0,5,2,0,0,0,0,0,0,0,0,0,0,0,0,0,0,0,0,0,0,0,0,0,0,0,0,0,0,0,0,0,0,0,0,3,1,0,0,0,0,0,0,0,0,0,0,0,0,0,0,0,0,0,0,0,0,0,0,0,0,0,0,0,0,0,0,0,0,0,0,0,0,0,0,0,0,0,0,0,0,0,0,0,0,0,0,0,0,0,0,12,85,1110,24995,27262,27455,30125,31050,29109,31263,33947,26390,24272,31063,39273,51324,98805,0,0,12,131,126,142,152,165,163,192,222,501,774,2427,2842,4792,6010
2021-03-03,12,85,1088,24700,26903,27015,29855,30840,28958,31130,33809,26385,22770,31855,41214,55409,103934,0,0,14,155,134,161,151,160,169,220,261,542,766,2928,3312,4680,5421,0,0,37,456,501,609,425,371,328,356,404,563,2371,2206,1430,620,302,0,0,1,6,8,8,5,2,8,3,6,16,111,73,59,25,10,0,0,0,0,0,0,1,1,0,0,1,0,6,2,0,0,0,0,0,0,0,0,0,0,0,0,0,0,0,1,0,0,0,0,0,0,0,0,0,0,0,0,0,0,0,0,3,1,0,0,0,0,0,0,0,0,0,0,0,0,0,0,0,0,0,0,0,0,0,0,0,0,0,0,0,0,0,0,0,0,0,0,0,0,0,0,0,0,0,0,0,0,0,0,0,0,0,0,0,0,0,0,12,85,1125,25156,27404,27624,30281,31212,29286,31486,34214,26948,25150,34064,42644,56029,104236,0,0,15,161,142,169,156,162,177,223,267,558,878,3001,3371,4705,5431
2021-03-04,12,85,1114,24952,27150,27251,30125,31095,29223,31446,34211,26949,23691,35590,44880,60236,107997,0,0,26,252,247,236,270,255,265,316,402,564,921,3735,3666,4827,4063,0,0,40,464,512,620,431,379,331,365,407,575,2433,2255,1455,631,308,0,0,3,8,11,11,6,8,3,9,3,12,62,49,25,11,6,0,0,0,0,0,0,1,1,0,0,1,0,6,2,0,0,0,0,0,0,0,0,0,0,0,0,0,0,0,0,0,0,0,0,0,0,0,0,0,0,0,0,0,0,0,0,3,1,0,0,0,0,0,0,0,0,0,0,0,0,0,0,0,0,0,0,0,0,0,0,0,0,0,0,0,0,0,0,0,0,0,0,0,0,0,0,0,0,0,0,0,0,0,0,0,0,0,0,0,0,0,0,12,85,1154,25416,27662,27871,30557,31475,29554,31811,34619,27524,26133,37848,46335,60867,108305,0,0,29,260,258,247,276,263,268,325,405,576,983,3784,3691,4838,4069
2021-03-05,13,85,1148,25343,27418,27536,30437,31428,29502,31806,34685,27538,24721,40033,48943,65032,111252,1,0,34,391,268,285,312,333,279,360,474,589,1030,4443,4063,4796,3255,0,1,44,477,527,634,436,389,336,375,412,591,2497,2300,1489,646,325,0,1,4,13,15,14,5,10,5,10,5,16,64,45,34,15,17,0,0,0,0,0,0,1,1,0,0,1,0,6,2,0,0,0,0,0,0,0,0,0,0,0,0,0,0,0,0,0,0,0,0,0,0,0,0,0,0,0,0,0,0,0,0,3,1,0,0,0,0,0,0,0,0,0,0,0,0,0,0,0,0,0,0,0,0,0,0,0,0,0,0,0,0,0,0,0,0,0,0,0,0,0,0,0,0,0,0,0,0,0,0,0,0,0,0,0,0,0,0,13,86,1192,25820,27945,28170,30874,31818,29838,32181,35098,28129,27227,42336,50432,65678,111577,1,1,38,404,283,299,317,343,284,370,479,605,1094,4488,4097,4811,3272
2021-03-06,13,85,1170,25565,27573,27730,30593,31596,29729,32023,34972,27996,25546,44058,52708,68328,113414,0,0,22,222,155,194,156,168,227,217,287,458,825,4025,3765,3296,2162,0,1,45,482,530,639,439,390,339,377,418,597,2543,2331,1507,663,330,0,0,1,5,3,5,3,1,3,2,6,6,46,31,18,17,5,0,0,0,0,0,0,1,1,0,0,1,0,6,2,0,0,0,0,0,0,0,0,0,0,0,0,0,0,0,0,0,0,0,0,0,0,0,0,0,0,0,0,0,0,0,0,3,1,0,0,0,0,0,0,0,0,0,0,0,0,0,0,0,0,0,0,0,0,0,0,0,0,0,0,0,0,0,0,0,0,0,0,0,0,0,0,0,0,0,0,0,0,0,0,0,0,0,0,0,0,0,0,13,86,1215,26047,28103,28369,31033,31987,30068,32400,35391,28593,28098,46392,54215,68991,113744,0,0,23,227,158,199,159,169,230,219,293,464,871,4056,3783,3313,2167
2021-03-07,13,85,1177,25699,27654,27798,30700,31678,29836,32147,35178,28415,26430,49063,57013,71274,114938,0,0,7,134,81,68,107,82,107,124,206,419,884,5005,4305,2946,1524,0,1,45,492,536,648,442,392,340,379,421,599,2585,2353,1521,674,331,0,0,0,10,6,9,3,2,1,2,3,2,42,22,14,11,1,0,0,0,0,0,0,1,1,0,0,1,0,6,2,0,0,0,0,0,0,0,0,0,0,0,0,0,0,0,0,0,0,0,0,0,0,0,0,0,0,0,0,0,0,0,0,3,1,0,0,0,0,0,0,0,0,0,0,0,0,0,0,0,0,0,0,0,0,0,0,0,0,0,0,0,0,0,0,0,0,0,0,0,0,0,0,0,0,0,0,0,0,0,0,0,0,0,0,0,0,0,0,13,86,1222,26191,28190,28446,31143,32071,30176,32526,35600,29014,29024,51419,58534,71948,115269,0,0,7,144,87,77,110,84,108,126,209,421,926,5027,4319,2957,1525
2021-03-08,13,85,1189,25828,27768,27917,30820,31821,29975,32326,35462,28989,27410,54203,61264,74729,116589,0,0,12,129,114,119,120,143,139,179,284,574,980,5140,4251,3455,1651,0,1,47,514,572,701,497,455,393,436,491,641,2662,2406,1545,682,338,0,0,2,22,36,53,55,63,53,57,70,42,77,53,24,8,7,0,0,0,0,0,0,1,1,0,0,1,0,7,3,0,0,0,0,0,0,0,0,0,0,0,0,0,0,0,1,1,0,0,0,0,0,0,0,0,0,0,0,0,0,0,0,3,1,0,0,0,0,0,0,0,0,0,0,0,0,0,0,0,0,0,0,0,0,0,0,0,0,0,0,0,0,0,0,0,0,0,0,0,0,0,0,0,0,0,0,0,0,0,0,0,0,0,0,0,0,0,0,13,86,1236,26342,28340,28618,31318,32277,30368,32762,35954,29630,30082,56613,62809,75411,116927,0,0,14,151,150,172,175,206,192,236,354,616,1058,5194,4275,3463,1658
2021-03-09,13,85,1195,25989,27893,28053,30954,31965,30108,32499,35752,29549,28607,60304,66377,77550,118443,0,0,6,161,125,136,134,144,133,173,290,560,1197,6101,5113,2821,1854,1,1,50,541,616,756,558,511,470,494,555,693,2755,2469,1599,718,430,1,0,3,27,44,55,61,56,77,58,64,52,93,63,54,36,92,0,0,0,0,0,0,1,1,0,0,1,0,7,3,0,0,0,0,0,0,0,0,0,0,0,0,0,0,0,0,0,0,0,0,0,0,0,0,0,0,0,0,0,0,0,0,3,1,0,0,0,0,0,0,0,0,0,0,0,0,0,0,0,0,0,0,0,0,0,0,0,0,0,0,0,0,0,0,0,0,0,0,0,0,0,0,0,0,0,0,0,0,0,0,0,0,0,0,0,0,0,0,14,86,1245,26530,28509,28809,31513,32477,30578,32993,36308,30242,31372,62777,67976,78268,118873,1,0,9,188,169,191,195,200,210,231,354,612,1290,6164,5167,2857,1946
2021-03-10,14,85,1205,26212,28044,28198,31124,32152,30299,32729,36124,30248,29994,66062,71085,80417,120986,1,0,10,223,151,145,170,187,191,230,372,699,1387,5758,4708,2867,2543,1,1,50,573,661,810,615,583,524,567,631,730,2879,2574,1691,781,590,0,0,0,32,45,54,57,72,54,73,76,37,124,105,92,63,160,0,0,0,0,0,0,1,1,0,0,1,0,8,3,0,0,0,0,0,0,0,0,0,0,0,0,0,0,0,1,0,0,0,0,0,0,0,0,0,0,0,0,0,0,0,0,3,1,0,0,0,0,0,0,0,0,0,0,0,0,0,0,0,0,0,0,0,0,0,0,0,0,0,0,0,0,0,0,0,0,0,0,0,0,0,0,0,0,0,0,0,0,0,0,0,0,0,0,0,0,0,0,15,86,1255,26785,28705,29008,31740,32736,30823,33296,36756,30978,32884,68640,72776,81198,121576,1,0,10,255,196,199,227,259,245,303,448,736,1512,5863,4800,2930,2703
2021-03-11,14,85,1249,26639,28346,28491,31450,32525,30690,33154,36747,31217,31720,74127,77617,85021,126489,0,0,44,427,302,293,326,373,391,425,623,969,1726,8065,6532,4604,5503,1,1,51,607,688,859,661,628,558,609,675,772,2968,2640,1741,799,596,0,0,1,34,27,49,46,45,34,42,44,42,89,66,50,18,6,0,0,0,0,0,0,1,1,0,0,1,0,8,3,1,0,0,0,0,0,0,0,0,0,0,0,0,0,0,0,0,1,0,0,0,0,0,0,0,0,0,0,0,0,0,0,3,1,0,0,0,0,0,0,0,0,0,0,0,0,0,0,0,0,0,0,0,0,0,0,0,0,0,0,0,0,0,0,0,0,0,0,0,0,0,0,0,0,0,0,0,0,0,0,0,0,0,0,0,0,0,0,15,86,1300,27246,29034,29350,32112,33154,31248,33763,37423,31989,34699,76771,79359,85820,127085,0,0,45,461,329,342,372,418,425,467,667,1011,1815,8131,6583,4622,5509
2021-03-12,14,85,1282,27126,28784,28919,31885,33022,31153,33751,37499,32428,35527,81972,84358,90367,132432,0,0,33,487,438,428,435,497,463,597,752,1211,3807,7845,6741,5346,5943,1,1,56,634,737,911,695,670,589,636,702,803,3044,2718,1780,817,605,0,0,5,27,49,52,34,42,31,27,27,31,76,78,39,18,9,0,0,0,0,0,0,1,1,0,0,2,0,8,3,1,0,0,0,0,0,0,0,0,0,0,0,0,1,0,0,0,0,0,0,0,0,0,0,0,0,0,0,0,0,0,0,3,1,0,0,0,0,0,0,0,0,0,0,0,0,0,0,0,0,0,0,0,0,0,0,0,0,0,0,0,0,0,0,0,0,0,0,0,0,0,0,0,0,0,0,0,0,0,0,0,0,0,0,0,0,0,0,15,86,1338,27760,29521,29830,32581,33693,31742,34387,38203,33231,38582,84694,86139,91184,133037,0,0,38,514,487,480,469,539,494,624,780,1242,3883,7923,6780,5364,5952
2021-03-13,15,85,1320,27685,29135,29280,32248,33438,31601,34255,38205,33721,40882,90770,91039,94799,136790,1,0,38,559,351,361,363,416,448,504,706,1293,5355,8798,6681,4432,4358,1,1,56,640,748,921,702,675,595,638,708,807,3089,2760,1801,826,609,0,0,0,6,11,10,7,5,6,2,6,4,45,42,21,9,4,0,0,0,0,0,0,1,1,0,0,2,0,9,3,1,1,0,0,0,0,0,0,0,0,0,0,0,0,0,1,0,0,1,0,0,0,0,0,0,0,0,0,0,0,0,0,3,1,0,0,0,0,0,0,0,0,0,0,0,0,0,0,0,0,0,0,0,0,0,0,0,0,0,0,0,0,0,0,0,0,0,0,0,0,0,0,0,0,0,0,0,0,0,0,0,0,0,0,0,0,0,0,16,86,1376,28325,29883,30201,32951,34114,32196,34893,38915,34528,43983,93534,92841,95626,137399,1,0,38,565,362,371,370,421,454,506,712,1297,5401,8840,6702,4442,4362
2021-03-14,15,86,1337,27958,29310,29459,32460,33686,31821,34586,38674,34861,46860,98760,96758,97817,139739,0,1,17,273,175,179,212,248,220,331,469,1140,5978,7990,5719,3018,2949,1,1,58,646,753,927,703,678,596,640,712,809,3112,2787,1808,831,613,0,0,2,6,5,6,1,3,1,2,4,2,23,27,7,5,4,0,0,0,0,0,0,1,1,0,0,2,0,9,3,1,1,0,0,0,0,0,0,0,0,0,0,0,0,0,0,0,0,0,0,0,0,0,0,0,0,0,0,0,0,0,0,3,1,0,0,0,0,0,0,0,0,0,0,0,0,0,0,0,0,0,0,0,0,0,0,0,0,0,0,0,0,0,0,0,0,0,0,0,0,0,0,0,0,0,0,0,0,0,0,0,0,0,0,0,0,0,0,16,87,1395,28604,30063,30386,33164,34365,32417,35226,39388,35670,49984,101551,98567,98649,140352,0,1,19,279,180,185,213,251,221,333,473,1142,6001,8017,5726,3023,2953
2021-03-15,15,86,1350,28172,29520,29663,32696,33911,32072,34931,39180,36245,52964,108017,103913,100447,142318,0,0,13,214,210,204,236,225,251,345,506,1384,6104,9257,7155,2630,2579,1,1,59,662,765,944,714,680,600,645,729,825,3197,2852,1846,845,625,0,0,1,16,12,17,11,2,4,5,17,16,85,65,38,14,12,0,0,0,0,0,0,1,1,0,0,2,0,9,4,1,1,0,0,0,0,0,0,0,0,0,0,0,0,0,0,1,0,0,0,0,0,0,0,0,0,0,0,0,0,0,0,3,1,0,0,0,0,0,0,0,0,0,0,0,0,0,0,0,0,0,0,0,0,0,0,0,0,0,0,0,0,0,0,0,0,0,0,0,0,0,0,0,0,0,0,0,0,0,0,0,0,0,0,0,0,0,0,16,87,1409,28834,30285,30607,33411,34592,32672,35576,39911,37070,56173,110874,105760,101293,142943,0,0,14,230,222,221,247,227,255,350,523,1400,6189,9323,7193,2644,2591
2021-03-16,15,86,1357,28378,29693,29859,32882,34132,32288,35213,39680,37679,59431,118107,110133,103260,144328,0,0,7,206,173,196,186,221,216,282,500,1434,6467,10090,6220,2813,2010,1,1,59,681,775,961,723,684,605,649,740,844,3300,2935,1886,867,634,0,0,0,19,10,17,9,4,5,4,11,19,103,83,40,22,9,0,0,0,0,0,0,1,1,0,0,2,0,9,4,1,1,0,0,0,0,0,0,0,0,0,0,0,0,0,0,0,0,0,0,0,0,0,0,0,0,0,0,0,0,0,0,3,2,0,0,0,0,0,0,0,0,0,0,0,0,0,0,0,0,1,0,0,0,0,0,0,0,0,0,0,0,0,0,0,0,0,0,0,0,0,0,0,0,0,0,0,0,0,0,0,0,0,0,0,0,0,0,16,87,1416,29059,30468,30820,33606,34817,32893,35862,40422,38523,62743,121048,112020,104128,144962,0,0,7,225,183,213,195,225,221,286,511,1453,6570,10174,6260,2835,2019
2021-03-17,15,86,1370,28801,30050,30219,33269,34562,32720,35677,40383,39165,64102,125610,115003,106682,147328,0,0,13,423,357,360,387,430,432,464,703,1486,4671,7503,4870,3422,3000,1,1,59,699,786,975,733,689,610,659,752,864,3365,2985,1913,882,642,0,0,0,18,11,14,10,5,5,10,12,20,65,50,27,15,8,0,0,0,0,0,0,1,1,0,0,2,0,9,5,1,1,0,0,0,0,0,0,0,0,0,0,0,0,0,0,1,0,0,0,0,0,0,0,0,0,0,0,0,0,0,0,3,2,0,0,0,0,0,0,0,0,0,0,0,0,0,0,0,0,0,0,0,0,0,0,0,0,0,0,0,0,0,0,0,0,0,0,0,0,0,0,0,0,0,0,0,0,0,0,0,0,0,0,0,0,0,0,16,87,1429,29500,30836,31194,34003,35252,33330,36336,41137,40029,67479,128602,116917,107565,147970,0,0,13,441,368,374,397,435,437,474,715,1506,4736,7554,4897,3437,3008
2021-03-18,16,86,1419,29368,30548,30773,33842,35127,33320,36400,41336,40678,68269,135308,123574,112790,153364,1,0,49,567,498,554,573,565,600,723,953,1513,4167,9698,8571,6108,6036,1,1,61,707,796,984,746,698,627,669,770,893,3462,3045,1959,918,704,0,0,2,8,10,9,13,9,17,10,18,29,97,60,46,36,62,0,0,0,0,0,0,1,1,0,0,2,0,9,7,1,1,0,0,0,0,0,0,0,0,0,0,0,0,0,0,2,0,0,0,0,0,0,0,0,0,0,0,0,0,0,0,3,2,0,0,0,0,0,0,0,0,0,0,0,0,0,0,0,0,0,0,0,0,0,0,0,0,0,0,0,0,0,0,0,0,0,0,0,0,0,0,0,0,0,0,0,0,0,0,0,0,0,0,0,0,0,0,17,87,1480,30075,31344,31757,34589,35826,33947,37069,42108,41571,71743,138362,125534,113709,154068,1,0,51,575,508,563,586,574,617,733,971,1542,4264,9760,8617,6144,6098
2021-03-19,17,86,1446,29995,31035,31285,34440,35740,33959,37113,42238,42107,72699,145230,132406,120024,159515,1,0,27,627,487,512,598,613,639,713,902,1429,4430,9922,8832,7234,6151,1,1,61,726,805,997,751,710,634,678,777,919,3525,3081,1976,927,712,0,0,0,19,9,13,5,12,7,9,7,26,63,36,17,9,8,0,0,0,0,0,1,1,1,0,0,2,0,9,7,1,1,0,0,0,0,0,0,1,0,0,0,0,0,0,0,0,0,0,0,0,0,0,0,0,0,0,0,0,0,0,0,3,2,0,0,0,0,0,0,0,0,0,0,0,0,0,0,0,0,0,0,0,0,0,0,0,0,0,0,0,0,0,0,0,0,0,0,0,0,0,0,0,0,0,0,0,0,0,0,0,0,0,0,0,0,0,0,18,87,1507,30721,31840,32283,35192,36451,34593,37791,43017,43026,76236,148320,134383,120952,160227,1,0,27,646,496,526,603,625,646,722,909,1455,4493,9958,8849,7243,6159
2021-03-20,18,86,1484,30402,31282,31548,34715,36040,34254,37405,42620,43121,76936,152217,140134,124085,162347,1,0,38,407,247,263,275,300,295,292,382,1014,4237,6987,7728,4061,2832,1,1,62,746,812,1002,753,717,647,692,787,939,3541,3089,1988,931,717,0,0,1,20,7,5,2,7,13,14,10,20,16,8,12,4,5,0,0,0,0,0,1,1,1,0,0,2,0,9,7,1,1,0,0,0,0,0,0,0,0,0,0,0,0,0,0,0,0,0,0,0,0,0,0,0,0,0,0,0,0,0,0,3,2,0,0,0,0,0,0,0,0,0,0,0,0,0,0,0,0,0,0,0,0,0,0,0,0,0,0,0,0,0,0,0,0,0,0,0,0,0,0,0,0,0,0,0,0,0,0,0,0,0,0,0,0,0,0,19,87,1546,31148,32094,32551,35469,36758,34901,38097,43409,44060,80489,155315,142123,125017,163064,1,0,39,427,254,268,277,307,308,306,392,1034,4253,6995,7740,4065,2837
2021-03-21,18,86,1498,30807,31605,31838,35056,36365,34577,37696,42890,43896,80183,157146,145543,127561,163745,0,0,14,405,323,290,341,325,323,291,270,775,3247,4929,5409,3476,1398,1,1,63,760,816,1005,754,722,654,702,797,949,3559,3105,1994,937,718,0,0,1,14,4,3,1,5,7,10,10,10,18,16,6,6,1,0,0,0,0,0,1,1,1,0,0,2,0,9,7,1,1,0,0,0,0,0,0,0,0,0,0,0,0,0,0,0,0,0,0,0,0,0,0,0,0,0,0,0,0,0,0,3,2,0,0,0,0,0,0,0,0,0,0,0,0,0,0,0,0,0,0,0,0,0,0,0,0,0,0,0,0,0,0,0,0,0,0,0,0,0,0,0,0,0,0,0,0,0,0,0,0,0,0,0,0,0,0,19,87,1561,31567,32421,32844,35811,37088,35231,38398,43689,44845,83754,160260,147538,128499,164463,0,0,15,419,327,293,342,330,330,301,280,785,3265,4945,5415,3482,1399
2021-03-22,18,86,1514,31025,31880,32206,35597,36959,35100,38158,43476,46486,86552,162419,151094,130215,165289,0,0,16,218,275,368,541,594,523,462,586,2590,6369,5273,5551,2654,1544,1,1,63,769,821,1021,763,726,660,710,813,979,3625,3140,2022,955,723,0,0,0,9,5,16,9,4,6,8,16,30,66,35,28,18,5,0,0,0,0,0,1,1,1,0,0,2,0,9,7,2,1,0,0,0,0,0,0,0,0,0,0,0,0,0,0,0,1,0,0,0,0,0,0,0,0,0,0,0,0,0,0,3,2,0,0,0,0,0,0,0,0,0,0,0,0,0,0,0,0,0,0,0,0,0,0,0,0,0,0,0,0,0,0,0,0,0,0,0,0,0,0,0,0,0,0,0,0,0,0,0,0,0,0,0,0,0,0,19,87,1577,31794,32701,33228,36361,37686,35760,38868,44291,47465,90189,165568,153118,131171,166012,0,0,16,227,280,384,550,598,529,470,602,2620,6435,5308,5580,2672,1549
2021-03-23,18,86,1528,31311,32195,32569,36120,37540,35679,38624,44383,51340,95669,170631,155531,132612,166321,0,0,14,286,315,363,523,581,579,466,907,4854,9117,8212,4437,2397,1032,1,1,64,782,836,1034,771,732,667,722,828,999,3674,3184,2038,968,732,0,0,1,13,15,13,8,6,7,12,15,20,49,44,16,13,9,0,0,0,0,0,1,1,1,0,0,2,0,10,7,2,2,0,0,0,0,0,0,0,0,0,0,0,0,0,1,0,0,1,0,0,0,0,0,0,0,0,0,0,0,0,0,3,2,0,0,0,0,0,0,0,0,0,0,0,0,0,0,0,0,0,0,0,0,0,0,0,0,0,0,0,0,0,0,0,0,0,0,0,0,0,0,0,0,0,0,0,0,0,0,0,0,0,0,0,0,0,0,19,87,1592,32093,33031,33604,36892,38273,36346,39346,45213,52339,99356,173824,157571,133582,167053,0,0,15,299,330,376,531,587,586,478,922,4874,9167,8256,4453,2411,1041
2021-03-24,19,86,1545,31654,32552,32977,36656,38163,36284,39146,45526,57435,103146,181511,164024,135700,167787,1,0,17,343,357,408,536,623,605,522,1143,6095,7477,10880,8493,3088,1466,1,1,66,797,852,1046,780,742,680,742,852,1042,3722,3222,2066,987,740,0,0,2,15,16,12,9,10,13,20,24,43,48,38,28,19,8,0,0,0,0,0,1,1,1,0,0,2,0,11,7,2,2,0,0,0,0,0,0,0,0,0,0,0,0,0,1,0,0,0,0,0,0,0,0,0,0,0,0,0,0,0,0,3,2,0,0,0,0,0,0,0,0,0,0,0,0,0,0,0,0,0,0,0,0,0,0,0,0,0,0,0,0,0,0,0,0,0,0,0,0,0,0,0,0,0,0,0,0,0,0,0,0,0,0,0,0,0,0,20,87,1611,32451,33404,34024,37437,38906,36964,39888,46380,58477,106882,184742,166092,136689,168527,1,0,19,358,373,420,545,633,618,542,1167,6138,7526,10918,8521,3107,1474
2021-03-25,20,88,1566,32189,33059,33552,37384,38922,36968,39852,46913,64708,112405,195082,175023,141554,171666,1,2,21,535,507,575,728,759,684,706,1387,7273,9259,13571,10999,5854,3879,1,1,71,818,866,1065,793,755,692,755,873,1091,3780,3256,2097,995,747,0,0,5,21,14,19,13,13,12,13,21,49,58,34,31,8,7,0,0,0,0,0,1,1,1,0,0,2,0,11,7,4,2,0,0,0,0,0,0,0,0,0,0,0,0,0,0,0,2,0,0,0,0,0,0,0,0,0,0,0,0,0,0,3,2,0,0,0,0,0,0,0,0,0,0,0,0,0,0,0,0,0,0,0,0,0,0,0,0,0,0,0,0,0,0,0,0,0,0,0,0,0,0,0,0,0,0,0,0,0,0,0,0,0,0,0,0,0,0,21,89,1637,33007,33925,34618,38178,39678,37660,40607,47788,65799,116199,198347,177124,142551,172413,1,2,26,556,521,594,741,772,696,719,1408,7322,9317,13605,11032,5862,3886
2021-03-26,21,88,1609,32744,33534,34035,38030,39655,37626,40542,48413,72519,121496,209615,184419,147566,174425,1,0,43,555,475,483,646,733,658,690,1500,7811,9091,14533,9396,6012,2759,1,1,74,844,885,1093,803,767,705,781,929,1156,3827,3297,2129,1016,754,0,0,3,26,19,28,10,12,13,26,56,65,47,41,32,21,7,0,0,0,0,0,1,1,1,0,0,2,0,12,7,4,2,0,0,0,0,0,0,0,0,0,0,0,0,0,1,0,0,0,0,0,0,0,0,0,0,0,0,0,0,0,0,3,2,0,0,0,0,0,0,0,0,0,0,0,0,0,0,0,0,0,0,0,0,0,0,0,0,0,0,0,0,0,0,0,0,0,0,0,0,0,0,0,0,0,0,0,0,0,0,0,0,0,0,0,0,0,0,22,89,1683,33588,34419,35129,38834,40423,38331,41323,49344,73675,125338,212921,186552,148584,175179,1,0,46,581,494,511,656,745,671,716,1556,7876,9139,14574,9428,6033,2766
2021-03-27,21,88,1631,33031,33743,34286,38379,40051,38008,41010,49638,79308,128786,225134,192889,151089,175969,0,0,22,287,209,251,349,396,382,468,1225,6789,7290,15519,8470,3523,1544,1,1,74,864,900,1109,825,778,726,795,953,1209,3853,3311,2139,1023,756,0,0,0,20,15,16,22,11,21,14,24,53,26,14,10,7,2,0,0,0,0,0,1,1,1,0,0,2,0,12,7,4,2,0,0,0,0,0,0,0,0,0,0,0,0,0,0,0,0,0,0,0,0,0,0,0,0,0,0,0,0,0,0,3,2,0,0,0,0,0,0,0,0,0,0,0,0,0,0,0,0,0,0,0,0,0,0,0,0,0,0,0,0,0,0,0,0,0,0,0,0,0,0,0,0,0,0,0,0,0,0,0,0,0,0,0,0,0,0,22,89,1705,33895,34643,35396,39205,40830,38734,41805,50593,80517,132654,228454,195032,152114,176725,0,0,22,307,224,267,371,407,403,482,1249,6842,7316,15533,8480,3530,1546
2021-03-28,21,88,1644,33272,33976,34529,38712,40399,38361,41498,50845,86099,135008,237320,200218,153920,176654,0,0,13,241,233,243,333,348,353,488,1207,6791,6222,12186,7329,2831,685,1,1,74,879,912,1113,835,784,732,805,983,1298,3865,3323,2145,1024,756,0,0,0,15,12,4,10,6,6,10,30,89,12,12,6,1,0,0,0,0,0,0,1,1,1,0,0,2,1,12,8,4,2,0,0,0,0,0,0,0,0,0,0,0,0,1,0,1,0,0,0,0,0,0,0,0,0,0,0,0,0,0,0,3,2,0,0,0,0,0,0,0,0,0,0,0,0,0,0,0,0,0,0,0,0,0,0,0,0,0,0,0,0,0,0,0,0,0,0,0,0,0,0,0,0,0,0,0,0,0,0,0,0,0,0,0,0,0,0,22,89,1718,34151,34888,35643,39548,41184,39093,42303,51830,87398,138888,240653,202367,154946,177410,0,0,13,256,245,247,343,354,359,498,1237,6881,6234,12199,7335,2832,685
2021-03-29,21,88,1659,33653,34359,35010,39340,41152,39121,42091,52144,93477,144163,249171,208180,156029,177537,0,0,15,381,383,481,628,753,760,593,1299,7378,9155,11851,7962,2109,883,1,1,76,893,924,1131,843,800,745,827,1052,1435,3915,3362,2184,1034,763,0,0,2,14,12,18,8,16,13,22,69,137,50,39,39,10,7,0,0,0,0,0,1,1,1,0,0,2,1,12,8,4,2,0,0,0,0,0,0,0,0,0,0,0,0,0,0,0,0,0,0,0,0,0,0,0,0,0,0,0,0,0,0,3,2,0,0,0,0,0,0,0,0,0,0,0,0,0,0,0,0,0,0,0,0,0,0,0,0,0,0,0,0,0,0,0,0,0,0,0,0,0,0,0,0,0,0,0,0,0,0,0,0,0,0,0,0,0,0,22,89,1735,34546,35283,36142,40184,41953,39866,42918,53198,94913,148093,252543,210368,157065,178300,0,0,17,395,395,499,636,769,773,615,1368,7515,9205,11890,8001,2119,890
2021-03-30,21,88,1680,34249,34958,35617,40201,42048,39933,42740,53414,100846,155211,260072,214209,157675,178105,0,0,21,596,599,607,861,896,812,649,1270,7369,11048,10901,6029,1646,568,1,1,76,926,953,1167,880,819,768,858,1108,1545,4023,3438,2219,1047,767,0,0,0,33,29,36,37,19,23,31,56,110,108,76,35,13,4,0,0,0,0,0,1,1,1,0,0,2,1,13,8,4,2,0,0,0,0,0,0,0,0,0,0,0,0,0,1,0,0,0,0,0,0,0,0,0,0,0,0,0,0,0,0,3,2,0,0,0,0,0,0,0,0,0,0,0,0,0,0,0,0,0,0,0,0,0,0,0,0,0,0,0,0,0,0,0,0,0,0,0,0,0,0,0,0,0,0,0,0,0,0,0,0,0,0,0,0,0,0,22,89,1756,35175,35911,36785,41082,42868,40701,43598,54524,102392,159250,263520,216432,158724,178872,0,0,21,629,628,643,898,915,835,680,1326,7479,11157,10977,6064,1659,572
2021-03-31,22,88,1703,34769,35469,36221,40903,42857,40658,43402,54777,108311,164845,270941,220214,159808,178823,1,0,23,520,511,604,702,809,725,662,1363,7465,9634,10869,6005,2133,718,2,1,78,963,982,1198,909,841,790,895,1173,1641,4090,3479,2270,1066,779,1,0,2,37,29,31,29,22,22,37,65,96,67,41,51,19,12,0,0,0,0,0,1,1,1,0,0,2,1,13,9,5,2,0,0,0,0,0,0,0,0,0,0,0,0,0,0,1,1,0,0,0,0,0,0,0,0,0,0,0,0,0,0,3,2,0,0,0,0,0,0,0,0,0,0,0,0,0,0,0,0,0,0,0,0,0,0,0,0,0,0,0,0,0,0,0,0,0,0,0,0,0,0,0,0,0,0,0,0,0,0,0,0,0,0,0,0,0,0,24,89,1781,35732,36451,37420,41813,43699,41448,44297,55952,109953,168951,274431,222489,160876,179602,2,0,25,557,540,635,731,831,747,699,1428,7561,9701,10911,6057,2152,730
2021-04-01,22,88,1749,35310,36021,36805,41632,43730,41408,44077,56090,115709,177276,284311,227457,162489,179834,0,0,46,541,552,584,729,873,750,675,1313,7398,12431,13370,7243,2681,1011,2,1,82,1002,1015,1221,931,854,803,924,1216,1729,4172,3526,2301,1083,786,0,0,4,39,33,23,22,13,13,29,43,88,82,47,31,17,7,0,0,0,0,2,1,1,1,0,0,2,1,13,12,5,2,0,0,0,0,0,2,0,0,0,0,0,0,0,0,3,0,0,0,0,0,0,0,0,0,0,0,0,0,0,0,3,2,0,0,0,0,0,0,0,0,0,0,0,0,0,0,0,0,0,0,0,0,0,0,0,0,0,0,0,0,0,0,0,0,0,0,0,0,0,0,0,0,0,0,0,0,0,0,0,0,0,0,0,0,0,0,24,89,1831,36312,37038,38027,42564,44585,42211,45001,57308,117439,181464,287851,229763,163574,180620,0,0,50,580,587,607,751,886,763,704,1356,7486,12513,13420,7274,2698,1018
2021-04-02,22,88,1768,35780,36461,37283,42300,44390,42011,44589,57248,122950,191153,296151,233371,165556,180830,0,0,19,470,440,478,668,660,603,512,1158,7241,13877,11840,5914,3067,996,2,1,83,1028,1039,1249,960,875,836,968,1268,1839,4224,3559,2320,1097,797,0,0,1,26,24,28,29,21,33,44,52,110,52,33,19,14,11,0,0,0,0,2,1,1,1,0,0,2,1,13,13,7,2,0,0,0,0,0,0,0,0,0,0,0,0,0,0,1,2,0,0,0,0,0,0,0,0,0,0,0,0,0,0,3,2,0,0,0,0,0,0,0,0,0,0,0,0,0,0,0,0,0,0,0,0,0,0,0,0,0,0,0,0,0,0,0,0,0,0,0,0,0,0,0,0,0,0,0,0,0,0,0,0,0,0,0,0,0,0,24,89,1851,36808,37502,38533,43261,45266,42847,45557,58518,124790,195393,299725,235698,166655,181627,0,0,20,496,464,506,697,681,636,556,1210,7351,13929,11874,5935,3081,1007
2021-04-03,22,88,1805,36132,36770,37608,42732,44811,42430,44958,58312,129563,203869,307007,238757,167468,181540,0,0,37,352,309,325,432,421,419,369,1064,6613,12716,10856,5386,1912,710,3,1,86,1050,1063,1271,975,891,863,981,1306,1909,4249,3577,2330,1100,801,1,0,3,22,24,22,15,16,27,13,38,70,25,18,10,3,4,0,0,0,0,2,1,1,1,0,0,3,1,13,14,7,2,0,0,0,0,0,0,0,0,0,0,0,1,0,0,1,0,0,0,0,0,0,0,0,0,0,0,0,0,0,0,3,2,0,0,0,0,0,0,0,0,0,0,0,0,0,0,0,0,0,0,0,0,0,0,0,0,0,0,0,0,0,0,0,0,0,0,0,0,0,0,0,0,0,0,0,0,0,0,0,0,0,0,0,0,0,0,25,89,1891,37182,37835,38880,43708,45703,43293,45939,59621,131473,208134,310600,241094,168570,182341,1,0,40,374,333,347,447,437,446,382,1103,6683,12741,10875,5396,1915,714
2021-04-04,22,88,1819,36273,36890,37765,42917,45035,42623,45113,58943,134373,211184,312128,241646,168114,181914,0,0,14,141,120,157,185,224,193,155,631,4810,7315,5121,2889,646,374,3,1,88,1062,1074,1278,981,895,875,995,1331,1962,4264,3590,2332,1103,802,0,0,2,12,11,7,6,4,12,14,25,53,15,13,2,3,1,0,0,0,0,2,1,1,1,0,0,3,1,13,14,8,2,0,0,0,0,0,0,0,0,0,0,0,0,0,0,0,1,0,0,0,0,0,0,0,0,0,0,0,0,0,0,3,2,0,0,0,0,0,0,0,0,0,0,0,0,0,0,0,0,0,0,0,0,0,0,0,0,0,0,0,0,0,0,0,0,0,0,0,0,0,0,0,0,0,0,0,0,0,0,0,0,0,0,0,0,0,0,25,89,1907,37335,37966,39044,43899,45931,43498,46108,60277,136336,215464,315734,243986,169219,182716,0,0,16,153,131,164,191,228,205,169,656,4863,7330,5134,2892,649,375
2021-04-05,22,88,1838,36577,37113,37936,43126,45267,42818,45348,59860,140784,224693,322164,246815,170679,182594,0,0,19,304,223,171,209,232,195,235,917,6411,13509,10036,5169,2565,680,3,1,89,1094,1090,1295,992,906,895,1019,1405,2173,4311,3620,2363,1116,805,0,0,1,32,16,17,11,11,20,24,74,211,47,30,31,13,3,0,0,0,0,2,1,1,1,1,0,3,1,14,14,8,2,0,0,0,0,0,0,0,0,0,1,0,0,0,1,0,0,0,0,0,0,0,0,0,0,0,0,0,0,0,0,3,2,0,0,0,0,0,0,0,0,0,0,0,0,0,0,0,0,0,0,0,0,0,0,0,0,0,0,0,0,0,0,0,0,0,0,0,0,0,0,0,0,0,0,0,0,0,0,0,0,0,0,0,0,0,0,25,89,1927,37671,38205,39232,44119,46174,43714,46367,61268,142958,229021,325800,249186,171797,183399,0,0,20,336,239,188,220,243,216,259,991,6622,13557,10066,5200,2578,683
2021-04-06,22,88,1868,37043,37420,38267,43493,45611,43187,45708,61231,149770,238529,330805,252634,172543,183048,0,0,30,466,307,331,367,344,369,360,1371,8986,13836,8641,5819,1864,454,3,1,97,1238,1232,1418,1108,1034,1050,1204,1610,2544,4496,3742,2444,1147,862,0,0,8,144,142,123,116,128,155,185,205,371,185,122,81,31,57,0,0,0,0,2,1,1,1,1,0,3,1,15,15,8,2,0,0,0,0,0,0,0,0,0,0,0,0,0,1,1,0,0,0,0,0,0,0,0,0,0,0,0,0,0,0,3,2,0,0,0,0,0,0,0,0,0,0,0,0,0,0,0,0,0,0,0,0,0,0,0,0,0,0,0,0,0,0,0,0,0,0,0,0,0,0,0,0,0,0,0,0,0,0,0,0,0,0,0,0,0,0,25,89,1965,38281,38654,39686,44602,46646,44238,46912,62844,152315,243043,334564,255086,173692,183910,0,0,38,610,449,454,483,472,524,545,1576,9357,14022,8764,5900,1895,511
2021-04-07,22,88,1900,37675,37964,38773,44043,46151,43749,46340,62851,157995,253157,340532,258878,174582,183638,0,0,32,632,544,506,550,540,562,632,1620,8225,14628,9727,6244,2039,590,3,1,99,1401,1384,1608,1262,1254,1265,1469,1928,2910,4685,3909,2551,1209,948,0,0,2,163,152,190,154,220,215,265,318,366,189,167,107,62,86,0,0,0,0,2,1,1,1,1,0,3,1,15,17,8,2,0,0,0,0,0,0,0,0,0,0,0,0,0,0,2,0,0,0,0,0,0,0,0,0,0,0,0,0,0,0,3,2,0,0,0,0,0,0,0,0,0,0,0,0,0,0,0,0,0,0,0,0,0,0,0,0,0,0,0,0,0,0,0,0,0,0,0,0,0,0,0,0,0,0,0,0,0,0,0,0,0,0,0,0,0,0,25,89,1999,39076,39350,40382,45306,47406,45015,47809,64782,160906,257860,344460,261437,175793,184586,0,0,34,795,696,696,704,760,777,897,1938,8591,14817,9896,6351,2101,676
2021-04-08,22,88,1948,38490,38745,39532,44923,47134,44660,47774,78020,170564,271185,349658,263716,176204,184139,0,0,48,815,781,759,880,983,911,1434,15169,12569,18028,9126,4838,1622,501,3,1,119,1653,1649,1917,1604,1658,1638,1883,2372,3300,4870,4071,2674,1302,1180,0,0,20,252,265,309,342,404,373,414,444,390,185,162,123,93,232,0,0,0,0,2,1,1,1,1,0,3,1,18,18,8,2,0,0,0,0,0,0,0,0,0,0,0,0,0,3,1,0,0,0,0,0,0,0,0,0,0,0,0,0,0,0,3,2,0,0,0,0,0,0,0,0,0,0,0,0,0,0,0,0,0,0,0,0,0,0,0,0,0,0,0,0,0,0,0,0,0,0,0,0,0,0,0,0,0,0,0,0,0,0,0,0,0,0,0,0,0,0,25,89,2067,40143,40396,41450,46528,48793,46299,49657,80395,173865,276076,353749,266398,177508,185319,0,0,68,1067,1046,1068,1222,1387,1284,1848,15613,12959,18216,9289,4961,1715,733
2021-04-09,22,88,1994,39350,39670,40481,46012,48435,45862,49853,95370,185737,288585,357573,268613,178249,184771,0,0,46,860,925,949,1089,1301,1202,2079,17350,15173,17400,7915,4897,2045,632,3,1,122,1923,1916,2176,1912,1957,1963,2236,2774,3577,5024,4178,2735,1334,1196,0,0,3,270,267,259,308,299,325,353,402,277,154,107,61,32,16,0,0,0,0,2,1,1,1,1,0,4,1,19,18,8,2,0,0,0,0,0,0,0,0,0,0,0,1,0,1,0,0,0,0,0,0,0,0,0,0,0,0,0,0,0,0,3,2,0,0,0,0,0,0,0,0,0,0,0,0,0,0,0,0,0,0,0,0,0,0,0,0,0,0,0,0,0,0,0,0,0,0,0,0,0,0,0,0,0,0,0,0,0,0,0,0,0,0,0,0,0,0,25,89,2116,41273,41588,42658,47925,50393,47826,52089,98148,189315,293631,361771,271356,179585,185967,0,0,49,1130,1192,1208,1397,1600,1527,2432,17753,15450,17555,8022,4958,2077,648
2021-04-10,23,89,2049,39991,40216,41012,46724,49176,46617,51540,109555,199010,303903,363957,272256,180135,185275,1,1,55,641,546,531,712,741,755,1687,14185,13273,15318,6384,3643,1886,504,3,1,127,2146,2077,2358,2094,2194,2160,2489,3034,3754,5098,4211,2757,1343,1202,0,0,5,223,161,182,182,237,197,253,260,177,74,33,22,9,6,0,0,0,0,2,1,1,1,1,0,4,1,19,18,9,2,0,0,0,0,0,0,0,0,0,0,0,0,0,0,0,1,0,0,0,0,0,0,0,0,0,0,0,0,0,0,3,2,0,0,0,0,0,0,0,0,0,0,0,0,0,0,0,0,0,0,0,0,0,0,0,0,0,0,0,0,0,0,0,0,0,0,0,0,0,0,0,0,0,0,0,0,0,0,0,0,0,0,0,0,0,0,26,90,2176,42137,42295,43371,48819,51371,48778,54029,112593,202765,309023,368188,275022,181480,186477,1,1,60,864,707,713,894,978,952,1940,14445,13450,15392,6417,3666,1895,510
2021-04-11,23,90,2090,40605,40925,41728,47473,50000,47473,53840,128196,212325,315527,366903,273935,180628,185463,0,1,41,614,709,716,749,824,856,2300,18641,13315,11624,2946,1679,493,188,4,1,134,2222,2150,2439,2196,2282,2238,2592,3150,3847,5135,4240,2771,1351,1202,1,0,7,76,73,81,102,88,78,103,116,93,37,29,14,8,0,0,0,0,0,2,1,1,1,1,0,5,2,21,19,9,2,0,0,0,0,0,0,0,0,0,0,0,1,1,2,1,0,0,0,0,0,0,0,0,0,0,0,0,0,0,0,3,2,0,0,0,0,0,0,0,0,0,0,0,0,0,0,0,0,0,0,0,0,0,0,0,0,0,0,0,0,0,0,0,0,0,0,0,0,0,0,0,0,0,0,0,0,0,0,0,0,0,0,0,0,0,0,27,91,2224,42827,43077,44168,49670,52283,49712,56432,131351,216174,320686,371164,276715,181981,186665,1,1,48,690,782,797,851,912,934,2403,18758,13409,11663,2976,1693,501,188
2021-04-12,23,91,2134,41450,41836,42724,48673,51377,48792,56605,146618,226816,325276,371238,276265,181237,185850,0,1,44,845,911,996,1200,1377,1319,2765,18422,14491,9749,4335,2330,609,387,5,1,139,2365,2258,2548,2281,2381,2335,2716,3313,4032,5234,4316,2838,1391,1327,1,0,5,143,108,109,85,99,97,124,163,185,99,76,67,40,125,0,0,0,0,2,2,1,1,1,0,5,2,21,21,9,2,0,0,0,0,0,0,1,0,0,0,0,0,0,0,2,0,0,0,0,0,0,0,0,0,0,0,0,0,0,0,3,2,0,0,0,0,0,0,0,0,0,0,0,0,0,0,0,0,0,0,0,0,0,0,0,0,0,0,0,0,0,0,0,0,0,0,0,0,0,0,0,0,0,0,0,0,0,0,0,0,0,0,0,0,0,0,28,92,2273,43815,44096,45274,50955,53759,51128,59321,149936,230850,330534,375577,279112,182630,187177,1,1,49,988,1019,1106,1285,1476,1416,2889,18585,14676,9848,4413,2397,649,512
2021-04-13,23,91,2194,42927,43505,44353,50491,53539,50877,60083,165637,243886,338752,374127,278031,181812,186321,0,0,60,1477,1669,1629,1818,2162,2085,3478,19019,17070,13476,2889,1766,575,471,5,1,151,2503,2367,2655,2401,2514,2470,2885,3547,4240,5337,4395,2924,1722,1655,0,0,12,138,109,107,120,133,135,169,234,208,103,79,86,331,328,0,0,0,0,2,2,1,1,1,0,5,2,22,21,10,2,0,0,0,0,0,0,0,0,0,0,0,0,0,1,0,1,0,0,0,0,0,0,0,0,0,0,0,0,0,0,3,2,0,0,0,0,0,0,0,0,0,0,0,0,0,0,0,0,0,0,0,0,0,0,0,0,0,0,0,0,0,0,0,0,0,0,0,0,0,0,0,0,0,0,0,0,0,0,0,0,0,0,0,0,0,0,28,92,2345,45430,45874,47010,52893,56054,53348,62968,169189,248128,344114,378545,280965,183536,187976,0,0,72,1615,1778,1736,1938,2295,2220,3647,19253,17278,13580,2968,1853,906,799
2021-04-14,23,91,2292,44491,45127,46067,52436,55892,53106,63444,181972,260885,352788,378029,279974,182627,186802,0,0,98,1564,1622,1714,1945,2353,2229,3361,16335,16999,14036,3902,1943,815,481,5,1,161,2675,2550,2845,2620,2753,2728,3181,3939,4552,5462,4504,3026,1846,1925,0,0,10,172,183,190,219,239,258,296,392,312,125,109,102,124,270,0,0,0,0,2,2,2,1,1,0,5,2,22,21,12,2,0,0,0,0,0,0,0,1,0,0,0,0,0,0,0,2,0,0,0,0,0,0,0,0,0,0,0,0,0,0,3,2,0,0,0,0,0,0,0,0,0,0,0,0,0,0,0,0,0,0,0,0,0,0,0,0,0,0,0,0,0,0,0,0,0,0,0,0,0,0,0,0,0,0,0,0,0,0,0,0,0,0,0,0,0,0,28,92,2453,47166,47679,48914,55058,58646,55835,66625,185916,265439,358275,382556,283012,184475,188727,0,0,108,1736,1805,1904,2165,2592,2487,3657,16727,17311,14161,4011,2047,939,751
2021-04-15,25,91,2392,46535,47188,48416,55031,58882,56219,67405,197321,280502,365558,382580,282701,184008,187404,2,0,100,2044,2061,2349,2595,2990,3113,3961,15349,19617,12770,4551,2727,1381,602,5,1,176,2940,2809,3070,2895,3017,3035,3530,4310,4882,5571,4600,3092,1890,2033,0,0,15,265,259,225,275,264,307,349,371,330,109,96,66,44,108,0,0,0,1,2,2,2,1,1,0,5,5,22,21,13,2,0,0,0,0,1,0,0,0,0,0,0,0,3,0,0,1,0,0,0,0,0,0,0,0,0,0,0,0,0,0,3,2,0,0,0,0,0,0,0,0,0,0,0,0,0,0,0,0,0,0,0,0,0,0,0,0,0,0,0,0,0,0,0,0,0,0,0,0,0,0,0,0,0,0,0,0,0,0,0,0,0,0,0,0,0,0,30,92,2568,49476,49999,51488,57928,61900,59255,70935,201636,285389,371154,387203,285806,185900,189437,2,0,115,2310,2320,2574,2870,3254,3420,4310,15720,19950,12879,4647,2794,1425,710
2021-04-16,26,91,2483,48818,49589,50929,57827,62176,59421,71702,213837,294480,376598,387584,285597,185226,187971,1,0,91,2283,2401,2513,2796,3294,3202,4297,16516,13978,11040,5004,2896,1218,567,5,1,195,3259,3052,3353,3188,3358,3363,3864,4639,5128,5681,4673,3140,1926,2130,0,0,19,319,243,283,293,341,328,334,329,246,110,73,48,36,97,0,0,0,1,2,2,4,1,1,0,5,5,22,22,13,2,0,0,0,0,0,0,0,2,0,0,0,0,0,0,1,0,0,0,0,0,0,0,0,0,0,0,0,0,0,0,3,2,0,0,0,0,0,0,0,0,0,0,0,0,0,0,0,0,0,0,0,0,0,0,0,0,0,0,0,0,0,0,0,0,0,0,0,0,0,0,0,0,0,0,0,0,0,0,0,0,0,0,0,0,0,0,31,92,2678,52078,52643,54284,61019,65535,62785,75566,218481,299613,382304,392281,288750,187154,190101,1,0,110,2602,2644,2796,3091,3635,3530,4631,16845,14224,11150,5078,2944,1254,664
2021-04-17,26,91,2589,50934,51522,52909,60228,65047,62231,75107,226085,306665,385733,390955,287722,186245,188281,0,0,106,2116,1933,1980,2401,2871,2810,3405,12248,12185,9135,3371,2125,1019,310,5,1,219,3563,3328,3657,3515,3752,3805,4284,5101,5424,5791,4735,3191,1965,2167,0,0,24,304,276,304,327,394,442,420,462,296,110,62,51,39,37,0,0,0,1,2,2,4,1,1,0,5,5,22,22,13,2,0,0,0,0,0,0,0,0,0,0,0,0,0,0,0,0,0,0,0,0,0,0,0,0,0,0,0,0,0,0,3,2,0,0,0,0,0,0,0,0,0,0,0,0,0,0,0,0,0,0,0,0,0,0,0,0,0,0,0,0,0,0,0,0,0,0,0,0,0,0,0,0,0,0,0,0,0,0,0,0,0,0,0,0,0,0,31,92,2808,54498,54852,56568,63747,68800,66037,79391,231191,312094,391549,395714,290926,188212,190448,0,0,130,2420,2209,2284,2728,3265,3252,3825,12710,12481,9245,3433,2176,1058,347
2021-04-18,26,91,2657,52527,52866,54383,62022,67166,64355,77642,233704,317337,391469,392587,288607,186656,188462,0,0,68,1593,1344,1474,1794,2119,2124,2535,7619,10672,5736,1632,885,411,181,5,1,230,3704,3468,3800,3669,3937,3984,4503,5277,5535,5839,4772,3203,1969,2169,0,0,11,141,140,143,154,185,179,219,176,111,48,37,12,4,2,0,0,0,1,2,2,4,1,1,0,5,6,22,22,13,3,0,0,0,0,0,0,0,0,0,0,0,0,1,0,0,0,1,0,0,0,0,0,0,0,0,0,0,0,0,0,3,2,0,0,0,0,0,0,0,0,0,0,0,0,0,0,0,0,0,0,0,0,0,0,0,0,0,0,0,0,0,0,0,0,0,0,0,0,0,0,0,0,0,0,0,0,0,0,0,0,0,0,0,0,0,0,31,92,2887,56232,56336,58185,65695,71104,68340,82145,238986,322878,397333,397383,291823,188628,190631,0,0,79,1734,1484,1617,1948,2304,2303,2754,7795,10784,5784,1669,897,416,183
2021-04-19,26,91,2731,54538,54816,56537,64635,70340,67543,81344,242856,328997,396422,394180,289566,186972,188709,0,0,74,2011,1950,2154,2613,3174,3188,3702,9152,11660,4953,1593,959,316,247,5,1,237,3875,3638,3975,3837,4148,4241,4781,5603,5794,5963,4878,3263,2014,2235,0,0,7,171,170,175,168,211,257,278,326,259,124,106,60,45,66,0,0,0,1,2,2,4,2,1,0,5,7,22,22,13,3,0,0,0,0,0,0,0,0,1,0,0,0,1,0,0,0,0,0,0,0,0,0,0,0,0,0,0,0,0,0,3,2,0,0,0,0,0,0,0,0,0,0,0,0,0,0,0,0,0,0,0,0,0,0,0,0,0,0,0,0,0,0,0,0,0,0,0,0,0,0,0,0,0,0,0,0,0,0,0,0,0,0,0,0,0,0,31,92,2968,58414,58456,60514,68476,74490,71785,86125,248464,334798,402410,399082,292842,188989,190944,0,0,81,2182,2120,2329,2781,3386,3445,3980,9478,11920,5077,1699,1019,361,313
2021-04-20,27,91,2816,56910,57185,58977,67645,74049,71833,86358,253445,342620,400827,395240,290159,187268,188920,1,0,85,2372,2369,2440,3010,3709,4290,5014,10589,13623,4405,1060,593,296,211,5,1,244,4119,3916,4240,4100,4427,4554,5122,5979,6099,6122,4995,3379,2181,2536,0,0,7,244,278,265,263,279,313,341,376,305,159,117,116,167,301,0,0,0,1,2,2,4,2,1,0,5,7,23,22,14,3,0,0,0,0,0,0,0,0,0,0,0,0,0,1,0,1,0,0,0,0,0,0,0,0,0,0,0,0,0,0,3,2,0,0,0,0,0,0,0,0,0,0,0,0,0,0,0,0,0,0,0,0,0,0,0,0,0,0,0,0,0,0,0,0,0,0,0,0,0,0,0,0,0,0,0,0,0,0,0,0,0,0,0,0,0,0,32,92,3060,61030,61103,63219,71749,78478,76388,91480,259429,348726,406975,400259,293552,189452,191456,1,0,92,2616,2647,2705,3273,3988,4603,5355,10965,13928,4565,1177,710,463,512
2021-04-21,28,91,2931,59733,60032,62026,71339,78604,88672,103708,262611,356230,408231,397058,291559,187681,189169,1,0,115,2823,2847,3049,3694,4555,16839,17350,9166,13610,7404,1818,1400,413,249,5,1,268,4430,4305,4610,4523,4886,5010,5592,6468,6517,6351,5172,3602,2398,3027,0,0,24,311,389,370,423,459,456,470,489,418,229,177,223,217,491,0,0,0,1,2,2,4,2,1,0,5,7,23,22,14,3,1,0,0,0,0,0,0,0,0,0,0,0,0,0,0,0,0,1,0,0,0,0,0,0,0,0,0,0,0,0,3,2,0,0,0,0,0,0,0,0,0,0,0,0,0,0,0,0,0,0,0,0,0,0,0,0,0,0,0,0,0,0,0,0,0,0,0,0,0,0,0,0,0,0,0,0,0,0,0,0,0,0,0,0,0,0,33,92,3199,64164,64339,66638,75866,83492,93683,109300,269084,362754,414608,402254,295175,190082,192197,1,0,139,3134,3236,3419,4117,5014,17295,17820,9655,14028,7633,1995,1623,630,741
2021-04-22,29,92,3104,63199,63244,65537,75379,83662,103550,118636,272268,370230,418726,399134,293102,188192,189476,1,1,173,3466,3212,3511,4040,5058,14878,14928,9657,14000,10495,2076,1543,511,307,5,1,284,4723,4626,4947,4912,5266,5395,6034,6965,6840,6526,5338,3774,2560,3295,0,0,16,293,321,337,389,380,385,442,497,323,175,166,172,162,268,0,0,0,1,2,2,5,2,1,0,6,8,25,24,14,4,1,0,0,0,0,0,0,1,0,0,0,1,1,2,2,0,1,0,0,0,0,0,2,0,0,0,0,0,0,0,3,2,0,0,0,0,0,0,0,2,0,0,0,0,0,0,0,0,0,0,0,0,0,0,0,0,0,0,0,0,0,0,0,0,0,0,0,0,0,0,0,0,0,0,0,0,0,0,0,0,0,0,0,0,0,0,34,93,3388,67923,67874,70486,80296,88930,108946,124670,279239,377078,425280,404498,296890,190756,192772,1,1,189,3759,3535,3848,4430,5438,15263,15370,10155,14324,10672,2244,1715,674,575
2021-04-23,30,92,3220,65937,65983,68566,79010,88155,119877,134853,281179,381808,427351,400816,294477,188832,189806,1,0,116,2738,2739,3029,3631,4493,16327,16217,8911,11578,8625,1682,1375,640,330,5,1,296,4955,4880,5195,5184,5497,5644,6303,7324,7162,6754,5602,4123,2920,4209,0,0,12,232,254,248,272,231,249,269,359,322,228,264,349,360,914,0,0,0,1,2,2,5,2,1,0,6,10,25,24,14,4,2,0,0,0,0,0,0,0,0,0,0,0,2,0,0,0,0,1,0,0,0,0,2,0,0,0,0,0,0,0,3,2,0,0,0,0,0,0,0,0,0,0,0,0,0,0,0,0,0,0,0,0,0,0,0,0,0,0,0,0,0,0,0,0,0,0,0,0,0,0,0,0,0,0,0,0,0,0,0,0,0,0,0,0,0,0,35,93,3516,70893,70867,73763,84199,93654,125522,141156,288509,388980,434133,406444,298614,191756,194017,1,0,128,2970,2993,3277,3903,4724,16576,16486,9270,11902,8853,1946,1724,1000,1245
2021-04-24,32,92,3335,67944,67782,70514,81454,91276,130983,146022,287588,393940,433368,402512,295965,189424,190006,2,0,115,2007,1799,1948,2444,3121,11106,11169,6409,12132,6017,1696,1488,592,200,5,1,317,5231,5144,5483,5477,5798,5929,6632,7679,7389,6871,5712,4225,3057,4557,0,0,21,276,264,288,293,301,285,329,355,227,117,110,102,137,348,0,0,0,1,2,2,5,2,2,0,6,10,25,25,14,5,2,0,0,0,0,0,0,0,0,1,0,0,0,0,1,0,1,0,0,0,0,0,2,0,0,0,0,0,0,0,3,2,0,0,0,0,0,0,0,0,0,0,0,0,0,0,0,0,0,0,0,0,0,0,0,0,0,0,0,0,0,0,0,0,0,0,0,0,0,0,0,0,0,0,0,0,0,0,0,0,0,0,0,0,0,0,37,93,3652,73176,72930,75999,86936,97076,136914,152654,295273,401339,440267,408251,300204,192486,194565,2,0,136,2283,2063,2236,2737,3422,11392,11498,6764,12359,6134,1807,1590,730,548
2021-04-25,32,92,3444,69328,69031,71986,83124,93431,138920,154435,292163,400550,436846,403457,296484,189548,190114,0,0,109,1384,1249,1472,1670,2155,7937,8413,4575,6610,3478,945,519,124,108,5,1,326,5375,5270,5618,5646,5967,6076,6798,7889,7537,6980,5793,4323,3202,4912,0,0,9,144,126,135,169,169,147,166,210,148,109,81,98,145,355,0,0,0,1,2,2,5,3,2,1,6,10,25,25,14,5,2,0,0,0,0,0,0,0,1,0,1,0,0,0,0,0,0,0,0,0,0,0,2,0,0,0,0,0,0,0,3,2,0,0,0,0,0,0,0,0,0,0,0,0,0,0,0,0,0,0,0,0,0,0,0,0,0,0,0,0,0,0,0,0,0,0,0,0,0,0,0,0,0,0,0,0,0,0,0,0,0,0,0,0,0,0,37,93,3770,74704,74305,77606,88775,99401,144998,161234,300058,408097,443854,409277,300821,192755,195028,0,0,118,1528,1375,1607,1839,2325,8084,8580,4785,6758,3587,1026,617,269,463
2021-04-26,34,92,3523,71335,71229,74324,85872,96810,146563,162118,297136,406604,440017,404244,296911,189727,190314,2,0,79,2007,2198,2338,2748,3379,7643,7683,4973,6054,3171,787,427,179,200,5,1,338,5663,5608,5938,5998,6332,6424,7239,8332,7907,7226,6075,4622,3616,6052,0,0,12,288,338,320,352,365,348,441,443,370,246,282,299,414,1140,0,0,0,2,3,2,5,3,2,1,6,10,26,25,14,5,3,0,0,0,1,1,0,0,0,0,0,0,0,1,0,0,0,1,0,0,0,0,2,0,0,0,0,0,0,0,3,2,0,0,0,0,0,0,0,0,0,0,0,0,0,0,0,0,0,0,0,0,0,0,0,0,0,0,0,0,0,0,0,0,0,0,0,0,0,0,0,0,0,0,0,0,0,0,0,0,0,0,0,0,0,0,39,93,3861,77000,76842,80264,91875,103145,152989,169358,305474,414521,447272,410346,301547,193348,196369,2,0,91,2296,2537,2658,3100,3744,7991,8124,5416,6424,3418,1069,726,593,1341
2021-04-27,36,93,3626,73544,73337,76883,88906,100550,155081,170867,302567,411996,442707,404951,297454,189971,190492,2,1,103,2209,2108,2559,3034,3740,8518,8749,5431,5392,2690,707,543,244,178,5,1,353,6060,6096,6427,6543,6876,6936,7824,8945,8396,7528,6426,5039,4115,7452,0,0,15,397,488,489,545,544,512,585,613,489,302,351,417,499,1400,0,0,0,2,4,2,6,3,2,1,8,10,27,25,15,5,4,0,0,0,0,1,0,1,0,0,0,2,0,1,0,1,0,1,0,0,0,0,2,0,0,0,0,0,0,0,3,2,0,0,0,0,0,0,0,0,0,0,0,0,0,0,0,0,0,0,0,0,0,0,0,0,0,0,0,0,0,0,0,0,0,0,0,0,0,0,0,0,0,0,0,0,0,0,0,0,0,0,0,0,0,0,41,94,3979,79606,79439,83312,95455,107429,162019,178692,311520,420402,450265,411404,302508,194091,197948,2,1,118,2606,2597,3048,3580,4284,9030,9334,6046,5881,2993,1058,961,743,1579
2021-04-28,38,93,3786,75929,75758,79848,92259,104732,163381,179167,309300,427625,447871,406233,298229,190251,190712,2,0,160,2385,2421,2965,3353,4182,8300,8300,6733,15629,5164,1282,775,280,220,5,1,389,6721,6900,7202,7394,7779,7799,8704,9970,9058,7924,6873,5476,4645,8657,0,0,36,661,804,775,851,903,863,880,1025,662,396,447,437,530,1205,0,0,0,2,4,2,7,3,2,1,8,10,27,25,15,5,4,0,0,0,0,0,0,1,0,0,0,0,0,0,0,0,0,0,0,0,0,0,2,0,0,0,0,0,0,0,3,2,0,0,0,0,0,0,0,0,0,0,0,0,0,0,0,0,0,0,0,0,0,0,0,0,0,0,0,0,0,0,0,0,0,0,0,0,0,0,0,0,0,0,0,0,0,0,0,0,0,0,0,0,0,0,43,94,4175,82652,82664,87052,99660,112514,171182,187872,319278,436693,455825,413133,303720,194901,199373,2,0,196,3046,3225,3740,4205,5085,9163,9180,7758,16291,5560,1729,1212,810,1425
2021-04-29,38,93,4010,78706,78277,82782,95650,108971,170358,186429,315229,437754,454249,407903,299278,190549,190958,0,0,224,2777,2519,2934,3391,4239,6977,7262,5929,10129,6378,1670,1049,298,246,5,1,414,7291,7701,7961,8262,8587,8618,9477,10800,9642,8305,7259,5929,5233,10156,0,0,25,570,801,759,868,808,819,773,830,584,381,386,453,588,1499,0,0,0,2,4,2,7,4,3,1,9,10,27,25,15,5,4,0,0,0,0,0,0,0,1,1,0,1,0,0,0,0,0,0,0,0,0,0,2,0,0,0,0,0,0,0,3,2,0,0,0,0,0,0,0,0,0,0,0,0,0,0,0,0,0,0,0,0,0,0,0,0,0,0,0,0,0,0,0,0,0,0,0,0,0,0,0,0,0,0,0,0,0,0,0,0,0,0,0,0,0,0,43,94,4424,85999,85984,90745,103919,117562,178979,195907,326038,447406,462584,415189,305222,195787,201118,0,0,249,3347,3320,3693,4259,5048,7797,8035,6760,10713,6759,2056,1502,886,1745
2021-04-30,38,95,4194,81368,80919,85774,99156,113055,176705,193382,321227,448436,458963,409372,300208,190824,191147,0,2,184,2662,2642,2992,3506,4084,6347,6953,5998,10682,4714,1469,930,275,189,5,1,463,8080,8660,8853,9394,9703,9669,10464,11819,10428,8792,7702,6423,5919,11632,0,0,49,789,959,892,1132,1116,1051,987,1019,786,487,443,494,686,1476,0,0,0,3,5,2,7,4,3,2,10,10,29,26,15,5,4,0,0,0,1,1,0,0,0,0,1,1,0,2,1,0,0,0,0,0,0,0,2,0,0,0,0,0,0,0,3,2,0,0,0,0,0,0,0,0,0,0,0,0,0,0,0,0,0,0,0,0,0,0,0,0,0,0,0,0,0,0,0,0,0,0,0,0,0,0,0,0,0,0,0,0,0,0,0,0,0,0,0,0,0,0,43,96,4657,89451,89586,94629,108557,122762,186377,203848,333056,458874,467787,417102,306646,196748,202783,0,2,233,3452,3602,3884,4638,5200,7398,7941,7018,11468,5203,1913,1424,961,1665
2021-05-01,38,95,4379,83863,83089,88242,102008,116537,180859,199992,327262,457731,461165,410080,300674,190953,191266,0,0,185,2495,2170,2468,2852,3482,4154,6610,6035,9295,2202,708,466,129,119,5,1,495,8695,9303,9462,10117,10433,10352,11140,12524,10883,9032,7972,6711,6437,12610,0,0,32,615,643,609,723,730,683,676,705,455,240,270,288,518,978,0,0,0,3,5,2,9,4,3,2,10,10,29,26,16,6,5,0,0,0,0,0,0,2,0,0,0,0,0,0,0,1,1,1,0,0,0,0,2,0,0,0,0,0,0,0,3,2,0,0,0,0,0,0,0,0,0,0,0,0,0,0,0,0,0,0,0,0,0,0,0,0,0,0,0,0,0,0,0,0,0,0,0,0,0,0,0,0,0,0,0,0,0,0,0,0,0,0,0,0,0,0,43,96,4874,92561,92399,97706,112134,126974,191214,211134,339796,468624,470229,418080,307401,197396,203881,0,0,217,3110,2813,3077,3577,4212,4837,7286,6740,9750,2442,978,755,648,1098
2021-05-02,39,95,4589,85762,84695,90080,104161,119179,184089,207897,333710,462457,462400,410361,300833,191032,191340,1,0,210,1899,1606,1838,2153,2642,3230,7905,6448,4726,1235,281,159,79,74,5,1,521,9039,9627,9873,10572,10927,10785,11526,12973,11151,9227,8124,6867,6622,13179,0,0,26,344,324,411,455,494,433,386,449,268,195,152,156,185,569,0,0,0,3,5,2,9,4,3,2,10,10,30,26,16,6,5,0,0,0,0,0,0,0,0,0,0,0,0,1,0,0,0,0,0,0,0,0,2,0,0,0,0,0,0,0,3,2,0,0,0,0,0,0,0,0,0,0,0,0,0,0,0,0,0,0,0,0,0,0,0,0,0,0,0,0,0,0,0,0,0,0,0,0,0,0,0,0,0,0,0,0,0,0,0,0,0,0,0,0,0,0,44,96,5110,94804,94329,99955,114742,130110,194877,219425,346693,473618,471660,418513,307716,197660,204524,1,0,236,2243,1930,2249,2608,3136,3663,8291,6897,4994,1431,433,315,264,643
2021-05-03,39,95,4766,87825,86518,92127,106595,122125,190719,216202,340426,467675,463512,410754,301061,191153,191461,0,0,177,2063,1823,2047,2434,2946,6630,8305,6716,5218,1112,393,228,121,121,5,1,548,9822,10612,10790,11710,12051,11820,12533,14114,11932,9742,8768,7711,7325,15131,0,0,27,783,985,917,1138,1124,1035,1007,1141,781,515,644,844,703,1952,0,0,0,3,5,3,9,6,4,3,11,11,30,28,16,7,7,0,0,0,0,0,1,0,2,1,1,1,1,0,2,0,1,2,0,0,0,0,2,0,0,0,0,0,0,0,3,2,0,0,0,0,0,0,0,0,0,0,0,0,0,0,0,0,0,0,0,0,0,0,0,0,0,0,0,0,0,0,0,0,0,0,0,0,0,0,0,0,0,0,0,0,0,0,0,0,0,0,0,0,0,0,44,96,5314,97650,97137,102920,118314,134182,202543,228738,354551,479618,473287,419552,308788,198485,206599,0,0,204,2846,2808,2965,3572,4072,7666,9313,7858,6000,1627,1039,1072,825,2075
2021-05-04,43,96,5015,90755,89017,95004,109822,126125,199199,225468,348315,472398,464912,411259,301368,191313,191654,4,1,249,2930,2499,2877,3227,4000,8480,9266,7889,4723,1400,505,307,160,193,6,1,578,10357,11258,11480,12498,12840,12630,13323,15047,12611,10214,9422,8275,7915,16788,1,0,30,535,646,690,788,789,810,790,933,679,472,654,564,590,1657,0,0,0,4,6,3,10,6,4,3,11,13,31,29,16,7,7,0,0,0,1,1,0,1,0,0,0,0,2,1,1,0,0,0,0,0,0,0,2,0,0,0,0,0,0,0,3,2,0,0,0,0,0,0,0,0,0,0,0,0,0,0,0,0,0,0,0,0,0,0,0,0,0,0,0,0,0,0,0,0,0,0,0,0,0,0,0,0,0,0,0,0,0,0,0,0,0,0,0,0,0,0,49,97,5593,101116,100283,106487,122330,138971,211833,238794,363373,485022,475160,420712,309659,199235,208449,5,1,279,3466,3146,3567,4016,4789,9290,10056,8822,5404,1873,1160,871,750,1850
2021-05-05,44,96,5358,94368,92199,98824,114224,134933,209185,237794,359605,481063,467439,411991,301790,191530,191856,1,0,343,3613,3182,3820,4402,8808,9986,12326,11290,8665,2527,732,422,217,202,6,1,614,11113,12124,12331,13505,13856,13587,14361,16107,13376,10713,9900,8822,8606,18645,0,0,36,756,866,851,1007,1016,957,1038,1060,765,499,478,547,691,1857,0,0,0,4,7,3,10,6,4,3,11,13,32,29,17,7,9,0,0,0,0,1,0,0,0,0,0,0,0,1,0,1,0,2,0,0,0,0,2,0,0,0,0,0,0,0,3,2,0,0,0,0,0,0,0,0,0,0,0,0,0,0,0,0,0,0,0,0,0,0,0,0,0,0,0,0,0,0,0,0,0,0,0,0,0,0,0,0,0,0,0,0,0,0,0,0,0,0,0,0,0,0,50,97,5972,105485,104332,111158,127739,148795,222776,252158,375723,494452,478187,421922,310629,200143,210510,1,0,379,4369,4049,4671,5409,9824,10943,13364,12350,9430,3027,1210,970,908,2061
2021-05-06,46,96,5812,98698,96028,103271,119436,151940,223833,252816,373175,492511,470741,412813,302234,191777,192107,2,0,454,4330,3829,4447,5212,17007,14648,15022,13570,11448,3302,822,444,247,251,6,1,649,12073,13202,13393,14635,15069,14668,15521,17322,14304,11247,10348,9238,9196,19928,0,0,35,960,1078,1062,1130,1213,1081,1160,1215,928,534,448,416,590,1283,0,0,0,4,7,3,10,6,5,4,11,13,34,30,17,8,10,0,0,0,0,0,0,0,0,1,1,0,0,2,1,0,1,1,0,0,0,0,2,0,0,0,0,0,0,0,3,2,0,0,0,0,0,0,0,0,0,0,0,0,0,0,0,0,0,0,0,0,0,0,0,0,0,0,0,0,0,0,0,0,0,0,0,0,0,0,0,0,0,0,0,0,0,0,0,0,0,0,0,0,0,0,52,97,6461,110775,109239,116667,134081,167015,238506,268341,390508,506828,482025,423193,311489,200981,212045,2,0,489,5290,4907,5509,6342,18220,15730,16183,14785,12376,3838,1271,860,838,1535
2021-05-07,48,96,6290,102584,99621,107497,127433,164266,233829,266308,385794,500843,473435,413492,302578,191947,192257,2,0,478,3886,3593,4226,7997,12326,9996,13492,12619,8332,2694,679,344,170,150,6,1,686,12945,14279,14533,15941,16376,15790,16616,18487,15080,11680,10699,9667,9748,21180,0,0,37,872,1077,1140,1306,1307,1122,1095,1165,776,433,351,429,552,1252,0,0,0,4,7,3,10,7,5,4,11,13,34,30,17,8,10,0,0,0,0,0,0,0,1,0,0,0,0,0,0,0,0,0,0,0,0,0,2,0,0,0,0,0,0,0,3,2,0,0,0,0,0,0,0,0,0,0,0,0,0,0,0,0,0,0,0,0,0,0,0,0,0,0,0,0,0,0,0,0,0,0,0,0,0,0,0,0,0,0,0,0,0,0,0,0,0,0,0,0,0,0,54,97,6976,115533,113909,122033,143384,180649,249624,282928,404292,515936,485152,424223,312262,201703,213447,2,0,515,4758,4670,5366,9303,13634,11118,14587,13784,9108,3127,1030,773,722,1402
2021-05-08,48,98,6779,106056,102618,110710,135058,175120,241969,279923,398540,505966,475146,413897,302789,192045,192331,0,2,489,3472,2997,3213,7625,10854,8140,13615,12746,5123,1711,405,211,98,74,6,1,724,13634,14928,15213,16715,17123,16406,17249,19230,15576,11959,10845,9813,9896,21455,0,0,38,689,649,680,774,747,616,633,743,496,279,146,146,148,275,0,0,0,4,8,3,10,7,5,4,11,15,34,30,17,8,10,0,0,0,0,1,0,0,0,0,0,0,2,0,0,0,0,0,0,0,0,0,2,0,0,0,0,0,0,0,3,2,0,0,0,0,0,0,0,0,0,0,0,0,0,0,0,0,0,0,0,0,0,0,0,0,0,0,0,0,0,0,0,0,0,0,0,0,0,0,0,0,0,0,0,0,0,0,0,0,0,0,0,0,0,0,54,99,7503,119694,117556,125926,151783,192250,258380,297176,417781,521557,487142,424774,312619,201949,213796,0,2,527,4161,3647,3893,8399,11601,8756,14248,13489,5621,1990,551,357,246,349
2021-05-09,48,98,7231,108699,104681,113229,142851,185522,250020,291030,408680,509512,476450,414217,302954,192117,192383,0,0,452,2643,2063,2519,7793,10402,8051,11107,10140,3546,1304,320,165,72,52,6,1,747,13979,15269,15566,17097,17490,16706,17559,19581,15818,12142,10969,9886,9934,21473,0,0,23,345,341,353,382,367,300,310,351,242,183,124,73,38,18,0,0,0,4,8,3,10,7,5,4,11,16,34,30,17,8,10,0,0,0,0,0,0,0,0,0,0,0,1,0,0,0,0,0,0,0,0,0,2,0,0,0,0,0,0,0,3,2,0,0,0,0,0,0,0,0,0,0,0,0,0,0,0,0,0,0,0,0,0,0,0,0,0,0,0,0,0,0,0,0,0,0,0,0,0,0,0,0,0,0,0,0,0,0,0,0,0,0,0,0,0,0,54,99,7978,122682,119960,128798,159958,203019,266731,308593,428272,525346,488629,425218,312857,202059,213866,0,0,475,2988,2404,2872,8175,10769,8351,11417,10491,3789,1487,444,238,110,70
2021-05-10,51,98,7496,110985,106511,118916,151763,195053,256740,299411,416256,511735,477021,414485,303109,192203,192480,3,0,265,2286,1830,5687,8912,9531,6720,8381,7576,2223,571,268,155,86,97,6,1,788,14599,15900,16171,17755,18233,17382,18370,20457,16525,12646,11451,10472,10662,22646,0,0,41,620,631,605,658,743,676,811,876,707,504,482,586,728,1173,0,0,0,4,8,3,10,8,5,5,11,18,34,30,18,8,10,0,0,0,0,0,0,0,1,0,1,0,2,0,0,1,0,0,0,0,0,0,2,0,0,0,0,0,0,0,3,2,0,0,0,0,0,0,0,0,0,0,0,0,0,0,0,0,0,0,0,0,0,0,0,0,0,0,0,0,0,0,0,0,0,0,0,0,0,0,0,0,0,0,0,0,0,0,0,0,0,0,0,0,0,0,57,99,8284,125588,122421,135090,169528,213294,274127,317786,436724,528278,489704,425968,313599,202873,215136,3,0,306,2906,2461,6292,9570,10275,7396,9193,8452,2932,1075,750,742,814,1270
2021-05-11,52,98,7859,113854,108936,126960,161810,206598,266051,309443,424927,514126,478000,414907,303392,192360,192627,1,0,363,2869,2425,8044,10047,11545,9311,10032,8671,2391,979,422,283,157,147,6,1,817,15152,16483,16757,18354,18905,17989,19046,21220,17254,13218,11996,11243,11372,24113,0,0,29,553,583,586,599,672,607,676,763,729,572,545,771,710,1467,0,0,0,4,8,3,10,8,6,5,12,19,35,31,18,8,10,0,0,0,0,0,0,0,0,1,0,1,1,1,1,0,0,0,0,0,0,0,2,0,0,0,0,0,0,0,3,2,0,0,0,0,0,0,0,0,0,0,0,0,0,0,0,0,0,0,0,0,0,0,0,0,0,0,0,0,0,0,0,0,0,0,0,0,0,0,0,0,0,0,0,0,0,0,0,0,0,0,0,0,0,0,58,99,8676,129010,125429,143720,180174,225511,284046,328494,446159,531399,491256,426936,314653,203740,216750,1,0,392,3422,3008,8630,10646,12217,9919,10708,9435,3121,1552,968,1054,867,1614
2021-05-12,56,98,8223,117570,115512,136868,174906,220225,275323,319430,434210,519321,479996,415524,303741,192560,192794,4,0,364,3716,6576,9908,13096,13627,9272,9987,9283,5195,1996,617,349,200,167,6,1,854,16029,17495,17661,19445,20036,19075,20125,22526,18353,14065,12968,12462,12216,25614,0,0,37,877,1012,904,1091,1131,1086,1079,1306,1099,847,972,1219,844,1501,0,0,0,4,8,3,12,8,7,5,12,20,36,32,19,9,10,0,0,0,0,0,0,2,0,1,0,0,1,1,1,1,1,0,0,0,0,0,2,0,0,0,0,0,0,0,3,2,0,0,0,0,0,0,0,0,0,0,0,0,0,0,0,0,0,0,0,0,0,0,0,0,0,0,0,0,0,0,0,0,0,0,0,0,0,0,0,0,0,0,0,0,0,0,0,0,0,0,0,0,0,0,62,99,9077,133603,133017,154532,194363,240269,294405,339560,456748,537694,494100,428526,316222,204785,218418,4,0,401,4593,7588,10812,14189,14758,10359,11066,10589,6295,2844,1590,1569,1045,1668
2021-05-13,58,101,8721,121774,124234,150097,189525,237583,288307,330260,443965,524357,481722,416147,304138,192729,192946,2,3,498,4204,8722,13229,14619,17358,12984,10830,9755,5036,1726,623,397,169,152,7,1,894,16920,18503,18780,20676,21309,20267,21409,23996,19589,14905,13762,13180,13103,27663,1,0,40,891,1008,1119,1231,1273,1192,1284,1470,1236,840,794,718,887,2049,0,0,0,5,8,4,12,8,7,5,12,20,36,33,19,10,11,0,0,0,1,0,1,0,0,0,0,0,0,0,1,0,1,1,0,0,0,0,2,0,0,0,0,0,0,0,4,2,0,0,0,0,0,0,0,0,0,0,0,0,0,0,0,1,0,0,0,0,0,0,0,0,0,0,0,0,0,0,0,0,0,0,0,0,0,0,0,0,0,0,0,0,0,0,0,0,0,0,0,0,0,0,65,102,9615,138699,142747,168881,210213,258900,308581,351674,467973,543966,496667,429944,317337,205842,220620,3,3,538,5096,9730,14349,15850,18631,14176,12114,11225,6272,2567,1418,1115,1057,2202
2021-05-14,61,102,9312,130257,132636,159717,200675,251146,299200,340807,453085,529262,483775,416610,304389,192856,193091,3,1,591,8483,8402,9620,11150,13563,10893,10547,9120,4905,2053,463,251,127,145,7,1,924,17734,19433,19716,21681,22353,21263,22436,25149,20598,15570,14459,13936,14072,29789,0,0,30,814,930,936,1005,1044,996,1027,1153,1009,665,697,756,969,2126,0,0,0,6,8,4,12,9,7,6,12,20,36,33,19,11,15,0,0,0,1,0,0,0,1,0,1,0,0,0,0,0,1,4,0,0,0,0,2,0,0,0,0,0,0,0,4,2,0,0,0,0,0,0,0,0,0,0,0,0,0,0,0,0,0,0,0,0,0,0,0,0,0,0,0,0,0,0,0,0,0,0,0,0,0,0,0,0,0,0,0,0,0,0,0,0,0,0,0,0,0,0,68,103,10236,147997,152079,179437,222368,273508,320470,363249,478246,549880,499385,431104,318344,206939,222895,3,1,621,9298,9332,10556,12155,14608,11889,11575,10273,5914,2718,1160,1007,1097,2275
2021-05-15,61,106,10043,138647,140550,167578,212177,266064,310354,350833,461635,533158,485308,417018,304626,192959,193172,0,4,731,8390,7914,7861,11502,14918,11154,10026,8550,3896,1533,408,237,103,81,7,1,960,18366,20020,20254,22268,23019,21836,23054,25830,21115,15872,14695,14118,14213,30023,0,0,36,632,587,538,587,666,573,618,681,517,302,236,182,141,234,0,0,0,6,8,4,12,9,7,6,12,20,36,33,19,11,15,0,0,0,0,0,0,0,0,0,0,0,0,0,0,0,0,0,0,0,0,0,2,0,0,0,0,0,0,0,4,2,0,0,0,0,0,0,0,0,0,0,0,0,0,0,0,0,0,0,0,0,0,0,0,0,0,0,0,0,0,0,0,0,0,0,0,0,0,0,0,0,0,0,0,0,0,0,0,0,0,0,0,0,0,0,68,107,11003,157019,160580,187836,234457,289092,332197,373893,487477,554293,501220,431748,318763,207183,223210,0,4,767,9022,8501,8399,12089,15584,11727,10644,9231,4413,1835,644,419,244,315
2021-05-16,62,108,10709,144753,146659,178070,223349,278623,319162,357512,467315,534953,486379,417315,304769,193037,193229,1,2,666,6106,6109,10492,11172,12559,8808,6679,5680,1795,1071,297,143,78,57,7,1,980,18605,20222,20456,22477,23220,22041,23296,26099,21361,16065,14895,14349,14499,30622,0,0,20,239,202,202,209,201,205,242,269,246,193,200,231,286,599,0,0,0,6,8,4,12,9,8,6,12,20,36,33,19,11,15,0,0,0,0,0,0,0,0,1,0,0,0,0,0,0,0,0,0,0,0,0,2,0,0,0,0,0,0,0,4,2,0,0,0,0,0,0,0,0,0,0,0,0,0,0,0,0,0,0,0,0,0,0,0,0,0,0,0,0,0,0,0,0,0,0,0,0,0,0,0,0,0,0,0,0,0,0,0,0,0,0,0,0,0,0,69,109,11689,163364,166891,198530,245838,301852,341211,380814,493426,556334,502484,432245,319137,207547,223866,1,2,686,6345,6311,10694,11381,12760,9014,6921,5949,2041,1264,497,374,364,656
2021-05-17,62,108,11109,154588,154243,185479,232364,288296,324730,362520,471562,536204,486899,417552,304934,193127,193308,0,0,400,9835,7584,7409,9015,9673,5568,5008,4247,1251,520,237,165,90,79,7,1,998,19084,20731,20967,23021,23856,22626,23932,26851,22053,16610,15685,15613,16414,34328,0,0,18,479,509,511,544,636,585,636,752,692,545,790,1264,1915,3706,0,0,0,6,9,4,13,10,8,6,13,22,36,34,20,11,15,0,0,0,0,1,0,1,1,0,0,1,2,0,1,1,0,0,0,0,0,0,2,0,0,0,0,0,0,0,4,2,0,0,0,0,0,0,0,0,0,0,0,0,0,0,0,0,0,0,0,0,0,0,0,0,0,0,0,0,0,0,0,0,0,0,0,0,0,0,0,0,0,0,0,0,0,0,0,0,0,0,0,0,0,0,69,109,12107,173678,174985,206450,255398,312162,347364,386458,498426,558279,503549,433273,320567,209552,227651,0,0,418,10314,8094,7920,9560,10310,6153,5644,5000,1945,1065,1028,1430,2005,3785
2021-05-18,64,109,11577,163969,161407,195601,244089,297987,329777,366385,474951,537586,487540,417856,305145,193244,193434,2,1,468,9381,7164,10122,11725,9691,5047,3865,3389,1382,641,304,211,117,126,7,1,1022,19379,21003,21266,23305,24210,22960,24340,27390,22615,17209,16592,17113,18421,38140,0,0,24,295,272,299,284,354,334,408,539,562,599,907,1500,2007,3812,0,0,0,6,9,4,13,10,8,6,14,22,36,34,22,11,15,0,0,0,0,0,0,0,0,0,0,1,0,0,0,2,0,0,0,0,0,0,2,0,0,0,0,0,0,0,4,2,0,0,0,0,0,0,0,0,0,0,0,0,0,0,0,0,0,0,0,0,0,0,0,0,0,0,0,0,0,0,0,0,0,0,0,0,0,0,0,0,0,0,0,0,0,0,0,0,0,0,0,0,0,0,71,110,12599,183354,182421,216871,267407,322207,352745,390731,502355,560223,504789,434484,322280,211676,231589,2,1,492,9676,7436,10421,12009,10045,5381,4273,3929,1944,1240,1211,1713,2124,3938
2021-05-19,66,109,12272,174497,169483,207187,257051,312139,337284,372231,479942,539652,488343,418288,305374,193387,193551,2,0,695,10528,8076,11586,12962,14152,7507,5846,4991,2066,803,432,229,143,117,7,1,1045,19867,21370,21676,23726,24675,23437,24928,28094,23325,17935,17728,18951,20888,42799,0,0,23,488,367,410,421,465,477,588,704,710,726,1136,1838,2467,4659,0,0,0,6,9,4,14,10,8,6,15,22,37,35,25,12,18,0,0,0,0,0,0,1,0,0,0,1,0,1,1,3,1,3,0,0,0,0,2,0,0,0,0,0,0,0,4,2,0,0,0,0,0,0,0,0,0,0,0,0,0,0,0,0,0,0,0,0,0,0,0,0,0,0,0,0,0,0,0,0,0,0,0,0,0,0,0,0,0,0,0,0,0,0,0,0,0,0,0,0,0,0,73,110,13317,194370,190864,228867,280791,336824,360729,397165,508051,562999,506319,436053,324350,214287,236368,2,0,718,11016,8443,11996,13384,14617,7984,6434,5696,2776,1530,1569,2070,2611,4779
2021-05-20,70,111,13111,187080,181360,220399,273526,330077,345369,378272,485326,541919,489253,418714,305643,193543,193701,4,2,839,12583,11877,13212,16475,17938,8085,6041,5384,2267,910,426,269,156,150,7,1,1081,20533,21909,22303,24365,25311,24081,25690,28981,24204,18826,18835,20611,23143,47221,0,0,36,666,539,627,639,636,644,762,887,879,891,1107,1660,2255,4422,0,0,0,6,9,4,14,11,9,8,16,24,39,35,27,13,20,0,0,0,0,0,0,0,1,1,2,1,2,2,0,2,1,2,0,0,0,0,2,0,0,0,0,0,0,0,4,2,0,0,0,0,0,0,0,0,0,0,0,0,0,0,0,0,0,0,0,0,0,0,0,0,0,0,0,0,0,0,0,0,0,0,0,0,0,0,0,0,0,0,0,0,0,0,0,0,0,0,0,0,0,0,77,112,14192,207619,203280,242706,297905,355399,369459,403970,514323,566147,508122,437586,326281,216699,240942,4,2,875,13249,12416,13839,17114,18575,8730,6805,6272,3148,1803,1533,1931,2412,4574
2021-05-21,72,111,14749,197866,189975,232048,287179,345665,353281,384234,490409,543566,489853,419011,305805,193634,193840,2,0,1638,10786,8615,11649,13653,15588,7912,5962,5083,1647,600,297,162,91,139,7,2,1106,21038,22367,22894,24971,25942,24697,26373,29800,24996,19595,19925,22326,25361,51923,0,1,25,505,458,591,606,631,616,683,819,792,769,1090,1715,2218,4702,0,0,0,6,9,4,15,12,9,8,17,24,40,35,27,14,22,0,0,0,0,0,0,1,1,0,0,1,0,1,0,0,1,2,0,0,0,0,2,0,0,0,0,0,0,0,4,2,0,0,0,0,0,0,0,0,0,0,0,0,0,0,0,0,0,0,0,0,0,0,0,0,0,0,0,0,0,0,0,0,0,0,0,0,0,0,0,0,0,0,0,0,0,0,0,0,0,0,0,0,0,0,79,113,15855,218910,212353,254946,312165,371619,377987,410615,520226,568586,509492,438973,328158,219009,245785,2,1,1663,11291,9073,12240,14260,16220,8528,6645,5903,2439,1370,1387,1877,2310,4843
2021-05-22,72,118,16964,209301,198634,243809,300263,358111,361002,390323,495499,545624,490400,419327,305964,193713,193917,0,7,2215,11435,8659,11761,13084,12446,7721,6089,5090,2058,547,316,159,79,77,7,2,1121,21383,22609,23131,25208,26193,24938,26643,30207,25400,19962,20321,22745,25895,53054,0,0,15,345,242,237,237,251,241,270,407,404,367,396,419,534,1131,0,0,0,6,9,4,15,12,9,8,17,24,40,35,27,14,22,0,0,0,0,0,0,0,0,0,0,0,0,0,0,0,0,0,0,0,0,0,2,0,0,0,0,0,0,0,4,2,0,0,0,0,0,0,0,0,0,0,0,0,0,0,0,0,0,0,0,0,0,0,0,0,0,0,0,0,0,0,0,0,0,0,0,0,0,0,0,0,0,0,0,0,0,0,0,0,0,0,0,0,0,0,79,120,18085,230690,221254,266944,325486,384316,385949,416974,525723,571048,510406,439685,328736,219622,246993,0,7,2230,11780,8901,11998,13321,12697,7962,6359,5497,2462,914,712,578,613,1208
2021-05-23,72,118,19778,221797,206477,252802,311636,366320,365696,393541,498175,546984,490800,419542,306075,193783,193963,0,0,2814,12496,7843,8993,11373,8209,4694,3218,2676,1360,400,215,111,70,46,7,2,1131,21578,22761,23265,25345,26344,25080,26860,30506,25764,20341,20754,23309,26699,54542,0,0,10,195,152,134,137,151,142,217,299,364,379,433,564,804,1488,0,0,1,6,9,4,16,12,9,8,17,25,42,35,28,14,22,0,0,1,0,0,0,1,0,0,0,0,1,2,0,1,0,0,0,0,0,0,2,0,0,0,0,0,0,0,4,2,0,0,0,0,0,0,0,0,0,0,0,0,0,0,0,0,0,0,0,0,0,0,0,0,0,0,0,0,0,0,0,0,0,0,0,0,0,0,0,0,0,0,0,0,0,0,0,0,0,0,0,0,0,0,79,120,20910,243381,229249,276071,336997,392676,390785,420409,528698,572773,511187,440333,329412,220496,248527,0,0,2825,12691,7995,9127,11511,8360,4836,3435,2975,1725,781,648,676,874,1534
2021-05-24,73,119,22834,229448,212707,259164,317743,371440,368552,395506,499860,547551,491116,419720,306194,193861,194030,1,1,3056,7651,6230,6362,6107,5120,2856,1965,1685,567,316,178,119,78,67,7,2,1145,21907,22976,23473,25573,26577,25337,27135,30899,26316,21098,21974,25029,28667,58137,0,0,14,329,215,208,228,233,257,275,393,552,757,1220,1720,1968,3595,0,0,1,6,9,4,16,12,9,8,17,25,42,35,28,14,25,0,0,0,0,0,0,0,0,0,0,0,0,0,0,0,0,3,0,0,0,0,2,0,0,0,0,0,0,0,4,2,0,0,0,0,0,0,0,0,0,0,0,0,0,0,0,0,0,0,0,0,0,0,0,0,0,0,0,0,0,0,0,0,0,0,0,0,0,0,0,0,0,0,0,0,0,0,0,0,0,0,0,0,0,0,80,121,23980,251361,235694,282641,343332,398029,393898,422649,530776,573892,512260,441731,331251,222542,252192,1,1,3070,7980,6445,6570,6335,5353,3113,2240,2078,1119,1073,1398,1839,2046,3665
2021-05-25,78,120,26004,238985,220645,267550,324137,376211,371218,397518,501662,548187,491467,419930,306319,193934,194155,5,1,3170,9537,7938,8386,6394,4771,2666,2012,1802,636,351,210,125,73,125,7,2,1164,22420,23554,24035,26114,27090,25832,27670,31667,27020,21766,23075,26744,31201,63072,0,0,19,513,578,562,541,513,495,535,768,704,668,1101,1715,2534,4935,0,0,1,6,10,4,16,14,9,11,17,25,42,36,29,17,29,0,0,0,0,1,0,0,2,0,3,0,0,0,1,1,3,4,0,0,0,0,2,0,0,0,0,0,0,0,4,2,0,0,0,0,0,0,0,0,0,0,0,0,0,0,0,0,0,0,0,0,0,0,0,0,0,0,0,0,0,0,0,0,0,0,0,0,0,0,0,0,0,0,0,0,0,0,0,0,0,0,0,0,0,0,85,122,27169,261411,244211,291589,350267,403315,397059,425199,533346,575232,513279,443043,333092,225152,257256,5,1,3189,10050,8517,8948,6935,5286,3161,2550,2570,1340,1019,1312,1841,2610,5064
2021-05-26,80,120,32976,251312,232924,278832,333465,384585,375575,400931,504546,549569,492119,420307,306527,194077,194290,2,0,6972,12327,12279,11282,9328,8374,4357,3413,2884,1382,652,377,208,143,135,7,2,1186,23102,24182,24668,26769,27835,26500,28450,32638,27986,22695,24378,28498,33567,67871,0,0,22,682,628,633,655,745,668,780,971,966,929,1303,1754,2366,4799,0,0,1,6,10,6,16,14,9,12,17,26,43,36,30,17,32,0,0,0,0,0,2,0,0,0,1,0,1,1,0,1,0,3,0,0,0,0,2,0,0,0,0,0,0,0,4,2,0,0,0,0,0,0,0,0,0,0,0,0,0,0,0,0,0,0,0,0,0,0,0,0,0,0,0,0,0,0,0,0,0,0,0,0,0,0,0,0,0,0,0,0,0,0,0,0,0,0,0,0,0,0,87,122,34163,274420,257118,303506,360250,412434,402084,429393,537201,577581,514861,444723,335055,227661,262193,2,0,6994,13009,12907,11917,9983,9119,5025,4194,3855,2349,1582,1680,1963,2509,4937
2021-05-27,84,120,44084,267107,247618,293123,344255,392299,380193,404730,507757,551068,492866,420673,306780,194223,194435,4,0,11108,15795,14694,14291,10790,7714,4618,3799,3211,1499,747,366,253,146,145,7,2,1205,23758,24749,25274,27461,28619,27258,29274,33744,29064,23744,25695,30374,35896,71972,0,0,19,656,567,606,692,784,758,824,1106,1078,1049,1317,1876,2329,4101,0,0,1,6,10,7,16,15,9,12,20,27,44,38,30,19,34,0,0,0,0,0,1,0,1,0,0,3,1,1,2,0,2,2,0,0,0,0,2,0,0,0,0,0,0,0,4,2,0,0,0,0,0,0,0,0,0,0,0,0,0,0,0,0,0,0,0,0,0,0,0,0,0,0,0,0,0,0,0,0,0,0,0,0,0,0,0,0,0,0,0,0,0,0,0,0,0,0,0,0,0,0,91,122,45290,290871,272379,318404,371732,420933,407460,434016,541521,580159,516658,446408,337184,230138,266441,4,0,11127,16451,15261,14898,11482,8499,5376,4623,4320,2578,1797,1685,2129,2477,4248
2021-05-28,86,123,54078,281068,260419,307160,354763,401698,385412,408837,511193,552454,493461,420953,306949,194325,194522,2,3,9994,13961,12801,14037,10508,9399,5219,4107,3436,1386,595,280,169,102,87,7,2,1240,24426,25319,25794,28092,29295,27937,29971,34714,29995,24832,26766,31919,37586,74868,0,0,35,668,570,520,631,676,679,697,970,931,1088,1071,1545,1690,2896,0,0,1,7,10,7,16,16,10,12,20,28,44,39,31,23,35,0,0,0,1,0,0,0,1,1,0,0,1,0,1,1,4,1,0,0,0,0,2,0,0,0,0,0,0,0,4,2,0,0,0,0,0,0,0,0,0,0,0,0,0,0,0,0,0,0,0,0,0,0,0,0,0,0,0,0,0,0,0,0,0,0,0,0,0,0,0,0,0,0,0,0,0,0,0,0,0,0,0,0,0,0,93,125,55319,305501,285750,332961,382871,431009,413359,438820,545927,582477,518341,447760,338899,231934,269425,2,3,10029,14630,13371,14557,11139,10076,5899,4804,4406,2318,1683,1352,1715,1796,2984
2021-05-29,88,124,68500,293739,271866,318559,364039,409065,389735,412203,513901,553887,493912,421219,307071,194388,194586,2,1,14422,12671,11447,11399,9276,7367,4323,3366,2708,1433,451,266,122,63,64,7,2,1262,24821,25571,26061,28350,29609,28385,30514,35978,31147,28752,32554,36496,38389,75863,0,0,22,395,252,267,258,314,448,543,1264,1152,3920,5788,4577,803,995,0,0,1,7,10,8,17,16,10,12,20,29,46,39,33,23,35,0,0,0,0,0,1,1,0,0,0,0,1,2,0,2,0,0,0,0,0,0,2,0,0,0,1,0,0,0,4,2,0,0,0,0,0,0,0,0,0,0,0,1,0,0,0,0,0,0,0,0,0,0,0,0,0,0,0,0,0,0,0,0,0,0,0,0,0,0,0,0,0,0,0,0,0,0,0,0,0,0,0,0,0,0,95,126,69763,318567,297449,344628,392406,438690,418131,442729,549899,585063,522714,453814,343600,232800,270484,2,1,14444,13066,11699,11667,9535,7681,4772,3909,3972,2586,4373,6054,4701,866,1059
2021-05-30,88,126,82389,304487,283309,327122,370125,413857,392680,414536,515880,554817,494260,421396,307179,194444,194621,0,2,13889,10748,11443,8563,6086,4792,2945,2333,1979,930,348,177,108,56,35,7,2,1295,25100,25720,26234,28555,29867,28981,31190,37517,32075,31046,37001,39517,39028,76634,0,0,33,279,149,173,205,258,596,676,1539,928,2294,4447,3021,639,771,0,0,1,7,10,8,17,16,10,12,20,29,46,40,34,23,36,0,0,0,0,0,0,0,0,0,0,0,0,0,1,1,0,1,0,0,0,0,2,0,0,0,1,0,0,0,4,2,0,0,0,0,0,0,0,0,0,0,0,0,0,0,0,0,0,0,0,0,0,0,0,0,0,0,0,0,0,0,0,0,0,0,0,0,0,0,0,0,0,0,0,0,0,0,0,0,0,0,0,0,0,0,95,128,83685,329594,309041,353364,398697,443740,421672,445738,553417,586921,525356,458439,346730,233495,271291,0,2,13922,11027,11592,8736,6291,5050,3541,3009,3518,1858,2642,4625,3130,695,807
2021-05-31,94,127,89652,314950,292376,333826,375067,417806,395276,416499,517601,555494,494633,421624,307316,194513,194700,6,1,7263,10463,9067,6704,4942,3949,2596,1963,1721,677,373,228,137,69,79,7,2,1314,25506,26046,26565,28916,30314,29946,32397,40332,33592,33581,42813,43877,40699,79123,0,0,19,406,326,331,361,447,965,1207,2815,1517,2535,5812,4360,1671,2489,0,0,2,7,10,8,20,17,10,12,24,33,46,41,34,24,37,0,0,1,0,0,0,3,1,0,0,4,4,0,1,0,1,1,0,0,0,0,2,0,0,0,1,0,0,0,4,2,1,0,0,0,0,0,0,0,0,0,0,0,0,0,0,0,0,1,0,0,0,0,0,0,0,0,0,0,0,0,0,0,0,0,0,0,0,0,0,0,0,0,0,0,0,0,0,0,0,0,0,0,0,0,101,129,90968,340463,318434,360399,404003,448137,425233,448908,557957,589119,528264,464480,351228,235236,273860,6,1,7283,10869,9393,7035,5306,4397,3561,3170,4540,2198,2908,6041,4498,1741,2569
2021-06-01,98,131,98793,329525,299776,338921,378898,421004,397652,418492,519412,556339,495152,421891,307501,194602,194794,4,4,9141,14575,7400,5095,3831,3198,2376,1993,1811,845,519,267,185,89,94,7,2,1347,26136,26483,27042,29393,30819,30665,33321,42209,35023,35447,47078,47245,42224,81409,0,0,33,630,437,477,477,505,719,924,1877,1431,1866,4265,3368,1525,2286,0,0,2,7,10,9,20,17,11,12,32,34,48,44,37,26,52,0,0,0,0,0,1,0,0,1,0,8,1,2,3,3,2,15,0,0,0,0,2,0,0,0,1,0,0,0,4,2,1,0,0,0,0,0,0,0,0,0,0,0,0,0,0,0,0,0,0,0,0,0,0,0,0,0,0,0,0,0,0,0,0,0,0,0,0,0,0,0,0,0,0,0,0,0,0,0,0,0,0,0,0,0,105,133,100142,355668,326271,365972,408311,451840,428329,451825,561653,591396,530651,469015,354784,236852,276255,4,4,9174,15205,7837,5573,4308,3703,3096,2917,3696,2277,2387,4535,3556,1616,2395
2021-06-02,102,132,115157,347111,310580,344582,383313,424693,400603,421048,521536,557413,495772,422273,307716,194719,194889,4,1,16364,17586,10804,5661,4415,3689,2951,2556,2124,1074,620,382,215,117,95,7,2,1371,26852,27055,27638,30167,31671,31649,34487,44714,36959,37763,50609,50285,43923,83238,0,0,24,716,572,596,774,852,984,1166,2505,1936,2316,3531,3040,1699,1829,0,0,2,8,10,9,21,18,11,13,32,36,52,46,40,28,53,0,0,0,1,0,0,1,1,0,1,0,2,4,2,3,2,1,0,0,0,0,2,0,0,0,1,0,0,0,4,2,1,0,0,0,0,0,0,0,0,0,0,0,0,0,0,0,0,0,0,0,0,0,0,0,0,0,0,0,0,0,0,0,0,0,0,0,0,0,0,0,0,0,0,0,0,0,0,0,0,0,0,0,0,0,109,134,116530,373971,337647,372229,413501,456382,432264,455548,566282,594408,533591,472930,358042,238670,278180,4,1,16388,18303,11376,6257,5190,4542,3935,3723,4629,3012,2940,3915,3258,1818,1925
2021-06-03,104,136,133087,369665,321425,350946,388178,428873,403824,423756,524000,558554,496393,422662,307968,194862,195003,2,4,17930,22554,10845,6364,4865,4180,3221,2708,2464,1141,621,389,252,143,114,7,3,1419,27693,27763,28420,30959,32521,32592,35633,48156,39283,40258,53826,52756,45566,85006,0,1,48,841,708,782,792,850,943,1146,3442,2324,2495,3217,2471,1643,1768,0,0,2,8,10,12,22,18,11,15,44,41,55,47,40,29,57,0,0,0,0,0,3,1,0,0,2,12,5,3,1,0,1,4,0,0,0,0,2,0,0,0,1,0,0,0,4,2,1,0,0,0,0,0,0,0,0,0,0,0,0,0,0,0,0,0,0,0,0,0,0,0,0,0,0,0,0,0,0,0,0,0,0,0,0,0,0,0,0,0,0,0,0,0,0,0,0,0,0,0,0,0,111,139,134508,397366,349200,379378,419159,461412,436428,459404,572200,597878,536710,476537,360765,240457,280066,2,5,17978,23395,11553,7149,5658,5030,4164,3856,5918,3470,3119,3607,2723,1787,1886
2021-06-04,106,140,154979,387634,330675,357216,393331,433536,407261,426518,526324,559595,496884,422953,308143,194949,195073,2,4,21892,17969,9250,6270,5153,4663,3437,2762,2324,1041,491,291,175,87,70,7,5,1480,28550,28539,29121,31700,33323,33452,36695,52046,41084,42190,56983,55416,47664,87067,0,2,61,857,776,701,741,802,860,1062,3890,1801,1932,3157,2660,2098,2061,0,0,2,10,10,12,22,18,12,15,45,42,56,47,41,30,59,0,0,0,2,0,0,0,0,1,0,1,1,1,0,1,1,2,0,0,0,0,2,0,0,0,1,0,0,0,4,2,1,0,0,0,0,0,0,0,0,0,0,0,0,0,0,0,0,0,0,0,0,0,0,0,0,0,0,0,0,0,0,0,0,0,0,0,0,0,0,0,0,0,0,0,0,0,0,0,0,0,0,0,0,0,113,145,156461,416194,359226,386349,425053,466877,440726,463228,578415,600721,539134,479985,363601,242643,282199,2,6,21953,18828,10026,6971,5894,5465,4298,3824,6215,2843,2424,3448,2836,2186,2133
2021-06-05,106,142,176392,406209,339386,362686,397990,437789,410270,429049,528314,560404,497280,423128,308270,195005,195119,0,2,21413,18575,8711,5470,4659,4253,3009,2531,1990,809,396,175,127,56,46,7,5,1526,28982,28771,29346,31984,33655,33829,37256,54452,42291,43640,59022,57356,49389,88341,0,0,46,432,232,225,284,332,377,561,2406,1207,1450,2039,1940,1725,1274,0,0,2,10,10,13,22,20,13,15,46,42,57,51,42,30,61,0,0,0,0,0,1,0,2,1,0,1,0,1,4,1,0,2,0,0,0,0,2,0,0,0,1,0,0,0,4,2,1,0,0,0,0,0,0,0,0,0,0,0,0,0,0,0,0,0,0,0,0,0,0,0,0,0,0,0,0,0,0,0,0,0,0,0,0,0,0,0,0,0,0,0,0,0,0,0,0,0,0,0,0,0,113,147,177920,435201,368169,392045,429996,471464,444113,466320,582812,602737,540981,482203,365669,244424,283521,0,2,21459,19007,8943,5696,4943,4587,3387,3092,4397,2016,1847,2218,2068,1781,1322
2021-06-06,106,143,195419,419052,345053,366821,401507,440712,412419,430816,529780,561088,497591,423306,308409,195056,195163,0,1,19027,12843,5667,4135,3517,2923,2149,1767,1466,684,311,178,139,51,44,8,6,1690,29304,28948,29572,32260,33936,34175,37762,56770,43307,44852,61450,59593,50848,89586,1,1,164,322,177,226,276,281,346,506,2318,1016,1212,2428,2237,1459,1245,0,0,2,11,10,16,22,21,13,15,46,42,57,51,42,30,61,0,0,0,1,0,3,0,1,0,0,0,0,0,0,0,0,0,0,0,0,0,2,0,0,0,1,0,0,0,4,2,1,0,0,0,0,0,0,0,0,0,0,0,0,0,0,0,0,0,0,0,0,0,0,0,0,0,0,0,0,0,0,0,0,0,0,0,0,0,0,0,0,0,0,0,0,0,0,0,0,0,0,0,0,0,114,149,197111,448367,374013,396409,433789,474669,446608,468593,586596,604437,542504,484809,368045,245934,284810,1,2,19191,13166,5844,4364,3793,3205,2495,2273,3784,1700,1523,2606,2376,1510,1289
2021-06-07,106,152,214681,425604,348115,369133,403380,442264,413622,431788,530679,561551,497862,423429,308505,195111,195200,0,9,19262,6552,3062,2312,1873,1552,1203,972,899,463,271,123,96,55,37,8,6,1729,29930,29443,30103,32896,34606,34963,38689,59330,45380,47201,64833,63770,58328,94290,0,0,39,626,495,531,636,670,788,927,2560,2073,2349,3383,4177,7480,4704,0,0,2,12,11,16,22,21,14,17,47,43,58,51,45,31,63,0,0,0,1,1,0,0,0,1,2,1,1,1,0,3,1,2,0,0,0,0,2,0,0,1,1,0,0,1,4,3,1,0,0,0,0,0,0,0,0,0,1,0,0,0,1,0,1,0,0,0,0,0,0,0,0,0,0,0,0,0,0,0,0,0,0,0,0,0,0,0,0,0,0,0,0,0,0,0,0,0,0,0,0,0,114,158,216412,455546,377571,399252,436298,476892,448600,470494,590056,606975,545125,488316,372321,253470,289553,0,9,19301,7179,3558,2843,2509,2223,1992,1901,3460,2538,2621,3507,4276,7536,4743
2021-06-08,106,154,239992,430391,350530,370937,404793,443452,414581,432555,531384,561904,498072,423578,308593,195160,195248,0,2,25311,4787,2415,1804,1413,1188,959,767,705,353,210,149,88,49,48,8,6,1767,30630,30028,30760,33689,35505,35892,39739,61931,47910,50241,69203,73371,65477,98828,0,0,38,700,585,657,793,899,929,1050,2601,2530,3040,4370,9601,7149,4538,0,0,2,13,12,17,22,21,15,17,47,44,60,55,50,34,65,0,0,0,1,1,1,0,0,1,0,0,1,2,4,5,3,2,0,0,0,0,2,0,0,1,1,0,0,1,4,3,1,1,0,0,0,0,0,0,0,0,0,0,0,0,0,0,0,0,1,0,0,0,0,0,0,0,0,0,0,0,0,0,0,0,0,0,0,0,0,0,0,0,0,0,0,0,0,0,0,0,0,0,0,0,114,160,241761,461034,380572,401714,438504,478979,450489,472311,593362,609859,548377,492839,382015,260672,294141,0,2,25349,5488,3001,2462,2206,2087,1889,1817,3306,2884,3252,4523,9694,7202,4588
2021-06-09,106,156,258256,434752,352903,372650,406519,444789,415585,433427,532124,562283,498325,423722,308694,195225,195296,0,2,18264,4361,2373,1713,1726,1337,1004,872,740,379,253,144,101,65,48,8,6,1821,31672,30960,31737,34783,36700,37063,41133,65283,51691,55498,84210,86767,72434,103505,0,0,54,1042,932,977,1094,1195,1171,1394,3352,3781,5257,15007,13396,6957,4677,0,0,2,15,12,17,24,22,15,18,51,46,65,61,52,37,66,0,0,0,2,0,0,2,1,0,1,4,2,5,6,2,3,1,0,0,0,0,2,0,0,1,1,0,0,1,4,4,1,1,0,0,0,0,0,0,0,0,0,0,0,0,0,0,1,0,0,0,0,0,0,0,0,0,0,0,0,0,0,0,0,0,0,0,0,0,0,0,0,0,0,0,0,0,0,0,0,0,0,0,0,0,114,162,260079,466439,383877,404404,441326,481512,452664,474578,597458,614021,553892,507997,395514,267697,298867,0,2,18318,5405,3305,2690,2822,2533,2175,2267,4096,4162,5515,15158,13499,7025,4726
2021-06-10,108,166,286680,438665,355008,374335,408137,446144,416611,434229,532861,562628,498531,423855,308770,195270,195330,2,10,28424,3913,2105,1685,1618,1355,1026,802,737,345,206,133,76,45,34,8,6,1882,32696,31922,32707,35913,37959,38411,42653,68846,56045,69332,99444,97237,77416,106876,0,0,61,1024,962,970,1130,1259,1348,1520,3563,4354,13834,15234,10470,4982,3371,0,0,2,15,13,19,26,22,16,18,54,49,65,67,53,41,67,0,0,0,0,1,2,2,0,1,0,3,3,0,6,1,4,1,0,0,0,0,2,0,0,1,1,0,0,1,4,4,1,1,0,0,0,0,0,0,0,0,0,0,0,0,0,0,0,0,0,0,0,0,0,0,0,0,0,0,0,0,0,0,0,0,0,0,0,0,0,0,0,0,0,0,0,0,0,0,0,0,0,0,0,0,116,172,288564,471376,386945,407061,444076,484126,455039,476900,601761,618723,567932,523370,406061,272728,302273,2,10,28485,4937,3068,2657,2750,2614,2375,2322,4303,4702,14040,15373,10547,5031,3406
2021-06-11,108,172,309575,442677,357421,376354,410012,447701,417697,435176,533679,563034,498756,423959,308856,195314,195365,0,6,22895,4012,2413,2019,1875,1557,1086,947,818,406,225,104,86,44,35,8,6,1934,33642,32743,33569,37012,39258,39692,44115,72489,67903,85186,115205,108324,82500,110224,0,0,52,946,821,862,1099,1299,1281,1462,3643,11858,15854,15761,11087,5084,3348,0,0,3,16,14,19,26,24,17,20,56,55,72,73,55,42,70,0,0,1,1,1,0,0,2,1,2,2,6,7,6,2,1,3,0,0,0,0,2,0,0,1,1,0,0,1,4,4,1,1,0,0,0,0,0,0,0,0,0,0,0,0,0,0,0,0,0,0,0,0,0,0,0,0,0,0,0,0,0,0,0,0,0,0,0,0,0,0,0,0,0,0,0,0,0,0,0,0,0,0,0,0,116,178,311512,476335,390180,409942,447050,486984,457407,479311,606224,630993,584018,539241,417236,277857,305659,0,6,22948,4959,3235,2881,2974,2858,2368,2411,4463,12270,16086,15871,11175,5129,3386
2021-06-12,108,181,323629,448432,360841,378999,412569,449918,419428,436737,534911,563653,499102,424131,308983,195377,195400,0,9,14054,5755,3420,2645,2557,2217,1731,1561,1232,619,346,172,127,63,35,8,6,2001,34301,33209,34121,37687,40025,40513,45182,75495,79071,99224,130499,117733,86842,112839,0,0,67,659,466,552,675,767,821,1067,3006,11168,14038,15294,9409,4342,2615,0,0,4,16,16,21,26,26,18,20,58,57,79,80,56,43,71,0,0,1,0,2,2,0,2,1,0,2,2,7,7,1,1,1,0,0,0,0,2,0,0,1,1,0,0,1,4,4,2,1,0,0,0,0,0,0,0,0,0,0,0,0,0,0,0,1,0,0,0,0,0,0,0,0,0,0,0,0,0,0,0,0,0,0,0,0,0,0,0,0,0,0,0,0,0,0,0,0,0,0,0,0,116,187,325634,482749,394068,413141,450282,489970,459960,481939,610464,642782,598409,554714,426774,282263,308310,0,9,14122,6414,3888,3199,3232,2986,2553,2628,4240,11789,14391,15473,9538,4406,2651
2021-06-13,108,182,331484,452489,363280,380925,414149,451342,420564,437677,535662,564005,499316,424255,309072,195411,195429,0,1,7855,4057,2439,1926,1580,1424,1136,940,751,352,214,124,89,34,29,8,7,2052,34852,33661,34612,38211,40727,41296,46245,78546,89861,110699,144862,124834,90259,114871,0,1,51,551,452,491,524,702,783,1063,3051,10790,11475,14363,7101,3417,2032,0,0,4,16,17,21,27,26,18,22,64,65,84,87,58,43,71,0,0,0,0,1,0,1,0,0,2,6,8,5,7,2,0,0,0,0,0,0,2,0,0,1,1,0,0,1,4,4,2,1,0,0,0,0,0,0,0,0,0,0,0,0,0,0,0,0,0,0,0,0,0,0,0,0,0,0,0,0,0,0,0,0,0,0,0,0,0,0,0,0,0,0,0,0,0,0,0,0,0,0,0,0,116,189,333540,487357,396960,415558,452387,492096,461879,483944,614272,653932,610103,569208,433966,285714,310371,0,2,7906,4608,2892,2417,2105,2126,1919,2005,3808,11150,11694,14494,7192,3451,2061
2021-06-14,109,185,345735,454899,364735,382137,415147,452245,421224,438202,536184,564305,499523,424373,309144,195453,195464,1,3,14251,2410,1455,1212,998,903,660,525,522,300,207,118,72,42,35,8,7,2139,35807,34544,35569,39335,42094,42574,47942,88273,103702,124840,157875,131510,93497,116853,0,0,87,955,883,957,1124,1367,1278,1697,9727,13841,14141,13013,6676,3238,1982,0,0,4,16,18,22,27,28,18,26,69,69,90,89,59,43,72,0,0,0,0,1,1,0,2,0,4,5,4,6,2,1,0,1,0,0,0,0,2,0,0,1,1,0,0,1,4,4,2,1,0,0,0,0,0,0,0,0,0,0,0,0,0,0,0,0,0,0,0,0,0,0,0,0,0,0,0,0,0,0,0,0,0,0,0,0,0,0,0,0,0,0,0,0,0,0,0,0,0,0,0,0,117,192,347878,490722,399299,417728,454509,494368,463817,486170,624526,668077,624457,582341,440715,288994,312389,1,3,14338,3365,2339,2170,2122,2272,1938,2226,10254,14145,14354,13133,6749,3280,2018
2021-06-15,110,188,356678,456909,365968,383138,416029,452967,421781,438747,536621,564551,499707,424486,309207,195499,195492,1,3,10943,2010,1233,1001,882,722,557,545,437,246,184,113,63,46,28,8,7,2220,37170,35711,36853,40853,43875,44743,52507,98060,117526,137639,167579,137090,97233,119315,0,0,81,1363,1167,1284,1518,1781,2169,4565,9787,13824,12799,9704,5580,3736,2462,0,0,4,19,19,22,29,31,20,28,72,76,98,92,62,44,72,0,0,0,3,1,0,2,3,2,2,3,7,8,3,3,1,0,0,0,0,0,2,0,0,1,1,0,0,1,4,5,2,1,0,0,0,0,0,0,0,0,0,0,0,0,0,0,1,0,0,0,0,0,0,0,0,0,0,0,0,0,0,0,0,0,0,0,0,0,0,0,0,0,0,0,0,0,0,0,0,0,0,0,0,0,118,195,358902,494098,401700,420013,456911,496874,466545,491282,634753,682154,637448,592162,446361,292777,314879,1,3,11024,3376,2401,2285,2402,2506,2728,5112,10227,14077,12991,9821,5646,3783,2490
2021-06-16,110,197,367349,458808,367226,384206,416889,453743,422399,439298,537109,564840,499924,424608,309295,195560,195570,0,9,10671,1899,1258,1068,860,776,618,551,488,289,217,122,88,61,78,8,8,2315,38608,37051,38233,42454,45789,50068,58127,108404,130925,152090,178060,144551,102096,122602,0,1,95,1438,1340,1380,1601,1914,5325,5620,10344,13399,14451,10481,7461,4863,3287,0,0,4,21,21,22,30,31,21,30,79,78,102,95,65,48,81,0,0,0,2,2,0,1,0,1,2,7,2,4,3,3,4,9,0,0,0,0,2,0,0,1,1,0,0,1,4,6,2,1,0,0,0,0,0,0,0,0,0,0,0,0,0,0,1,0,0,0,0,0,0,0,0,0,0,0,0,0,0,0,0,0,0,0,0,0,0,0,0,0,0,0,0,0,0,0,0,0,0,0,0,0,118,205,369668,497437,404300,422461,459373,499564,472489,497455,645592,695844,652120,602769,453913,297705,318253,0,10,10766,3339,2600,2448,2462,2690,5944,6173,10839,13690,14672,10607,7552,4928,3374
2021-06-17,111,203,379124,460804,368445,385274,417770,454594,423019,439845,537591,565123,500094,424717,309368,195600,195602,1,6,11775,1996,1219,1068,881,851,620,547,482,283,170,109,73,40,32,9,8,2409,40089,38489,39751,44426,50433,56344,64410,118105,144983,166206,188350,151998,106087,125462,1,0,94,1481,1438,1518,1972,4644,6276,6283,9701,14058,14116,10290,7447,3991,2860,0,0,4,25,22,24,32,33,24,32,83,82,106,96,68,49,85,0,0,0,4,1,2,2,2,3,2,4,4,4,1,3,1,4,0,0,0,0,2,1,0,1,1,0,0,2,6,6,2,1,0,0,0,0,0,0,1,0,0,0,0,0,1,2,0,0,0,0,0,0,0,0,0,0,0,0,0,0,0,0,0,0,0,0,0,0,0,0,0,0,0,0,0,0,0,0,0,0,0,0,0,0,120,211,381537,500918,406958,425050,462228,505061,479388,504287,655779,710190,666412,613169,461436,301737,321149,2,6,11869,3481,2658,2589,2855,5497,6899,6832,10187,14346,14292,10400,7523,4032,2896
2021-06-18,113,208,386477,462724,369810,386492,418796,455499,423747,440437,538142,565431,500266,424810,309425,195643,195640,2,5,7353,1920,1365,1218,1026,905,728,592,551,308,172,93,57,43,38,9,8,2517,41521,39793,41221,47955,54487,62427,70781,127566,158386,177716,196580,158060,109174,128059,0,0,108,1432,1304,1470,3529,4054,6083,6371,9461,13403,11510,8230,6062,3087,2597,0,0,4,28,25,24,36,41,29,41,98,95,112,100,69,50,86,0,0,0,3,3,0,4,8,5,9,15,13,6,4,1,1,1,0,0,0,0,2,1,0,1,1,0,0,2,6,6,2,1,0,0,0,0,0,0,0,0,0,0,0,0,0,0,0,0,0,0,0,0,0,0,0,0,0,0,0,0,0,0,0,0,0,0,0,0,0,0,0,0,0,0,0,0,0,0,0,0,0,0,0,0,122,216,388998,504273,409630,427738,466787,510028,486204,511259,665806,723914,678100,621496,467556,304868,323785,2,5,7461,3355,2672,2688,4559,4967,6816,6972,10027,13724,11688,8327,6120,3131,2636
2021-06-19,114,209,389929,464649,371099,387573,419740,456413,424528,441116,538653,565735,500419,424915,309477,195669,195666,1,1,3452,1925,1289,1081,944,914,781,679,511,304,153,105,52,26,26,9,8,2597,42345,40347,41931,49798,56496,66043,74858,133616,168365,189150,205369,164022,112585,130555,0,0,80,824,554,710,1843,2009,3616,4077,6050,9979,11434,8789,5962,3411,2496,0,0,4,29,25,24,37,42,33,42,100,97,114,102,71,50,86,0,0,0,1,0,0,1,1,4,1,2,2,2,2,2,0,0,0,0,0,0,2,1,0,1,1,0,0,2,6,7,3,1,0,0,0,0,0,0,0,0,0,0,0,0,0,0,1,1,0,0,0,0,0,0,0,0,0,0,0,0,0,0,0,0,0,0,0,0,0,0,0,0,0,0,0,0,0,0,0,0,0,0,0,0,123,217,392530,507023,411473,429529,469575,512952,490605,516016,672369,734199,689689,630393,473573,308305,326307,1,1,3532,2750,1843,1791,2788,2924,4401,4757,6563,10285,11589,8897,6017,3437,2522
2021-06-20,114,209,391638,465848,371914,388291,420345,456962,424991,441510,538945,565936,500542,424978,309510,195685,195681,0,0,1709,1199,815,718,605,549,463,394,292,201,123,63,33,16,15,10,8,2669,43054,40780,42463,51354,58509,69231,78338,138385,177526,198822,212113,168834,115134,132458,1,0,72,709,433,532,1556,2013,3188,3480,4769,9161,9672,6744,4812,2549,1903,0,0,4,31,25,25,39,43,33,42,103,99,115,102,71,51,86,0,0,0,2,0,1,2,1,0,0,3,2,1,0,0,1,0,0,0,0,0,2,1,0,1,1,0,1,2,7,7,3,2,0,0,0,0,0,0,0,0,0,0,0,1,0,1,0,0,1,0,0,0,0,0,0,0,0,0,0,0,0,0,0,0,0,0,0,0,0,0,0,0,0,0,0,0,0,0,0,0,0,0,0,0,124,217,394311,508933,412721,430780,471738,515515,494256,519890,677434,743563,699486,637200,478418,310872,328225,1,0,1781,1910,1248,1251,2163,2563,3651,3874,5065,9364,9797,6807,4845,2567,1918
2021-06-21,114,211,392933,467380,372910,389115,421042,457542,425496,441928,539258,566140,500672,425042,309567,195712,195723,0,2,1295,1532,996,824,697,580,505,418,313,204,130,64,57,27,42,11,8,2767,44474,41884,44165,54093,61378,74200,83972,146833,188692,210907,221822,177079,120408,137506,1,0,98,1420,1104,1702,2739,2869,4969,5634,8448,11166,12085,9709,8245,5274,5048,0,0,4,32,28,25,42,45,38,45,108,103,119,103,74,51,88,0,0,0,1,3,0,3,2,5,3,5,4,4,1,3,0,2,0,0,0,0,2,1,0,1,1,0,1,3,8,8,3,2,0,0,0,0,0,0,0,0,0,0,0,0,1,1,1,0,0,0,0,0,0,0,0,0,0,0,0,0,0,0,0,0,0,0,0,0,0,0,0,0,0,0,0,0,0,0,0,0,0,0,0,0,125,219,395704,511886,414824,433306,475177,518966,499735,525945,686200,754938,711706,646975,486723,316173,333317,1,2,1393,2953,2103,2526,3439,3451,5479,6055,8766,11375,12220,9775,8305,5301,5092
2021-06-22,114,213,394418,468907,373947,389946,421826,458135,426017,442338,539606,566368,500820,425138,309626,195749,195759,0,2,1485,1527,1037,831,784,593,521,410,348,228,148,96,59,37,36,11,8,2877,46181,43782,46368,56671,64331,79280,89454,155156,202011,224103,234602,187787,128084,143393,0,0,110,1707,1898,2203,2578,2953,5080,5482,8323,13319,13196,12780,10708,7676,5887,0,0,4,33,28,27,45,46,39,48,115,108,125,104,78,53,90,0,0,0,1,0,2,3,1,1,3,7,5,6,1,4,2,2,0,0,0,0,2,2,0,1,1,0,1,3,9,8,3,2,0,0,0,0,0,0,1,0,0,0,0,0,0,1,0,0,0,0,0,0,0,0,0,0,0,0,0,0,0,0,0,0,0,0,0,0,0,0,0,0,0,0,0,0,0,0,0,0,0,0,0,0,125,221,397299,515121,417759,436343,478542,522513,505337,531840,694878,768490,725057,659852,497494,323888,339242,0,2,1595,3235,2935,3037,3365,3547,5602,5895,8678,13552,13351,12877,10771,7715,5925
2021-06-23,114,213,395903,470588,375056,390911,422632,458857,426629,442823,540021,566628,501006,425237,309707,195780,195815,0,0,1485,1681,1109,965,806,722,612,485,415,260,186,99,81,31,56,11,8,3024,49282,46372,49101,59894,68215,85362,96413,164280,217707,240603,250325,202159,136407,149268,0,0,147,3101,2590,2733,3223,3884,6082,6959,9124,15696,16500,15723,14372,8323,5875,0,0,4,36,29,30,50,48,40,51,125,117,131,113,88,57,100,0,0,0,3,1,3,5,2,1,3,10,9,6,9,10,4,10,0,0,0,0,2,2,0,1,1,0,1,4,9,8,4,2,0,0,0,0,0,0,0,0,0,0,0,0,1,0,0,1,0,0,0,0,0,0,0,0,0,0,0,0,0,0,0,0,0,0,0,0,0,0,0,0,0,0,0,0,0,0,0,0,0,0,0,0,125,221,398931,519906,421459,440044,482576,527121,512032,539287,704427,784456,741749,675683,511958,332246,345183,0,0,1632,4785,3700,3701,4034,4608,6695,7447,9549,15966,16692,15831,14464,8358,5941
2021-06-24,114,214,396841,471678,375667,391465,423058,459242,426944,443104,540250,566757,501091,425275,309733,195801,195828,0,1,938,1090,611,554,426,385,315,281,229,129,85,38,26,21,13,11,8,3241,51265,47796,50561,61890,70521,89748,100845,169547,224817,249908,263778,208758,140071,151787,0,0,217,1983,1424,1460,1996,2306,4386,4432,5267,7110,9305,13453,6599,3664,2519,0,0,4,37,29,32,50,49,40,55,133,117,133,115,92,59,101,0,0,0,1,0,2,0,1,0,4,8,0,2,2,4,2,1,0,0,0,0,2,2,0,1,1,0,1,4,10,9,4,2,0,0,0,0,0,0,0,0,0,0,0,0,0,1,1,0,0,0,0,0,0,0,0,0,0,0,0,0,0,0,0,0,0,0,0,0,0,0,0,0,0,0,0,0,0,0,0,0,0,0,0,0,125,222,400086,522980,423494,442060,484998,529813,516733,544004,709931,791695,751142,689177,518587,335933,347716,0,1,1155,3074,2035,2016,2422,2692,4701,4717,5504,7239,9393,13494,6629,3687,2533
2021-06-25,114,218,398219,473200,376712,392370,423848,459941,427491,443608,540720,567005,501242,425380,309795,195836,195849,0,4,1378,1522,1045,905,790,699,547,504,470,248,151,105,62,35,21,11,8,3744,54859,50746,53717,65850,74883,96319,108035,178921,241445,272405,278559,217801,144656,154730,0,0,503,3594,2950,3156,3960,4362,6571,7190,9374,16628,22497,14781,9043,4585,2943,0,0,5,37,29,33,51,49,42,61,140,124,137,119,96,63,104,0,0,1,0,0,1,1,0,2,6,7,7,4,4,4,4,3,0,0,0,0,2,2,0,1,1,0,1,4,11,9,4,2,0,0,0,0,0,0,0,0,0,0,0,0,0,1,0,0,0,0,0,0,0,0,0,0,0,0,0,0,0,0,0,0,0,0,0,0,0,0,0,0,0,0,0,0,0,0,0,0,0,0,0,0,125,226,401968,528096,427489,446122,489749,534874,523853,551704,719782,808578,773795,704067,527696,340557,350683,0,4,1882,5116,3995,4062,4751,5061,7120,7700,9851,16883,22653,14890,9109,4624,2967
2021-06-26,114,218,399802,474787,377801,393319,424660,460662,428099,444102,541151,567267,501358,425440,309848,195857,195868,0,0,1583,1587,1089,949,812,721,608,494,431,262,116,60,53,21,19,12,11,4074,57663,53174,56786,69118,78829,101985,114062,186788,256297,291589,288728,223490,148203,156991,1,3,330,2804,2428,3069,3268,3946,5666,6027,7867,14852,19184,10169,5689,3547,2261,0,0,5,37,30,35,53,52,45,63,142,135,144,124,103,63,104,0,0,0,0,1,2,2,3,3,2,2,11,7,5,7,0,0,0,0,0,0,2,3,0,1,1,0,1,4,11,9,4,2,0,0,0,0,0,0,1,0,0,0,0,0,0,0,0,0,0,0,0,0,0,0,0,0,0,0,0,0,0,0,0,0,0,0,0,0,0,0,0,0,0,0,0,0,0,0,0,0,0,0,0,0,126,229,403881,532487,431007,450143,493831,539544,530130,558227,728082,823703,793102,714301,533445,344125,352963,1,3,1913,4391,3518,4021,4082,4670,6277,6523,8300,15125,19307,10234,5749,3568,2280
2021-06-27,114,218,400891,475804,378499,393971,425258,461116,428538,444493,541424,567433,501456,425510,309879,195867,195882,0,0,1089,1017,698,652,598,454,439,391,273,166,98,70,31,10,14,12,11,4443,60155,55330,59756,72287,82481,106782,119523,193831,269597,303208,296691,227734,150620,158340,0,0,369,2492,2156,2970,3169,3652,4797,5461,7043,13300,11619,7963,4244,2417,1349,0,0,5,38,31,35,54,53,46,65,145,135,147,126,104,63,104,0,0,0,1,1,0,1,1,1,2,3,0,3,2,1,0,0,0,0,0,0,2,3,0,1,1,0,1,4,11,9,4,2,0,0,0,0,0,0,0,0,0,0,0,0,0,0,0,0,0,0,0,0,0,0,0,0,0,0,0,0,0,0,0,0,0,0,0,0,0,0,0,0,0,0,0,0,0,0,0,0,0,0,0,0,126,229,405339,535997,433862,453765,497599,543651,535367,564081,735401,837169,804822,722336,537721,346552,354326,0,0,1458,3510,2855,3622,3768,4107,5237,5854,7319,13466,11720,8035,4276,2427,1363
2021-06-28,114,219,402085,477114,379430,394827,425996,461775,429092,444930,541808,567686,501593,425595,309935,195909,195910,0,1,1194,1310,931,856,738,659,554,437,384,253,137,85,56,42,28,12,12,4828,64212,58739,63969,76929,87844,114564,128898,204707,287775,317368,306254,233219,153713,160168,0,1,385,4057,3409,4213,4642,5363,7782,9375,10876,18178,14160,9563,5485,3093,1828,0,0,5,40,36,37,56,56,49,68,156,140,155,133,112,63,104,0,0,0,2,5,2,2,3,3,3,11,5,8,7,8,0,0,0,0,0,0,2,3,0,1,1,0,1,4,11,9,4,2,0,0,0,0,0,0,0,0,0,0,0,0,0,0,0,0,0,0,0,0,0,0,0,0,0,0,0,0,0,0,0,0,0,0,0,0,0,0,0,0,0,0,0,0,0,0,0,0,0,0,0,0,126,231,406918,541366,438207,458836,502981,549676,543706,573896,746672,855605,819127,731991,543270,349687,356182,0,2,1579,5369,4345,5071,5382,6025,8339,9815,11271,18436,14305,9655,5549,3135,1856
2021-06-29,116,222,403108,478428,380352,395689,426781,462409,429620,445394,542209,567940,501757,425700,309993,195956,195959,2,3,1023,1314,922,862,785,634,528,464,401,254,164,105,58,47,49,12,12,5242,69043,62966,69013,82342,94120,123608,139431,217544,303994,328203,313787,238107,156263,161707,0,0,414,4831,4227,5044,5413,6276,9044,10533,12837,16219,10835,7533,4888,2550,1539,0,0,5,41,38,37,61,64,52,73,161,154,164,147,115,66,105,0,0,0,1,2,0,5,8,3,5,5,14,9,14,3,3,1,0,0,0,0,2,3,0,1,1,0,1,5,11,9,4,2,0,0,0,0,0,0,0,0,0,0,0,0,1,0,0,0,0,0,0,0,0,0,0,0,0,0,0,0,0,0,0,0,0,0,0,0,0,0,0,0,0,0,0,0,0,0,0,0,0,0,0,0,128,234,408355,547512,443358,464742,509184,556594,553281,584898,759915,872093,830135,739643,548219,352287,357771,2,3,1437,6146,5151,5906,6203,6918,9575,11002,13243,16488,11008,7652,4949,2600,1589
2021-06-30,117,223,404371,479950,381386,396602,427593,463102,430212,445923,542690,568232,501943,425813,310064,196011,196003,1,1,1263,1522,1034,913,812,693,592,529,481,292,186,113,71,55,44,12,12,5847,74138,67594,74403,88400,101946,134064,151214,231900,323595,342908,323870,243353,158846,163490,0,0,605,5095,4628,5390,6058,7826,10456,11783,14356,19601,14705,10083,5246,2583,1783,0,0,5,48,41,40,63,71,56,82,178,168,178,165,122,70,113,0,0,0,7,3,3,2,7,4,9,17,14,14,18,7,4,8,0,0,0,0,2,3,0,1,3,0,1,5,11,9,4,2,0,0,0,0,0,0,0,0,0,2,0,0,0,0,0,0,0,0,0,0,0,0,0,0,0,0,0,0,0,0,0,0,0,0,0,0,0,0,0,0,0,0,0,0,0,0,0,0,0,0,0,0,129,235,410223,554136,449023,471048,516056,565120,564335,597219,774769,892000,845040,749857,553543,354929,359606,1,1,1868,6624,5665,6306,6872,8526,11054,12321,14854,19907,14905,10214,5324,2642,1835
2021-07-01,117,225,405420,481003,382133,397252,428193,463661,430661,446322,543069,568432,502067,425890,310121,196049,196032,0,2,1049,1053,747,650,600,559,449,399,379,200,124,77,57,38,29,13,13,6625,77913,70980,78428,92978,109789,141771,159543,241681,336974,352725,330440,247498,161001,165371,1,1,778,3775,3386,4025,4578,7843,7707,8329,9781,13379,9817,6570,4145,2155,1881,0,0,5,54,44,41,67,76,59,86,190,175,183,178,128,72,113,0,0,0,6,3,1,4,5,3,4,12,7,5,13,6,2,0,0,0,0,0,2,3,0,1,3,1,1,5,12,9,4,2,0,0,0,0,0,0,0,0,0,0,1,0,0,1,0,0,0,0,0,0,0,0,0,0,0,0,0,0,0,0,0,0,0,0,0,0,0,0,0,0,0,0,0,0,0,0,0,0,0,0,0,0,130,238,412050,558970,453159,475724,521238,573527,572494,605952,784941,905586,854987,756517,557751,357124,361516,1,3,1827,4834,4136,4676,5182,8407,8159,8733,10172,13586,9947,6660,4208,2195,1910
2021-07-02,119,228,406387,482223,383032,398119,428907,464303,431212,446818,543477,568682,502222,425982,310173,196075,196060,2,3,967,1220,899,867,714,642,551,496,408,250,155,92,52,26,28,13,13,7427,82535,75115,83019,98764,118225,152062,171772,255158,350642,363084,336415,251214,163247,167244,0,0,802,4622,4135,4591,5786,8436,10291,12229,13477,13668,10359,5975,3716,2246,1873,0,0,5,57,46,42,68,76,64,88,197,186,187,192,139,73,113,0,0,0,3,2,1,1,0,5,2,7,11,4,14,11,1,0,0,0,0,0,2,3,0,1,3,1,1,5,13,9,4,2,0,0,0,0,0,0,0,0,0,0,0,0,0,1,0,0,0,0,0,0,0,0,0,0,0,0,0,0,0,0,0,0,0,0,0,0,0,0,0,0,0,0,0,0,0,0,0,0,0,0,0,0,132,241,413819,564815,458195,481183,527739,582605,583341,618679,798833,919515,865506,762598,561530,359397,363417,2,3,1769,5845,5036,5459,6501,9078,10847,12727,13892,13929,10519,6081,3779,2273,1901
2021-07-03,120,232,407446,483384,383845,398842,429527,464845,431640,447265,543875,568881,502353,426068,310211,196094,196074,1,4,1059,1161,813,723,620,542,428,447,398,199,131,86,38,19,14,13,13,8137,86095,77868,85995,103614,124713,159252,180932,266244,361085,370878,341181,254341,165203,168714,0,0,710,3560,2753,2976,4850,6488,7190,9160,11086,10443,7794,4766,3127,1956,1470,0,0,5,61,47,44,69,77,68,90,207,192,190,200,144,73,113,0,0,0,4,1,2,1,1,4,2,10,6,3,8,5,0,0,0,0,1,0,2,3,0,1,3,1,1,5,13,9,4,2,0,0,0,1,0,0,0,0,0,0,0,0,0,0,0,0,0,0,0,0,0,0,0,0,0,0,0,0,0,0,0,0,0,0,0,0,0,0,0,0,0,0,0,0,0,0,0,0,0,0,0,0,133,245,415589,569540,461762,484884,533210,589636,590963,628288,810327,930163,873434,767458,564700,361372,364901,1,4,1770,4725,3567,3701,5471,7031,7622,9609,11494,10648,7928,4860,3170,1975,1484
2021-07-04,120,232,408179,484135,384403,399292,429947,465246,431980,447538,544120,569045,502430,426120,310243,196119,196081,0,0,733,751,558,450,420,401,340,273,245,164,77,52,32,25,7,13,13,8937,89243,80598,89289,109316,132128,166087,189087,275302,368804,376037,344861,256825,166561,169660,0,0,800,3148,2730,3294,5702,7415,6835,8155,9058,7719,5159,3680,2484,1358,946,0,0,5,69,49,46,73,79,71,94,249,215,204,461,323,77,115,0,0,0,8,2,2,4,2,3,4,42,23,14,261,179,4,2,0,0,1,0,2,3,1,1,3,2,3,5,13,9,4,2,0,0,0,0,0,0,0,1,0,0,1,2,0,0,0,0,0,0,0,0,0,0,0,0,0,0,0,0,0,0,0,0,0,0,0,0,0,0,0,0,0,0,0,0,0,0,0,0,0,0,0,0,133,245,417122,573447,465052,488630,539337,597454,598141,636721,819674,938069,878684,771451,567395,362759,365856,0,0,1533,3907,3290,3746,6127,7818,7178,8433,9347,7906,5250,3993,2695,1387,955
2021-07-05,121,234,409065,485238,385133,400023,430557,465827,432423,447947,544494,569260,502554,426200,310279,196141,196101,1,2,886,1103,730,731,610,581,443,409,374,215,124,80,36,22,20,13,13,9892,93826,84748,94652,116233,140695,175595,200702,288363,379915,383117,349606,260026,167997,170788,0,0,955,4583,4150,5363,6917,8567,9508,11615,13061,11111,7080,4745,3201,1436,1128,0,0,5,71,52,47,78,79,77,109,308,229,231,723,447,85,120,0,0,0,2,3,1,5,0,6,15,59,14,27,262,124,8,5,0,0,1,1,2,3,1,1,3,2,3,5,14,9,4,2,0,0,0,0,1,0,0,0,0,0,0,0,0,1,0,0,0,0,0,0,0,0,0,0,0,0,0,0,0,0,0,0,0,0,0,0,0,0,0,0,0,0,0,0,0,0,0,0,0,0,0,0,134,247,418963,579136,469935,494725,546869,606602,608098,648760,833168,949409,885916,776538,570756,364225,367009,1,2,1841,5689,4883,6095,7532,9148,9957,12039,13494,11340,7232,5087,3361,1466,1153
2021-07-06,122,235,409885,486366,385968,400711,431221,466369,432883,448332,544847,569464,502706,426286,310336,196171,196125,1,1,820,1128,835,688,664,542,460,385,353,204,152,86,57,30,24,14,14,11490,100597,90590,101730,124468,150074,186029,212200,302471,390677,389597,354290,263037,169536,171786,1,1,1598,6771,5842,7078,8235,9379,10434,11498,14108,10762,6480,4684,3011,1539,998,0,0,6,76,53,52,84,85,83,112,314,241,245,739,459,90,124,0,0,1,5,1,5,6,6,6,3,6,12,14,16,12,5,4,0,0,1,1,2,3,2,1,3,2,3,5,14,9,4,2,0,0,0,0,0,0,0,1,0,0,0,0,0,0,0,0,0,0,0,0,0,0,0,0,0,0,0,0,0,0,0,0,0,0,0,0,0,0,0,0,0,0,0,0,0,0,0,0,0,0,0,0,136,249,421382,587040,476613,502496,555775,616529,618998,660646,847635,960387,892562,781324,573836,365799,368035,2,2,2419,7904,6678,7771,8906,9927,10900,11886,14467,10978,6646,4786,3080,1574,1026
2021-07-07,123,238,410792,487591,386956,401578,432014,467040,433400,448794,545213,569707,502871,426378,310393,196201,196167,1,3,907,1225,988,867,793,671,517,462,366,243,165,92,57,30,42,15,17,13014,109116,98224,110635,134532,161307,196584,223400,315649,402188,396002,358154,265579,170997,172963,1,3,1524,8519,7634,8905,10064,11233,10555,11200,13178,11511,6405,3864,2542,1461,1177,0,0,6,83,55,56,86,90,88,119,325,269,253,748,467,91,125,0,0,0,7,2,4,2,5,5,7,11,28,8,9,8,1,1,0,0,1,1,2,3,2,1,3,2,3,5,15,9,5,2,0,0,0,0,0,0,0,0,0,0,0,0,0,1,0,1,0,0,0,0,0,0,0,0,0,0,0,0,0,0,0,0,0,0,0,0,0,0,0,0,0,0,0,0,0,0,0,0,0,0,0,0,138,255,423813,596791,485237,512272,566634,628438,630075,672315,861190,972169,899141,785289,576444,367291,369255,2,6,2431,9751,8624,9776,10859,11909,11077,11669,13555,11782,6579,3965,2608,1492,1220
2021-07-08,123,240,411581,488768,387830,402487,432748,467660,433923,449242,545609,569922,503012,426457,310452,196240,196202,0,2,789,1177,874,909,734,620,523,448,396,215,141,79,59,39,35,16,18,15164,117623,106479,120306,145443,173436,208152,235722,329303,412328,402319,362406,268604,172989,174713,1,1,2150,8507,8255,9671,10911,12129,11568,12322,13654,10140,6317,4252,3025,1992,1750,0,0,6,91,58,60,90,95,93,125,334,280,263,754,474,94,126,0,0,0,8,3,4,4,5,5,6,9,11,10,6,7,3,1,0,0,1,1,2,4,2,1,3,2,4,5,15,9,5,2,0,0,0,0,0,0,1,0,0,0,0,1,0,0,0,0,0,0,0,0,0,0,0,0,0,0,0,0,0,0,0,0,0,0,0,0,0,0,0,0,0,0,0,0,0,0,0,0,0,0,0,0,139,258,426752,606483,494369,522857,578283,641192,642171,685091,875250,982535,905609,789626,579535,369325,371041,1,3,2939,9692,9132,10585,11649,12754,12096,12776,14060,10366,6468,4337,3091,2034,1786
2021-07-09,123,243,412452,489902,388785,403331,433560,468307,434534,449755,546039,570226,503175,426541,310508,196273,196225,0,3,871,1134,955,844,812,647,611,513,430,304,163,84,56,33,23,17,20,17910,126193,114161,129108,155364,184576,219124,247883,341709,421181,407899,366028,271305,175052,176537,1,2,2746,8570,7682,8802,9921,11140,10972,12161,12406,8853,5580,3622,2701,2063,1824,0,0,6,95,66,66,95,98,96,132,342,291,272,759,478,95,127,0,0,0,4,8,6,5,3,3,7,8,11,9,5,4,1,1,0,0,1,1,2,4,2,1,3,2,4,5,15,10,5,2,0,0,0,0,0,0,0,0,0,0,0,0,0,0,1,0,0,0,0,0,0,0,0,0,1,0,0,0,0,0,0,0,0,0,0,0,0,0,0,0,0,1,0,0,0,0,0,0,0,0,0,0,140,263,430369,616191,503014,532509,589022,652982,653757,697772,888094,991703,911361,793338,582296,371422,372889,1,5,3617,9708,8645,9652,10739,11790,11586,12681,12844,9168,5752,3712,2761,2097,1848
2021-07-10,123,244,413277,490965,389496,404049,434201,468911,435027,450198,546387,570463,503291,426613,310547,196298,196246,0,1,825,1063,711,718,641,604,493,443,348,237,116,72,39,25,21,17,20,20793,132826,119596,134672,161916,192094,227580,257359,351888,427582,411802,368355,273246,176324,177501,0,0,2883,6633,5435,5564,6552,7518,8456,9476,10179,6401,3903,2327,1941,1272,964,0,0,8,103,68,67,97,98,99,138,351,294,282,761,481,95,127,0,0,2,8,2,1,2,0,3,6,9,3,10,2,3,0,0,0,0,1,1,2,5,2,1,3,2,4,5,16,10,5,2,0,0,0,0,0,0,1,0,0,0,0,0,0,1,0,0,0,0,0,0,0,0,0,0,1,0,0,0,0,0,0,0,0,0,0,0,0,0,0,0,0,0,0,0,0,0,0,0,0,0,0,0,140,264,434079,623895,509162,538793,596217,661104,662709,707697,898630,998344,915391,795739,584279,372719,373874,0,1,3710,7704,6148,6284,7195,8122,8952,9925,10536,6641,4030,2401,1983,1297,985
2021-07-11,124,244,413954,491717,390107,404608,434725,469330,435374,450518,546673,570617,503381,426660,310574,196317,196255,1,0,677,752,611,559,524,419,347,320,286,154,90,47,27,19,9,17,20,23813,138392,124185,139781,167442,198115,234346,263912,358821,432053,415035,370133,274714,177251,178107,0,0,3020,5566,4589,5109,5526,6021,6766,6553,6933,4471,3233,1778,1468,927,606,0,0,9,104,71,69,99,98,102,140,355,295,284,769,483,95,128,0,0,1,1,3,2,2,0,3,2,4,1,2,8,2,0,1,0,0,1,1,2,5,2,1,3,2,4,5,16,10,5,2,0,0,0,0,0,0,0,0,0,0,0,0,0,0,0,0,0,0,0,0,0,0,0,0,1,0,0,0,0,0,0,0,0,0,0,0,0,0,0,0,0,0,0,0,0,0,0,0,0,0,0,0,141,264,437777,630214,514365,544463,602269,667544,669825,714572,905853,1002970,918716,797572,585776,373665,374490,1,0,3698,6319,5203,5670,6052,6440,7116,6875,7223,4626,3325,1833,1497,946,616
2021-07-12,124,246,414693,492821,390940,405249,435321,469879,435762,450853,547003,570830,503550,426740,310628,196350,196283,0,2,739,1104,833,641,596,549,388,335,330,213,169,80,54,33,28,17,20,27774,147112,131104,147848,176780,206915,241788,271366,366358,437795,419261,372244,276301,178243,178736,0,0,3961,8720,6919,8067,9338,8800,7442,7454,7537,5742,4226,2111,1587,992,629,0,0,9,110,76,71,102,99,103,145,361,303,293,779,485,95,128,0,0,0,6,5,2,3,1,1,5,6,8,9,10,2,0,0,0,0,1,1,2,5,2,1,3,2,4,5,16,10,5,2,0,0,0,0,0,0,0,0,0,0,0,0,0,0,0,0,0,0,0,0,0,0,0,0,1,0,0,0,0,0,0,0,0,0,0,0,0,0,0,0,0,0,0,0,0,0,0,0,0,0,0,0,141,266,442477,640044,522122,553173,612206,676894,677656,722366,913726,1008933,923120,799773,587419,374690,375147,0,2,4700,9830,7757,8710,9937,9350,7831,7794,7873,5963,4404,2201,1643,1025,657
2021-07-13,127,249,415667,494053,391923,406163,436080,470601,436306,451320,547442,571093,503756,426845,310696,196380,196306,3,3,974,1232,983,914,759,722,544,467,439,263,206,105,68,30,23,17,20,32893,157334,139420,157610,186373,216798,248861,277921,372941,442728,422838,374567,277813,179071,179215,0,0,5119,10222,8316,9762,9593,9883,7073,6555,6583,4933,3577,2323,1512,828,479,0,0,10,116,80,75,106,102,108,153,368,307,300,784,493,97,130,0,0,1,6,4,4,4,3,5,8,7,4,7,5,8,2,2,0,0,1,1,2,5,2,1,4,2,4,5,16,10,5,2,0,0,0,0,0,0,0,0,0,1,0,0,0,0,0,0,0,0,0,0,0,0,0,0,1,0,0,0,0,0,0,0,0,0,0,0,0,0,0,0,0,0,0,0,0,0,0,0,0,0,0,0,144,269,448571,651504,531425,563853,622562,687502,685279,729396,920755,1014133,926910,802206,589007,375550,375651,3,3,6094,11460,9303,10680,10356,10608,7623,7030,7029,5200,3790,2433,1588,860,504
2021-07-14,127,252,416484,495210,392832,406927,436793,471226,436795,451771,547839,571336,503882,426957,310749,196419,196337,0,3,817,1157,909,764,713,625,489,451,397,243,126,112,53,39,31,17,20,38596,167964,148338,168052,196594,227453,256923,285461,380779,449285,427047,377592,279877,180070,179826,0,0,5703,10630,8918,10442,10221,10655,8062,7540,7838,6557,4209,3025,2064,999,611,0,0,12,122,84,80,112,103,111,162,374,317,303,789,496,97,131,0,0,2,6,4,5,6,1,3,9,6,10,3,5,3,0,1,0,0,1,1,2,5,4,2,4,2,5,5,17,10,5,2,0,0,0,0,0,0,0,2,1,0,0,1,0,1,0,0,0,0,0,0,0,0,0,0,1,0,0,0,0,0,0,0,0,0,0,0,0,0,0,0,0,0,0,0,0,0,0,0,0,0,0,0,144,272,455093,663297,541256,575064,633504,698784,693833,737396,928997,1020943,931249,805348,591127,376588,376294,0,3,6522,11793,9831,11211,10942,11282,8554,8000,8242,6810,4339,3142,2120,1038,643
2021-07-15,127,254,417444,496535,393890,407900,437601,471878,437374,452249,548282,571637,504038,427052,310840,196467,196374,0,2,960,1325,1058,973,808,652,579,478,443,301,156,95,91,48,37,17,24,45373,178190,156792,177443,206277,237508,264925,293089,388417,455144,430687,380605,282291,181463,180898,0,4,6777,10226,8454,9391,9683,10055,8002,7628,7638,5859,3640,3013,2414,1393,1072,0,0,13,129,87,86,114,108,117,166,380,324,309,794,500,98,133,0,0,1,7,3,6,2,5,6,4,6,7,6,5,4,1,2,0,0,1,1,2,5,4,3,4,3,5,5,17,10,5,3,0,0,0,0,0,0,0,0,1,0,1,0,0,0,0,0,1,0,0,0,0,0,0,0,1,0,0,0,0,0,0,0,0,0,0,0,0,0,0,0,0,0,0,0,0,0,0,0,0,0,0,0,144,278,462831,674855,550771,585434,643997,709497,702420,745507,937084,1027110,935051,808461,593636,378031,377405,0,6,7738,11558,9515,10370,10493,10713,8587,8111,8087,6167,3802,3113,2509,1443,1111
2021-07-16,127,255,418430,497734,394768,408801,438391,472534,437978,452714,548687,571908,504209,427134,310888,196494,196408,0,1,986,1199,878,901,790,656,604,465,405,271,171,82,48,27,34,17,24,53562,187860,165135,186970,216252,247776,273472,301211,396642,461166,434249,383318,284257,182681,181698,0,0,8189,9670,8343,9527,9975,10268,8547,8122,8225,6022,3562,2713,1966,1218,800,0,0,13,138,91,90,119,110,120,172,387,333,312,801,503,98,134,0,0,0,9,4,4,5,2,3,6,7,9,3,7,3,0,1,0,0,1,1,2,5,4,3,4,3,5,5,17,10,6,4,0,0,0,0,0,0,0,0,0,0,0,0,0,0,0,1,1,0,0,0,0,0,0,0,1,0,0,0,0,0,0,0,0,0,0,0,0,0,0,0,0,0,0,0,0,0,0,0,0,0,0,0,144,279,472006,685733,559996,595866,654767,720423,711574,754100,945721,1033412,938787,811263,595654,379277,378240,0,1,9175,10878,9225,10432,10770,10926,9154,8593,8637,6302,3736,2802,2018,1246,835
2021-07-17,127,257,419157,498652,395498,409385,438954,472993,438378,453064,549028,572113,504319,427197,310926,196518,196418,0,2,727,918,730,584,563,459,400,350,341,205,110,63,38,24,10,17,24,59907,195099,170814,192979,222933,255151,279678,307203,402909,465496,436588,385539,285811,183500,182125,0,0,6345,7239,5679,6009,6681,7375,6206,5992,6267,4330,2339,2221,1554,819,427,0,0,14,143,91,97,122,110,121,179,392,337,318,806,508,98,134,0,0,1,5,0,7,3,0,1,7,5,4,6,5,5,0,0,0,0,1,2,2,5,4,3,4,3,5,5,17,11,6,4,0,0,0,0,1,0,0,0,0,0,0,0,0,0,1,0,0,0,0,0,0,0,0,0,1,0,0,0,0,0,0,0,0,0,0,0,0,0,0,0,0,0,0,0,0,0,0,0,0,0,0,0,144,281,479079,693896,566405,602466,662014,728257,718181,760449,952334,1037951,941242,813553,597251,380120,378677,0,2,7073,8163,6409,6600,7247,7834,6607,6349,6613,4539,2455,2290,1597,843,437
2021-07-18,127,257,419770,499329,395986,409788,439307,473309,438666,453301,549240,572248,504391,427241,310940,196526,196432,0,0,613,677,488,403,353,316,288,237,212,135,72,44,14,8,14,17,24,65054,200454,175094,197971,228217,260639,284028,311052,406605,468385,438259,387217,287019,184165,182381,0,0,5147,5355,4280,4992,5284,5488,4350,3849,3696,2889,1671,1678,1208,665,256,0,0,15,146,92,99,123,112,121,180,394,338,319,806,511,98,134,0,0,1,3,1,2,1,2,0,1,2,1,1,0,3,0,0,0,0,1,2,2,5,4,4,4,3,5,5,18,11,6,4,0,0,0,0,0,0,0,0,1,0,0,0,0,1,0,0,0,0,0,0,0,0,0,0,1,0,0,0,0,0,0,0,0,0,0,0,0,0,0,0,0,0,0,0,0,0,0,0,0,0,0,0,144,281,484840,699931,571174,607863,667652,734064,722819,764536,956244,1040976,942987,815275,598476,380793,378947,0,0,5761,6035,4769,5397,5638,5807,4638,4087,3910,3025,1745,1722,1225,673,270
2021-07-19,127,258,420494,500301,396751,410477,439925,473823,439060,453684,549544,572486,504526,427315,310983,196550,196453,0,1,724,972,765,689,618,514,394,383,304,238,135,74,43,24,21,17,24,73118,209338,181958,205402,236827,270331,290143,316455,411902,472582,440886,389648,288832,184949,182760,0,0,8064,8884,6864,7431,8610,9692,6115,5403,5297,4197,2627,2431,1813,784,379,0,0,18,152,96,105,126,115,123,183,401,343,331,813,511,99,134,0,0,3,6,4,6,3,3,2,3,7,5,12,7,0,1,0,0,0,1,2,2,5,4,5,4,3,5,5,18,11,6,4,0,0,0,0,0,0,0,0,1,0,0,0,0,0,0,0,0,0,0,0,0,0,0,0,1,0,0,0,0,0,0,0,0,0,0,0,0,0,0,0,0,0,0,0,0,0,0,0,0,0,0,0,144,282,493631,709793,578807,615989,676883,744274,729330,770325,961852,1045416,945761,817787,600332,381602,379347,0,1,8791,9862,7633,8126,9231,10210,6511,5789,5608,4440,2774,2512,1856,809,400
2021-07-20,128,260,421513,501443,397619,411349,440649,474389,439565,454093,549898,572750,504701,427419,311035,196580,196487,1,2,1019,1142,868,872,724,566,505,409,354,264,175,104,52,30,34,19,26,83177,219747,190428,214802,246841,282131,297598,323401,418617,477902,444228,392083,290419,185579,183143,2,2,10059,10409,8470,9400,10014,11800,7455,6946,6715,5320,3342,2435,1587,630,383,0,0,18,160,99,110,126,117,126,190,407,356,334,822,511,100,134,0,0,0,8,3,5,0,2,3,7,6,13,3,9,0,1,0,0,0,1,3,2,5,5,5,4,3,5,5,18,11,6,4,0,0,0,0,1,0,0,1,0,0,0,0,0,0,0,0,0,0,0,0,0,0,0,0,1,0,0,0,0,0,0,0,0,0,0,0,0,0,0,0,0,0,0,0,0,0,0,0,0,0,0,0,147,286,504709,721353,588148,626266,687622,756642,737293,777687,968927,1051013,949281,820335,601971,382263,379764,3,4,11078,11560,9341,10277,10739,12368,7963,7362,7075,5597,3520,2548,1639,661,417
2021-07-21,131,260,422432,502583,398580,412180,441401,475065,440072,454589,550285,572995,504870,427533,311091,196609,196517,3,0,919,1140,961,831,752,676,507,496,387,245,169,114,56,29,30,19,26,94498,231201,199323,223799,256798,294937,305199,330183,425294,483432,447770,394437,291858,186266,183578,0,0,11321,11454,8895,8997,9957,12806,7601,6782,6677,5530,3542,2354,1439,687,435,0,0,18,167,100,119,131,121,130,197,425,366,352,831,519,102,134,0,0,0,7,1,9,5,4,4,7,18,10,18,9,8,2,0,0,0,1,3,2,5,5,6,5,3,5,5,18,12,6,4,0,0,0,0,0,0,0,0,1,1,0,0,0,0,1,0,0,0,0,0,0,0,0,0,1,0,0,0,0,0,0,0,0,0,0,0,0,0,0,0,0,0,0,0,0,0,0,0,0,0,0,0,150,286,516949,733954,598005,636103,698336,770129,745406,784972,976009,1056798,953010,822813,603474,382981,380229,3,0,12240,12601,9857,9837,10714,13487,8113,7285,7082,5785,3729,2478,1503,718,465
2021-07-22,131,264,423412,503727,399491,413038,442189,475766,440587,455043,550715,573258,505039,427647,311161,196644,196555,0,4,980,1144,911,858,788,701,515,454,430,263,169,114,70,35,38,20,28,105753,241232,207276,231560,266137,305596,312205,336270,431550,488267,451003,397054,293460,187001,184011,1,2,11255,10031,7953,7761,9339,10659,7006,6087,6256,4835,3233,2617,1602,735,433,0,0,19,177,103,123,135,124,133,206,437,377,361,838,522,105,136,0,0,1,10,3,4,4,3,3,9,12,11,9,7,3,3,2,0,0,1,4,2,5,5,7,5,4,8,5,19,15,6,4,0,0,0,0,1,0,0,0,1,0,1,3,0,1,3,0,0,0,0,0,0,0,0,0,1,0,0,0,0,0,0,0,0,0,0,0,0,0,0,0,0,0,0,0,0,0,0,0,0,0,0,0,151,292,529185,745140,606872,644726,708467,781493,752930,791523,982710,1061907,956422,825554,605149,383754,380702,1,6,12236,11186,8867,8623,10131,11364,7524,6551,6701,5109,3412,2741,1675,773,473
2021-07-23,131,264,424340,504829,400383,413925,442883,476447,441098,455499,551115,573514,505213,427741,311220,196684,196579,0,0,928,1102,892,887,694,681,511,456,400,256,174,94,59,40,24,20,30,116551,250683,215089,240621,276227,316652,319514,342816,437764,492939,453891,399278,294775,187739,184413,0,2,10798,9451,7813,9061,10090,11056,7309,6546,6214,4672,2888,2224,1315,738,402,0,0,19,183,108,131,142,129,140,213,449,385,370,845,528,108,137,0,0,0,6,5,8,7,5,7,7,12,8,9,7,6,3,1,0,0,1,4,3,5,5,7,5,4,8,5,19,15,6,4,0,0,0,0,0,1,0,0,0,0,0,0,0,0,0,0,0,0,0,0,0,0,0,0,1,0,0,0,0,0,0,0,0,0,0,0,0,0,0,0,0,0,0,0,0,0,0,0,0,0,0,0,151,294,540911,755699,615583,654682,719258,793235,760757,798532,989336,1066843,959493,827879,606529,384535,381129,0,2,11726,10559,8711,9956,10791,11742,7827,7009,6626,4936,3071,2325,1380,781,427
2021-07-24,131,264,425021,505635,400982,414531,443407,476903,441514,455845,551399,573685,505314,427793,311250,196708,196588,0,0,681,806,599,606,524,456,416,346,284,171,101,52,30,24,9,20,31,124445,258697,221020,247183,283682,324651,325054,347892,442347,496180,455794,400851,295776,188181,184672,0,1,7894,8014,5931,6562,7455,7999,5540,5076,4583,3241,1903,1573,1001,442,259,0,0,19,187,114,134,144,136,159,244,473,408,376,853,530,108,137,0,0,0,4,6,3,2,7,19,31,24,23,6,8,2,0,0,0,0,1,4,3,5,5,7,5,4,8,5,19,15,6,4,0,0,0,0,0,0,0,0,0,0,0,0,0,0,0,0,0,0,0,0,0,0,0,0,1,0,0,0,0,0,0,0,0,0,0,0,0,0,0,0,0,0,0,0,0,0,0,0,0,0,0,0,151,295,549486,764523,622119,661853,727239,801697,766732,803985,994227,1070278,961503,829512,607562,385001,381397,0,1,8575,8824,6536,7171,7981,8462,5975,5453,4891,3435,2010,1633,1033,466,268
2021-07-25,132,266,425705,506225,401482,414996,443847,477292,441837,456080,551622,573809,505390,427839,311272,196720,196601,1,2,684,590,500,465,440,389,323,235,223,124,76,46,22,12,13,20,32,131911,264825,225959,252374,289024,330519,328860,351231,445456,498461,457318,401766,296353,188367,184810,0,1,7466,6128,4939,5191,5342,5868,3806,3339,3109,2281,1524,915,577,186,138,0,0,19,192,119,136,147,141,215,310,556,432,395,876,539,108,137,0,0,0,5,5,2,3,5,56,66,83,24,19,23,9,0,0,0,0,1,4,3,5,5,8,5,4,8,5,19,15,6,4,0,0,0,0,0,0,0,0,1,0,0,0,0,0,0,0,0,0,0,0,0,0,0,0,1,0,0,0,0,0,0,0,0,0,0,0,0,0,0,0,0,0,0,0,0,0,0,0,0,0,0,0,152,298,557636,771246,627563,667511,733024,807960,770917,807625,997642,1072707,963122,830496,608170,385199,381548,1,3,8150,6723,5444,5658,5785,6263,4185,3640,3415,2429,1619,984,608,198,151
2021-07-26,132,268,426560,507190,402204,415748,444454,477857,442284,456519,551958,574022,505524,427921,311320,196747,196622,0,2,855,965,722,752,607,565,447,439,336,213,134,82,48,27,21,20,33,142401,273494,232784,259175,296399,337917,333769,355602,449593,501566,459495,403389,297476,188948,185074,0,1,10490,8669,6825,6801,7375,7398,4909,4371,4137,3105,2177,1623,1123,581,264,0,0,20,200,122,145,149,151,292,382,657,471,439,911,561,113,137,0,0,1,8,3,9,2,10,77,72,101,39,44,35,22,5,0,0,0,1,4,3,5,5,8,5,4,8,5,19,15,7,4,0,0,0,0,0,0,0,0,0,0,0,0,0,0,0,1,0,0,0,0,0,0,0,0,2,0,0,0,0,0,0,0,0,0,0,0,0,0,0,0,0,1,0,0,0,0,0,0,0,0,0,0,152,301,568982,780888,635113,675073,741009,815933,776350,812507,1002216,1076064,965477,832236,609364,385812,381833,0,3,11346,9642,7550,7562,7985,7973,5433,4882,4574,3357,2355,1740,1194,613,285
2021-07-27,133,270,427390,508243,403028,416576,445142,478444,442784,456904,552339,574257,505666,427995,311374,196780,196648,1,2,830,1053,824,828,688,587,500,385,381,235,142,74,54,33,26,20,33,151967,282324,239311,265472,303097,344750,338588,359740,453717,504869,461800,404832,298538,189460,185397,0,0,9566,8830,6527,6297,6698,6833,4819,4138,4124,3303,2305,1443,1062,512,323,0,1,20,207,125,149,153,156,356,477,751,504,487,941,574,114,138,0,1,0,7,3,4,4,5,64,95,94,33,48,30,13,1,1,0,0,1,4,3,5,5,8,5,5,8,5,19,17,8,4,0,0,0,0,0,0,0,0,0,0,1,0,0,0,2,1,0,0,0,0,0,0,0,0,2,0,0,0,0,0,0,0,0,0,0,0,0,0,0,0,0,0,0,0,0,0,0,0,0,0,0,0,153,304,579378,790778,642467,682202,748399,823358,781733,817126,1006815,1079635,967972,833785,610494,386358,382183,1,3,10396,9890,7354,7129,7390,7425,5383,4619,4599,3571,2495,1549,1130,546,350
2021-07-28,134,271,428328,509291,403881,417396,445834,479061,443331,457297,552675,574506,505831,428098,311414,196817,196681,1,1,938,1048,853,820,692,617,547,393,336,249,165,103,40,37,33,21,36,161934,291158,245869,272012,309330,351023,342908,363641,457512,507772,464177,406353,299611,189916,185716,1,3,9967,8834,6558,6540,6233,6273,4320,3901,3795,2903,2377,1521,1073,456,319,0,1,21,213,131,154,161,164,404,550,836,538,508,971,585,116,139,0,0,1,6,6,5,8,8,48,73,85,34,21,30,11,2,1,0,0,1,4,3,5,6,9,8,5,8,5,19,18,8,4,0,0,0,0,0,0,0,1,1,3,0,0,0,0,1,0,0,0,0,0,0,0,0,0,2,0,0,0,0,0,0,0,0,0,0,0,0,0,0,0,0,0,0,0,0,0,0,0,0,0,0,0,155,308,590284,800666,649884,689567,755333,830257,786651,821493,1011031,1082821,970535,835440,611618,386853,382536,2,4,10906,9888,7417,7365,6934,6899,4918,4367,4216,3186,2563,1655,1124,495,353
2021-07-29,135,272,429144,510275,404773,418206,446575,479646,443808,457712,553003,574734,505963,428201,311476,196847,196708,1,1,816,984,892,810,741,585,477,415,328,228,132,103,62,30,27,21,37,171155,300008,252175,278267,315051,356719,347087,367486,461442,510549,466407,407842,300589,190321,185987,0,1,9221,8850,6306,6255,5721,5696,4179,3845,3930,2777,2230,1489,978,405,271,0,1,23,218,135,162,164,175,458,614,909,559,536,1001,597,117,141,0,0,2,5,4,8,3,11,54,64,73,21,28,30,12,1,2,0,0,1,4,3,6,7,9,8,5,8,6,19,18,9,4,0,0,0,0,0,0,1,1,0,0,0,0,1,0,0,1,0,0,0,0,0,0,0,0,2,0,0,0,0,0,0,0,0,0,0,0,0,0,0,0,0,0,0,0,0,0,0,0,0,0,0,0,156,310,600323,810505,657086,696641,761799,836549,791361,825817,1015362,1085848,972925,837062,612671,387289,382836,1,2,10039,9839,7202,7074,6466,6292,4710,4324,4331,3027,2390,1622,1053,436,300
2021-07-30,138,272,430139,511294,405639,419073,447295,480270,444329,458151,553404,574975,506127,428292,311525,196875,196741,3,0,995,1019,866,867,720,624,521,439,401,241,164,91,49,28,33,23,38,181462,309558,259468,285668,322230,363862,352491,372182,466341,513789,468658,409142,301388,190706,186202,2,1,10307,9550,7293,7401,7179,7143,5404,4696,4899,3240,2251,1300,799,385,215,0,1,26,227,138,166,171,181,522,691,1027,583,566,1028,606,121,142,0,0,3,9,3,4,7,6,64,77,118,24,30,27,9,4,1,0,0,1,4,3,7,7,10,8,5,8,8,20,18,10,4,0,0,0,0,0,0,1,0,1,0,0,0,2,1,0,1,0,0,0,0,0,0,0,0,2,0,0,0,0,0,0,0,0,0,0,0,0,0,0,0,0,0,0,0,0,0,0,0,0,0,0,0,161,311,611628,821083,665248,704914,769705,844323,797350,831029,1020780,1089355,975371,838480,613529,387706,383085,5,1,11305,10578,8162,8273,7906,7774,5989,5212,5418,3507,2446,1418,858,417,249
2021-07-31,138,272,430955,512090,406304,419666,447850,480808,444715,458469,553674,575140,506217,428344,311565,196884,196756,0,0,816,796,665,593,555,538,386,318,270,165,90,52,40,9,15,23,40,189580,317583,264704,290625,327101,368978,356394,375744,470069,516182,470568,410113,301992,190957,186359,0,2,8118,8025,5236,4957,4871,5116,3903,3562,3728,2393,1910,971,604,251,157,0,1,29,230,141,169,175,188,573,745,1096,599,581,1042,611,121,142,0,0,3,3,3,3,4,7,51,54,69,16,15,14,5,0,0,0,0,1,5,5,7,7,10,8,6,9,9,20,18,10,4,0,0,0,0,1,2,0,0,0,0,1,1,1,0,0,0,0,0,0,0,0,0,0,0,2,0,0,0,0,0,0,0,0,0,0,0,0,0,0,0,0,0,0,0,0,0,0,0,0,0,0,0,161,313,620565,829908,671154,710467,775135,849984,801690,834964,1024848,1091930,977386,839517,614178,387966,383257,0,2,8937,8825,5906,5553,5430,5661,4340,3935,4068,2575,2015,1037,649,260,172
2021-08-01,138,273,431650,512654,406804,420081,448272,481121,444995,458683,553868,575249,506301,428388,311586,196893,196763,0,1,695,564,500,415,422,313,280,214,194,109,84,44,21,9,7,24,40,195957,322953,268127,293610,329939,371861,358642,377782,472649,518046,471884,410717,302362,191083,186447,1,0,6377,5370,3423,2985,2838,2883,2248,2038,2580,1864,1316,604,370,126,88,0,1,31,238,147,172,178,191,608,795,1155,616,605,1054,621,121,142,0,0,2,8,6,3,3,3,35,50,59,17,24,12,10,0,0,0,0,2,5,5,7,7,11,9,6,10,9,21,18,12,4,0,0,0,1,0,0,0,0,1,1,0,1,0,1,0,2,0,0,0,0,0,0,0,0,2,0,0,0,0,0,0,0,0,0,0,0,0,0,0,0,0,0,0,0,0,0,0,0,0,0,0,0,162,314,627640,835850,675083,713870,778398,853184,804254,837266,1027682,1093920,978811,840177,614581,388101,383352,1,1,7075,5942,3929,3403,3263,3200,2564,2302,2834,1990,1425,660,403,135,95
2021-08-02,139,273,432568,513540,407537,420793,448893,481621,445409,459011,554182,575419,506420,428457,311631,196916,196780,1,0,918,886,733,712,621,500,414,328,314,170,119,69,45,23,17,24,40,204628,329137,272294,297790,333853,375646,361461,380200,475617,520354,473474,411696,302888,191293,186599,0,0,8671,6184,4167,4180,3914,3785,2819,2418,2968,2308,1590,979,526,210,152,0,1,31,251,150,178,182,200,669,850,1257,653,623,1074,631,123,144,0,0,0,13,3,6,4,9,61,55,102,37,18,20,10,2,2,0,0,2,5,5,7,7,11,9,6,10,9,21,18,12,4,0,0,0,0,0,0,0,0,0,0,0,0,0,0,0,0,0,0,0,0,0,0,0,0,2,0,0,0,0,0,0,0,0,0,0,0,0,0,0,0,0,0,0,0,0,0,0,0,0,0,0,0,163,314,637229,842933,679986,718768,782937,857478,807548,840067,1031066,1096435,980538,841245,615162,388336,383523,1,0,9589,7083,4903,4898,4539,4294,3294,2801,3384,2515,1727,1068,581,235,171
2021-08-03,139,274,433413,514464,408286,421478,449485,482119,445793,459362,554511,575629,506549,428539,311673,196947,196806,0,1,845,924,749,685,592,498,384,351,329,210,129,82,42,31,26,24,41,212488,334831,276388,301912,337713,379413,364156,382629,478635,522623,475096,412477,303365,191500,186750,0,1,7860,5694,4094,4122,3860,3767,2695,2429,3018,2269,1622,781,477,207,151,0,1,31,257,156,182,183,204,747,922,1350,678,644,1098,640,123,145,0,0,0,6,6,4,1,4,78,72,93,25,21,24,9,0,1,0,0,2,5,5,8,7,13,9,7,11,9,22,20,12,4,0,0,0,0,0,0,1,0,2,0,1,1,0,1,2,0,0,0,0,0,0,0,0,0,2,0,0,0,1,0,0,0,0,0,0,0,0,0,0,0,0,0,0,0,0,1,0,0,0,0,0,0,163,316,645934,849557,684835,723580,787390,861749,810705,842920,1034508,1098939,982311,842134,615690,388574,383701,0,2,8705,6624,4849,4812,4453,4271,3157,2853,3442,2504,1773,889,528,238,178
2021-08-04,140,278,434172,515330,409043,422155,450084,482672,446181,459731,554817,575857,506670,428618,311724,196973,196832,1,4,759,866,757,677,599,553,388,369,306,228,121,79,51,26,26,24,42,219421,340305,280599,305868,341378,383043,366843,385081,481579,524720,476721,413276,303898,191729,186943,0,1,6933,5474,4211,3956,3665,3630,2687,2452,2944,2097,1625,799,533,229,193,0,1,31,268,156,186,191,215,808,983,1470,712,672,1127,656,124,147,0,0,0,11,0,4,8,11,61,61,120,34,28,29,16,1,2,0,0,3,5,6,8,7,13,9,7,11,9,22,21,13,4,0,0,0,1,0,1,0,0,0,0,0,0,0,0,1,1,0,0,0,0,0,0,0,0,2,0,0,0,1,0,0,0,0,0,0,0,0,0,0,0,0,0,0,0,0,0,0,0,0,0,0,0,164,321,653627,855908,689804,728217,791662,865943,813841,845802,1037878,1101298,984085,843042,616291,388830,383922,1,5,7693,6351,4969,4637,4272,4194,3136,2882,3370,2359,1774,908,601,256,221
2021-08-05,140,278,435213,516485,410075,423105,450917,483389,446741,460185,555241,576102,506858,428729,311784,197023,196868,0,0,1041,1155,1032,950,833,717,560,454,424,245,188,111,60,50,36,24,42,227277,345965,285053,310239,345581,387061,369879,387786,484639,527197,478392,414111,304396,191997,187134,0,0,7856,5660,4454,4371,4203,4018,3036,2705,3060,2477,1671,835,498,268,191,0,1,38,279,163,195,193,220,891,1067,1597,752,708,1156,684,128,147,0,0,7,11,7,9,2,5,83,84,127,40,36,29,28,4,0,0,0,3,5,7,8,7,13,9,8,12,12,22,24,20,4,0,0,0,0,0,1,0,0,0,0,1,1,3,0,3,7,0,0,0,0,0,0,0,0,2,0,0,0,1,0,0,0,0,0,0,0,0,0,0,0,0,0,0,0,0,0,0,0,0,0,0,0,164,321,662531,862734,695298,733547,796700,870683,817520,849046,1041490,1104063,985980,844020,616884,389152,384149,0,0,8904,6826,5494,5330,5038,4740,3679,3244,3612,2765,1895,978,593,322,227
2021-08-06,140,278,436349,517846,411359,424280,451894,484265,447474,460734,555670,576419,507052,428830,311855,197059,196898,0,0,1136,1361,1284,1175,977,876,733,549,429,317,194,101,71,36,30,24,42,235392,351878,290156,315256,350513,392019,373753,391109,488299,529626,479844,414898,304895,192244,187309,0,0,8115,5913,5103,5017,4932,4958,3874,3323,3660,2429,1452,787,499,247,175,0,1,41,286,167,204,202,229,992,1184,1756,787,766,1193,709,135,148,0,0,3,7,4,9,9,9,101,117,159,35,58,37,25,7,1,0,0,3,5,7,8,7,13,9,10,13,14,23,29,24,4,0,0,0,0,0,0,0,0,0,0,2,1,2,1,5,4,0,0,0,0,0,0,0,0,2,0,0,0,1,0,0,0,0,0,0,0,0,0,0,0,0,0,0,0,0,0,0,0,0,0,0,0,164,321,671785,870015,701689,739748,802618,876526,822228,853037,1045739,1106846,987685,844950,617483,389442,384355,0,0,9254,7281,6391,6201,5918,5843,4708,3991,4249,2783,1705,930,599,290,206
2021-08-07,141,279,437330,518910,412281,425050,452610,484871,447975,461167,556034,576643,507159,428902,311889,197072,196914,1,1,981,1064,922,770,716,606,501,433,364,224,107,72,34,13,16,24,42,242299,357176,294146,319055,354253,395952,376625,393859,491328,531629,481081,415526,305287,192437,187431,0,0,6907,5298,3990,3799,3740,3933,2872,2750,3029,2003,1237,628,392,193,122,0,1,41,296,172,206,208,236,1056,1250,1848,814,788,1208,717,135,148,0,0,0,10,5,2,6,7,64,66,92,27,22,15,8,0,0,0,0,3,6,7,8,7,13,9,11,14,14,25,34,25,4,0,0,0,0,1,0,0,0,0,0,1,1,0,2,5,1,0,0,0,0,0,0,0,0,2,0,0,0,1,0,0,0,0,0,0,0,0,0,0,0,0,0,0,0,0,0,0,0,0,0,0,0,165,322,679673,876388,706606,744319,807080,881072,825665,856287,1049225,1109100,989053,845670,617918,389648,384493,1,1,7888,6373,4917,4571,4462,4546,3437,3250,3486,2254,1368,720,435,206,138
2021-08-08,142,280,438134,519578,412899,425612,453087,485309,448292,461398,556228,576762,507218,428940,311913,197084,196926,1,1,804,668,618,562,477,438,317,231,194,119,59,38,24,12,12,25,43,247147,360561,296464,321308,356416,398073,378294,395352,493068,532987,481939,415873,305506,192534,187503,1,1,4848,3385,2318,2253,2163,2121,1669,1493,1740,1358,858,347,219,97,72,0,1,42,301,174,210,213,238,1104,1299,1907,825,811,1224,726,135,148,0,0,1,5,2,4,5,2,48,49,59,11,23,16,9,0,0,0,0,3,6,7,8,7,13,10,11,17,14,27,35,26,4,0,0,0,0,0,0,0,0,0,1,0,3,0,2,1,1,0,0,0,0,0,0,0,0,2,0,0,0,1,0,0,0,0,0,0,0,0,0,0,0,0,0,0,0,0,0,0,0,0,0,0,0,167,324,685326,880446,709544,747138,809725,883633,827700,858060,1051221,1110588,989995,846072,618171,389757,384577,2,2,5653,4058,2938,2819,2645,2561,2035,1773,1996,1488,942,402,253,109,84
2021-08-09,142,282,439143,520639,413823,426435,453798,485851,448693,461763,556565,576975,507351,429014,311974,197112,196943,0,2,1009,1061,924,823,711,542,401,365,337,213,133,74,61,28,17,25,44,254601,365156,300015,324702,359547,401077,380674,397326,495082,534620,482904,416320,305810,192669,187610,0,1,7454,4595,3551,3394,3131,3004,2380,1974,2014,1633,965,447,304,135,107,0,1,43,311,177,216,218,244,1190,1395,2033,859,853,1254,739,136,148,0,0,1,10,3,6,5,6,86,96,126,34,42,30,13,1,0,0,0,3,6,7,8,8,14,10,12,17,14,27,36,27,4,0,0,0,0,0,0,0,1,1,0,1,0,0,0,1,1,0,0,0,0,0,0,0,0,2,0,0,0,1,0,0,0,0,0,0,0,0,0,0,0,0,0,0,0,0,0,0,0,0,0,0,0,167,327,693790,886112,714022,751361,813573,887186,830567,860496,1053698,1112468,991135,846624,618550,389921,384701,0,3,8464,5666,4478,4223,3848,3553,2867,2436,2477,1880,1140,552,379,164,124
2021-08-10,142,284,440067,521840,414885,427350,454559,486486,449157,462175,556918,577200,507487,429111,312039,197151,196975,0,2,924,1201,1062,915,761,635,464,412,353,225,136,97,65,39,32,26,46,260070,369169,303068,327690,362197,403656,382720,399131,497053,536201,483745,416748,306086,192796,187721,1,2,5469,4013,3053,2988,2650,2579,2046,1805,1971,1581,841,428,276,127,111,0,1,45,322,182,223,225,257,1262,1491,2137,897,886,1284,758,137,149,0,0,2,11,5,7,7,13,72,96,104,38,33,30,19,1,1,0,0,3,6,7,8,8,14,10,12,20,15,30,42,27,4,0,0,0,0,0,0,0,0,0,0,0,3,1,3,6,0,0,0,0,0,0,0,0,0,2,0,0,0,1,0,0,0,0,0,0,0,0,0,0,0,0,0,0,0,0,0,0,0,0,0,0,0,168,331,700185,891337,718142,755271,816991,890413,833149,862809,1056129,1114313,992148,847185,618910,390088,384845,1,4,6395,5225,4120,3910,3418,3227,2582,2313,2431,1845,1013,561,360,167,144
2021-08-11,143,285,441299,523477,416261,428566,455543,487267,449689,462696,557346,577499,507691,429235,312131,197199,197030,1,1,1232,1637,1376,1216,984,781,532,521,428,299,204,124,92,48,55,27,47,266420,373553,306368,330930,365257,406650,385071,401290,499145,538021,484818,417267,306415,192974,187885,1,1,6350,4384,3300,3240,3060,2994,2351,2159,2092,1820,1073,519,329,178,164,0,1,46,329,186,229,236,263,1342,1584,2244,920,923,1321,775,139,152,0,0,1,7,4,6,11,6,80,93,107,23,37,37,17,2,3,0,0,3,7,8,8,8,14,11,13,20,17,32,43,27,4,0,0,0,0,1,1,0,0,0,1,1,0,2,2,1,0,0,0,0,0,0,0,0,0,2,0,0,0,1,0,0,0,0,0,0,0,0,0,0,0,0,0,0,0,0,0,0,0,0,0,0,0,170,333,707768,897366,722823,759733,821046,894194,836113,865583,1058756,1116457,993464,847866,619348,390316,385067,2,2,7583,6029,4681,4462,4055,3781,2964,2774,2627,2144,1316,681,438,228,222
2021-08-12,143,286,442868,525162,417802,430005,456669,488201,450350,463268,557848,577839,507941,429369,312209,197233,197073,0,1,1569,1685,1541,1439,1126,934,661,572,502,340,250,134,78,34,43,28,49,273407,378436,309973,334399,368585,410078,387826,403797,501525,540076,486200,417840,306798,193168,188049,1,2,6987,4883,3605,3469,3328,3428,2755,2507,2380,2055,1382,573,383,194,164,0,1,48,343,194,235,244,278,1444,1690,2396,963,958,1358,793,145,156,0,0,2,14,8,6,8,15,102,106,152,43,35,37,18,6,4,0,0,3,7,8,8,8,14,12,13,23,18,33,43,28,4,0,0,0,0,0,0,0,0,0,1,0,3,1,1,0,1,0,0,0,0,0,0,0,0,2,0,0,0,1,0,0,0,0,0,0,0,0,0,0,0,0,0,0,0,0,0,0,0,0,0,0,0,171,336,716326,903948,727977,764647,825508,898571,839632,868768,1061793,1118896,995132,848610,619828,390550,385278,1,3,8558,6582,5154,4914,4462,4377,3519,3185,3037,2439,1668,744,480,234,211
2021-08-13,144,287,444275,526817,419269,431304,457658,489069,451030,463809,558312,578135,508126,429475,312272,197264,197098,1,1,1407,1655,1467,1299,989,868,680,541,464,296,185,106,63,31,25,28,51,282881,385856,315495,339268,373092,414277,391408,406990,504322,542152,487477,418354,307163,193374,188244,0,2,9474,7420,5522,4869,4507,4199,3582,3193,2797,2076,1277,514,365,206,195,0,1,51,353,205,247,256,282,1570,1824,2525,991,989,1381,816,152,156,0,0,3,10,11,12,12,4,126,134,129,28,31,23,23,7,0,0,0,4,7,9,8,9,14,12,14,24,20,33,46,30,4,0,0,0,1,0,1,0,1,0,0,1,1,2,0,3,2,0,0,0,0,0,0,0,0,2,0,0,0,1,0,0,0,0,0,0,0,0,0,0,0,0,0,0,0,0,0,0,0,0,0,0,0,172,339,727211,913033,734978,770827,831017,903642,844020,872637,1065184,1121298,996625,849256,620281,390794,385498,1,3,10885,9085,7001,6180,5509,5071,4388,3869,3391,2402,1493,646,453,244,220
2021-08-14,144,288,445472,528074,420344,432262,458494,489760,451594,464257,558669,578367,508239,429554,312313,197277,197106,0,1,1197,1257,1075,958,836,691,564,448,357,232,113,79,41,13,8,29,51,291677,393210,320364,343179,376686,417876,394349,409699,506739,544035,488502,418768,307452,193514,188335,1,0,8796,7354,4869,3911,3594,3599,2941,2709,2417,1883,1025,414,289,140,91,0,1,54,365,211,257,260,292,1646,1911,2615,1014,1010,1398,822,152,158,0,0,3,12,6,10,4,10,76,87,90,23,21,17,6,0,2,0,0,4,7,9,8,9,14,13,16,25,21,33,46,31,4,0,0,0,0,0,0,0,0,0,1,2,1,1,0,0,1,0,0,0,0,0,0,0,0,2,0,0,0,1,0,0,0,0,0,0,0,0,0,0,0,0,0,0,0,0,0,0,0,0,0,0,0,173,340,737207,921656,740928,775706,835451,907942,847602,875883,1068049,1123437,997784,849766,620618,390947,385599,1,1,9996,8623,5950,4879,4434,4300,3582,3246,2865,2139,1159,510,337,153,101
2021-08-15,144,288,446541,529092,421220,432973,459061,490220,451954,464566,558891,578529,508325,429603,312349,197294,197114,0,0,1069,1018,876,711,567,460,360,309,222,162,86,49,36,17,8,29,51,299265,398533,323518,345886,379121,420230,396306,411420,508282,545179,489145,419006,307597,193584,188386,0,0,7588,5323,3154,2707,2435,2354,1957,1721,1543,1144,643,238,145,70,51,0,1,56,369,213,263,269,297,1697,1961,2670,1033,1021,1410,831,153,159,0,0,2,4,2,6,9,5,51,50,55,19,11,12,9,1,1,0,0,4,8,9,8,9,14,13,17,25,22,34,46,31,4,0,0,0,0,1,0,0,0,0,0,1,0,1,1,0,0,0,0,0,0,0,0,0,0,2,0,0,0,1,0,0,0,0,0,0,0,0,0,0,0,0,0,0,0,0,0,0,0,0,0,0,0,173,340,745866,928002,744960,779130,838462,910761,849970,877964,1069869,1124763,998525,850065,620808,391035,385659,0,0,8659,6346,4032,3424,3011,2819,2368,2081,1820,1326,741,299,190,88,60
2021-08-16,144,288,447949,530396,422297,433988,459806,490886,452456,464958,559236,578757,508454,429703,312390,197332,197139,0,0,1408,1304,1077,1015,745,666,502,392,345,228,129,100,41,38,25,29,51,309062,403906,326938,348970,381899,422828,398368,413244,509890,546479,489884,419363,307828,193711,188491,0,0,9797,5373,3420,3084,2778,2598,2062,1824,1608,1300,739,357,231,127,105,0,1,59,381,220,275,273,305,1764,2032,2789,1065,1042,1440,850,156,159,0,0,3,12,7,12,4,8,67,71,119,32,21,30,19,3,0,0,0,4,8,10,11,9,14,13,19,27,25,36,47,31,4,0,0,0,0,0,1,3,0,0,0,2,2,3,2,1,0,0,0,0,0,0,0,0,0,2,0,0,0,1,0,0,0,0,0,0,0,0,0,0,0,0,0,0,0,0,0,0,0,0,0,0,0,173,340,757074,934691,749465,783244,841989,914033,852601,880253,1071943,1126326,999416,850553,621099,391203,385789,0,0,11208,6689,4505,4114,3527,3272,2631,2289,2074,1563,891,488,291,168,130
2021-08-17,144,291,449314,531638,423372,434906,460579,491510,452967,465351,559556,578989,508622,429782,312448,197361,197160,0,3,1365,1242,1075,918,773,624,511,393,320,232,168,79,58,29,21,29,51,318344,408892,330242,352141,384854,425369,400523,415030,511545,547763,490702,419746,308094,193849,188595,0,0,9282,4986,3304,3171,2955,2541,2155,1786,1655,1284,818,383,266,138,104,0,1,68,393,228,283,280,320,1851,2119,2912,1100,1071,1467,882,158,160,0,0,9,12,8,8,7,15,87,87,123,35,29,27,32,2,1,0,0,4,8,10,11,9,14,13,19,27,26,37,49,31,4,0,0,0,0,0,0,0,0,0,0,0,0,1,1,2,0,0,0,0,0,0,0,0,0,2,0,0,0,1,0,0,0,0,0,0,0,0,0,0,0,0,0,0,0,0,0,0,0,0,0,0,0,173,343,767730,940931,753852,787341,845724,917213,855354,882519,1074041,1127878,1000432,851044,621455,391372,385915,0,3,10656,6240,4387,4097,3735,3180,2753,2266,2098,1552,1016,491,356,169,126
2021-08-18,144,295,450673,532979,424439,435900,461336,492145,453495,465785,559919,579238,508771,429883,312514,197403,197192,0,4,1359,1341,1067,994,757,635,528,434,363,249,149,101,66,42,32,29,51,327790,413550,333465,355110,387595,428066,402793,416958,513350,549515,491697,420207,308383,194006,188756,0,0,9446,4658,3223,2969,2741,2697,2270,1928,1805,1752,995,461,289,157,161,0,1,72,404,230,285,287,330,1940,2234,3069,1145,1102,1515,901,159,162,0,0,4,11,2,2,7,10,89,115,157,45,31,48,19,1,2,0,0,4,9,11,11,12,15,14,20,28,26,40,53,34,4,0,0,0,0,1,1,0,3,1,1,1,1,0,3,4,3,0,0,0,0,0,0,0,0,2,0,0,0,1,0,0,0,0,0,0,0,0,0,0,0,0,0,0,0,0,0,0,0,0,0,0,0,173,347,778539,946942,758145,791306,849232,920556,858242,884997,1076367,1129924,1001610,851658,621832,391572,386110,0,4,10809,6011,4293,3965,3508,3343,2888,2478,2326,2046,1178,614,377,200,195
2021-08-19,145,303,452153,534343,425483,436896,462182,492899,454024,466239,560253,579489,508918,429992,312566,197434,197234,1,8,1480,1364,1044,996,846,754,529,454,334,251,147,109,52,31,42,30,53,336311,417828,336330,357937,390209,430620,404868,418726,515001,550996,492727,420671,308643,194140,188873,1,2,8521,4278,2865,2827,2614,2554,2075,1768,1651,1481,1030,464,260,134,117,0,1,76,414,238,289,303,345,2025,2321,3180,1168,1118,1543,920,159,162,0,0,4,10,8,4,16,15,85,87,111,23,16,28,19,0,0,0,0,4,10,11,11,13,15,15,20,32,26,44,54,34,4,0,0,0,0,1,0,0,1,0,1,0,4,0,4,1,0,0,0,0,0,0,0,0,0,2,0,0,0,1,0,0,0,0,0,0,0,0,0,0,0,0,0,0,0,0,0,0,0,0,0,0,0,175,357,788544,952595,762062,795133,852709,923879,860932,887306,1078467,1131679,1002807,852260,622163,391737,386269,2,10,10005,5653,3917,3827,3477,3323,2690,2309,2100,1755,1197,602,331,165,159
2021-08-20,147,308,453463,535735,426604,437943,463098,493617,454575,466726,560634,579724,509067,430072,312630,197467,197258,2,5,1310,1392,1121,1047,916,718,551,487,381,235,149,80,64,33,24,30,53,345175,422732,340336,361657,393684,434016,407544,421144,517094,552597,493663,421125,308907,194276,188975,0,0,8864,4904,4006,3720,3475,3396,2676,2418,2093,1601,936,454,264,136,102,0,1,80,429,244,295,311,354,2127,2416,3348,1207,1145,1576,934,161,166,0,0,4,15,6,6,8,9,102,95,168,39,27,33,14,2,4,0,0,4,10,12,11,14,16,18,22,32,27,46,54,36,4,0,0,0,0,0,1,0,1,1,3,2,0,1,2,0,2,0,0,0,0,0,0,0,0,2,0,0,0,1,0,0,0,0,0,0,0,0,0,0,0,0,0,0,0,0,0,0,0,0,0,0,0,177,362,798722,958906,767196,799906,857109,928003,864264,890308,1081109,1133555,1003921,852827,622507,391908,386399,2,5,10178,6311,5134,4773,4400,4124,3332,3002,2642,1876,1114,567,344,171,130
2021-08-21,147,311,454489,536758,427447,438663,463692,494170,455020,467063,560909,579886,509155,430132,312663,197482,197275,0,3,1026,1023,843,720,594,553,445,337,275,162,88,60,33,15,17,31,53,352371,427647,343731,364756,396498,436763,409699,423273,519038,553968,494253,421393,309067,194357,189042,1,0,7196,4915,3395,3099,2814,2747,2155,2129,1944,1371,590,268,160,81,67,0,1,82,441,247,299,319,362,2187,2469,3425,1227,1162,1592,942,163,166,0,0,2,12,3,4,8,8,60,53,77,20,17,16,8,2,0,0,0,4,10,12,11,14,18,18,22,35,29,48,56,37,5,0,0,0,0,0,0,0,0,2,0,0,3,2,2,2,1,1,0,0,0,0,0,0,0,2,0,0,0,1,0,0,0,0,0,0,0,0,0,0,0,0,0,0,0,0,0,0,0,0,0,0,0,178,365,806946,964856,771437,803729,860525,931313,866924,892827,1083408,1135110,1004618,853173,622709,392007,386483,1,3,8224,5950,4241,3823,3416,3310,2660,2519,2299,1555,697,346,202,99,84
2021-08-22,147,316,455378,537447,427958,439131,464086,494511,455284,467262,561090,579980,509207,430158,312683,197490,197288,0,5,889,689,511,468,394,341,264,199,181,94,52,26,20,8,13,31,54,357767,431027,346157,366892,398472,438633,411186,424715,520235,554787,494622,421581,309186,194416,189085,0,1,5396,3380,2426,2136,1974,1870,1487,1442,1197,819,369,188,119,59,43,0,1,84,444,253,305,323,369,2232,2518,3491,1239,1178,1605,952,165,166,0,0,2,3,6,6,4,7,45,49,66,12,16,13,10,2,0,0,0,4,10,12,11,14,18,18,23,36,30,52,57,37,6,0,0,0,0,0,0,0,0,0,0,1,1,1,4,1,0,1,0,0,0,0,0,0,0,2,0,0,0,1,0,0,0,0,0,0,0,0,0,0,0,0,0,0,0,0,0,0,0,0,0,0,0,178,371,813233,968928,774380,806339,862897,933531,868720,894518,1084853,1136036,1005059,853401,622858,392077,386539,0,6,6287,4072,2943,2610,2372,2218,1796,1691,1445,926,441,228,149,70,56
2021-08-23,147,322,456546,538605,428872,439968,464720,495048,455670,467587,561366,580128,509339,430232,312722,197520,197309,0,6,1168,1158,914,837,634,537,386,325,276,148,132,74,39,30,21,31,55,363668,434598,348858,369358,400820,440698,412891,426208,521658,555730,495109,421846,309333,194502,189149,0,1,5901,3571,2701,2466,2348,2065,1705,1493,1423,943,487,265,147,86,64,0,1,91,462,259,309,332,378,2309,2605,3593,1281,1208,1624,962,169,167,0,0,7,18,6,4,9,9,77,87,102,42,30,19,10,4,1,0,0,4,11,14,12,14,18,18,25,40,31,57,62,41,6,0,0,0,0,1,2,1,0,0,0,2,4,1,5,5,4,0,0,0,0,0,0,0,0,2,0,0,0,1,0,0,0,0,0,0,0,0,0,0,0,0,0,0,0,0,0,0,0,0,0,0,0,178,378,820309,973676,778003,809647,865888,936142,870888,896425,1086658,1137170,1005713,853764,623058,392197,386625,0,7,7076,4748,3623,3308,2991,2611,2168,1907,1805,1134,654,363,200,120,86
2021-08-24,147,331,457611,539783,429697,440702,465328,495533,456029,467889,561636,580288,509438,430294,312766,197550,197342,0,9,1065,1178,825,734,608,485,359,302,270,160,99,62,44,30,33,33,56,368032,437683,351059,371467,402710,442348,414323,427554,522864,556648,495622,422119,309501,194611,189244,2,1,4364,3085,2201,2109,1890,1650,1432,1346,1206,918,513,273,168,109,95,0,1,93,483,266,316,348,386,2374,2703,3716,1317,1233,1645,967,170,168,0,0,2,21,7,7,16,8,65,98,123,36,25,21,5,1,1,0,0,4,11,14,13,14,18,18,26,45,33,69,63,42,6,0,0,0,0,0,0,1,0,0,0,1,5,2,12,1,1,0,0,0,0,0,0,0,0,2,0,0,0,1,0,0,0,0,0,0,0,0,0,0,0,0,0,0,0,0,0,0,0,0,0,0,0,180,388,825740,977960,781036,812498,868402,938285,872744,898172,1088262,1138286,1006362,854121,623276,392337,386754,2,10,5431,4284,3033,2851,2514,2143,1856,1747,1604,1116,649,357,218,140,129
2021-08-25,147,335,459188,541241,430843,441783,466125,496261,456509,468281,561943,580477,509607,430397,312847,197594,197380,0,4,1577,1458,1146,1081,797,728,480,392,307,189,169,103,81,44,38,33,56,372497,441145,353648,373839,404740,444340,416007,429046,524300,557810,496166,422425,309687,194733,189349,0,0,4465,3462,2589,2372,2030,1992,1684,1492,1436,1162,544,306,186,122,105,0,1,95,522,283,326,359,395,2452,2808,3828,1349,1261,1669,983,173,168,0,0,2,39,17,10,11,9,78,105,112,32,28,24,16,3,0,0,0,4,12,16,13,14,18,19,26,51,35,76,66,47,6,0,0,0,0,1,2,0,0,0,1,0,6,2,7,3,5,0,0,0,0,0,0,0,0,2,0,0,0,1,0,0,0,0,0,0,0,0,0,0,0,0,0,0,0,0,0,0,0,0,0,0,0,180,392,831784,982920,784790,815961,871240,941014,874987,900161,1090123,1139671,1007110,854557,623564,392506,386897,0,4,6044,4960,3754,3463,2838,2729,2243,1989,1861,1385,748,436,288,169,143
2021-08-26,148,337,460716,542961,432089,442978,467097,497055,457105,468772,562397,580737,509747,430507,312914,197640,197409,1,2,1528,1720,1246,1195,972,794,596,491,454,260,140,110,67,46,29,33,56,376604,444671,356301,376418,406913,446435,417864,430694,525949,559176,496848,422771,309925,194860,189473,0,0,4107,3526,2653,2579,2173,2095,1857,1648,1649,1366,682,346,238,127,124,0,1,96,569,295,335,371,409,2523,2896,3958,1392,1301,1689,999,173,171,0,0,1,47,12,9,12,14,71,88,130,43,40,20,16,0,3,0,0,4,13,16,14,14,18,19,31,54,37,79,70,48,6,0,0,0,0,1,0,1,0,0,0,5,3,2,3,4,1,0,0,0,0,0,0,0,0,2,1,0,0,1,0,0,0,0,0,0,0,0,0,0,0,0,0,1,0,0,0,0,0,0,0,0,0,181,394,837420,988214,788701,819745,874397,943918,877511,902393,1092359,1141342,1007975,855037,623886,392679,387053,1,2,5636,5294,3911,3784,3157,2904,2524,2232,2236,1671,865,480,322,173,156
2021-08-27,149,342,462252,544536,433435,444172,468128,497885,457740,469287,562803,580991,509898,430576,312982,197673,197429,1,5,1536,1575,1346,1194,1031,830,635,515,406,254,151,69,68,33,20,33,56,380251,448302,359284,379410,409655,448988,419919,432670,527804,560409,497488,423102,310078,194958,189579,0,0,3647,3631,2983,2992,2742,2553,2055,1976,1855,1233,640,331,153,98,106,0,1,97,613,306,353,380,422,2633,3006,4120,1425,1330,1720,1015,175,171,0,0,1,44,11,18,9,13,110,110,162,33,29,31,16,2,0,0,0,4,13,16,15,14,19,21,31,55,39,82,76,51,6,0,0,0,0,0,0,1,0,1,2,0,1,2,3,6,3,0,0,0,0,0,0,0,0,2,1,0,0,1,0,0,0,0,0,0,0,0,0,0,0,0,0,0,0,0,0,0,0,0,0,0,0,182,399,842604,993464,793041,823950,878179,947315,880313,904994,1094783,1142864,1008798,855474,624126,392812,387179,1,5,5184,5250,4340,4205,3782,3397,2802,2601,2424,1522,823,437,240,133,126
2021-08-28,149,346,463553,545640,434370,444974,468865,498496,458261,469693,563099,581160,509994,430629,313020,197689,197444,0,4,1301,1104,935,802,737,611,521,406,296,169,96,53,38,16,15,33,57,383894,451937,362025,381921,411969,451167,421758,434497,529517,561445,497932,423300,310195,195041,189649,0,1,3643,3635,2741,2511,2314,2179,1839,1827,1713,1036,444,198,117,83,70,0,1,97,673,316,364,390,440,2708,3096,4234,1453,1350,1745,1021,180,173,0,0,0,60,10,11,10,18,75,90,114,28,20,25,6,5,2,0,0,4,13,16,16,15,21,21,31,58,39,86,83,55,6,0,0,0,0,0,0,1,1,2,0,0,3,0,4,7,4,0,0,0,0,0,0,0,0,2,1,0,0,1,0,0,0,0,0,0,0,0,0,0,0,0,0,0,0,0,0,0,0,0,0,0,0,182,404,847548,998263,796727,827275,881241,950125,882748,907317,1096909,1144097,1009362,855757,624291,392916,387266,0,5,4944,4799,3686,3325,3062,2810,2435,2323,2126,1233,564,283,165,104,87
2021-08-29,149,352,464515,546442,435019,445523,469349,498936,458583,469933,563270,581280,510042,430673,313046,197702,197460,0,6,962,802,649,549,484,440,322,240,171,120,48,44,26,13,16,33,57,386083,454415,363799,383431,413416,452497,422864,435566,530500,561997,498195,423425,310287,195093,189681,0,0,2189,2478,1774,1510,1447,1330,1106,1069,983,552,263,125,92,52,32,0,1,97,711,324,368,395,450,2758,3155,4315,1472,1363,1757,1027,181,174,0,0,0,38,8,4,5,10,50,59,81,19,13,12,6,1,1,0,0,4,16,16,17,16,21,21,33,62,39,87,86,55,6,0,0,0,0,3,0,1,1,0,0,2,4,0,1,3,0,0,0,0,0,0,0,0,0,2,1,0,0,1,0,0,0,0,0,0,0,0,0,0,0,0,0,0,0,0,0,0,0,0,0,0,0,182,410,850699,1001584,799158,829339,883178,951905,884226,908687,1098148,1144788,1009687,855941,624415,392982,387315,0,6,3151,3321,2431,2064,1937,1780,1478,1370,1239,691,325,184,124,66,49
2021-08-30,149,356,465449,547663,435963,446370,469995,499477,458994,470229,563512,581451,510141,430739,313086,197722,197477,0,4,934,1221,944,847,646,541,411,296,242,171,99,66,40,20,17,33,57,387956,457250,366001,385448,415098,453948,424055,436632,531521,562604,498539,423598,310406,195167,189741,0,0,1873,2835,2202,2017,1682,1451,1191,1066,1021,607,344,173,119,74,60,0,1,100,757,337,372,404,463,2823,3230,4413,1504,1393,1784,1041,183,174,0,0,3,46,13,4,9,13,65,75,98,32,30,27,14,2,0,0,0,4,16,16,18,17,23,21,35,65,41,89,89,56,6,0,0,0,0,0,0,1,1,2,0,2,3,2,2,3,1,0,0,0,0,0,0,0,0,2,1,0,0,1,0,0,0,0,0,0,0,0,0,0,0,0,0,0,0,0,0,0,0,0,0,0,0,182,414,853509,1005686,802317,832208,885516,953912,885893,910126,1099512,1145600,1010162,856210,624589,393078,387392,0,4,2810,4102,3159,2869,2338,2007,1667,1439,1364,812,475,269,174,96,77
2021-08-31,149,358,466380,549173,437077,447326,470778,500125,459443,470605,563846,581664,510256,430835,313128,197748,197506,0,2,931,1510,1114,956,783,648,449,376,334,213,115,96,42,26,29,33,57,389577,460360,368284,387550,417009,455601,425410,437853,532686,563309,498916,423796,310543,195249,189818,0,0,1621,3110,2283,2102,1911,1653,1355,1221,1165,705,377,198,137,82,77,0,1,101,831,355,383,428,487,2908,3321,4578,1567,1461,1858,1079,194,176,0,0,1,74,18,11,24,24,85,91,165,63,68,74,38,11,2,0,0,4,20,16,18,17,24,22,36,69,43,94,90,59,6,0,0,0,0,4,0,0,0,1,1,1,4,2,5,1,3,0,0,0,0,0,0,0,0,2,1,0,0,1,0,0,1,0,0,0,0,0,0,0,0,0,0,0,0,0,0,0,0,1,0,0,0,182,416,856062,1010384,805732,835277,888234,956238,887783,911815,1101180,1146583,1010727,856580,624809,393197,387500,0,2,2553,4698,3415,3069,2718,2326,1890,1689,1668,983,565,370,220,119,108
2021-09-01,151,362,467434,550604,438103,448219,471542,500730,459867,470935,564128,581834,510375,430912,313175,197771,197532,2,4,1054,1431,1026,893,764,605,424,330,282,170,119,77,47,23,26,33,57,391143,463078,370225,389177,418393,456813,426377,438618,533436,563771,499238,423937,310653,195304,189876,0,0,1566,2718,1941,1627,1384,1212,967,765,750,462,322,141,110,55,58,0,1,104,878,382,410,467,534,3002,3442,4751,1690,1595,1990,1153,228,190,0,0,3,47,27,27,39,47,94,121,173,123,134,132,74,34,14,0,0,4,22,17,18,17,24,22,37,72,45,96,93,60,6,0,0,0,0,2,1,0,0,0,0,1,3,2,2,3,1,0,0,0,0,0,0,0,0,2,1,0,0,1,0,0,1,0,0,0,0,0,0,0,0,0,0,0,0,0,0,0,0,0,0,0,0,184,420,858685,1014582,808727,837824,890421,958102,889268,913032,1102388,1147340,1011304,856933,625041,393309,387598,2,4,2623,4198,2995,2547,2187,1864,1485,1217,1208,757,577,353,232,112,98
2021-09-02,151,367,468850,552283,439339,449326,472455,501458,460392,471380,564484,582050,510519,431003,313239,197808,197564,0,5,1416,1679,1236,1107,913,728,525,445,356,216,144,91,64,37,32,33,58,393154,466404,372637,391290,420141,458431,427590,439692,534439,564391,499610,424176,310790,195376,189973,0,1,2011,3326,2412,2113,1748,1618,1213,1074,1003,620,372,239,137,72,97,0,1,117,949,417,440,518,608,3132,3597,5013,1936,1836,2175,1270,263,203,0,0,13,71,35,30,51,74,130,155,262,246,241,185,117,35,13,0,0,4,23,18,18,18,24,24,40,72,45,100,97,65,7,0,0,0,0,1,1,0,1,0,2,3,0,0,4,4,5,1,0,0,0,0,0,0,0,2,1,0,0,1,0,0,1,0,0,0,0,0,0,0,0,0,0,0,0,0,0,0,0,0,0,0,0,184,426,862125,1019659,812411,841074,893134,960522,891138,914709,1104009,1148422,1012065,857452,625364,393454,387740,0,6,3440,5077,3684,3250,2713,2420,1870,1677,1621,1082,761,519,323,145,142
2021-09-03,151,377,470281,553865,440522,450432,473314,502177,460988,471814,564827,582265,510674,431089,313286,197839,197595,0,10,1431,1582,1183,1106,859,719,596,434,343,215,155,86,47,31,31,33,58,395320,469424,375009,393489,422076,460132,428896,440812,535481,565017,499928,424381,310922,195457,190086,0,0,2166,3020,2372,2199,1935,1701,1306,1120,1042,626,318,205,132,81,113,0,1,127,1078,457,482,585,686,3293,3750,5287,2124,2045,2355,1388,305,214,0,0,10,129,40,42,67,78,161,153,274,188,209,180,118,42,11,0,0,4,29,20,18,21,24,27,41,79,51,112,101,68,7,0,0,0,0,6,2,0,3,0,3,1,7,6,12,4,3,0,0,0,0,0,0,0,0,2,1,0,0,1,0,0,1,0,0,0,0,0,0,0,0,0,0,0,0,0,0,0,0,0,0,0,0,184,436,865732,1024396,816008,844421,895998,963020,893204,916417,1105675,1149457,1012759,857927,625664,393608,387895,0,10,3607,4737,3597,3347,2864,2498,2066,1708,1666,1035,694,475,300,154,155
2021-09-04,151,383,471534,555009,441369,451169,473919,502741,461415,472162,565122,582441,510763,431142,313323,197851,197609,0,6,1253,1144,847,737,605,564,427,348,295,176,89,53,37,12,14,33,58,397599,472122,376984,395271,423618,461683,430116,441849,536460,565576,500210,424531,311015,195518,190124,0,0,2279,2698,1975,1782,1542,1551,1220,1037,979,559,282,150,93,61,38,0,1,138,1161,481,508,621,756,3397,3877,5485,2254,2193,2481,1468,331,222,0,0,11,83,24,26,36,70,104,127,198,130,148,126,80,26,8,0,0,4,31,20,18,21,24,27,44,88,53,119,102,69,7,0,0,0,0,2,0,0,0,0,0,3,9,2,7,1,1,0,0,0,0,0,0,0,0,2,1,0,0,1,0,0,1,0,0,0,0,0,0,0,0,0,0,0,0,0,0,0,0,0,0,0,0,184,442,869275,1028323,818854,846966,898181,965205,894955,917932,1107156,1150324,1013285,858257,625875,393707,387955,0,6,3543,3927,2846,2545,2183,2185,1751,1515,1481,867,526,330,211,99,60
2021-09-05,152,387,472267,555794,441964,451636,474301,503048,461668,472386,565252,582527,510807,431171,313338,197860,197612,1,4,733,785,595,467,382,307,253,224,130,86,44,29,15,9,3,33,58,398791,473706,378055,396187,424463,462428,430726,442341,536874,565795,500326,424609,311057,195545,190141,0,0,1192,1584,1071,916,845,745,610,492,414,219,116,78,42,27,17,0,1,146,1241,500,526,655,801,3475,3963,5607,2329,2277,2546,1505,351,229,0,0,8,80,19,18,34,45,78,86,122,75,84,65,37,20,7,0,0,4,36,20,18,24,24,29,46,88,53,122,104,69,7,0,0,0,0,5,0,0,3,0,2,2,0,0,3,2,0,0,0,0,0,0,0,0,0,2,1,0,0,1,0,0,1,0,0,0,0,0,0,0,0,0,0,0,0,0,0,0,0,0,0,0,0,185,446,871208,1030777,820539,848367,899445,966302,895898,918736,1107822,1150704,1013532,858431,625969,393763,387982,1,4,1933,2454,1685,1401,1264,1097,943,804,666,380,247,174,94,56,27
2021-09-06,152,388,472776,556561,442502,452066,474618,503326,461884,472548,565376,582591,510846,431211,313351,197872,197620,0,1,509,767,538,430,317,278,216,162,124,64,39,40,13,12,8,33,59,399637,474907,378963,396988,425113,463005,431148,442737,537211,565969,500444,424677,311111,195561,190162,0,1,846,1201,908,801,650,577,422,396,337,174,118,68,54,16,21,0,1,153,1305,518,545,683,841,3532,4023,5699,2400,2348,2604,1535,361,233,0,0,7,64,18,19,28,40,57,60,92,71,71,58,30,10,4,0,0,4,37,22,20,25,24,31,47,90,55,126,106,69,7,0,0,0,0,1,2,2,1,0,2,1,2,2,4,2,0,0,0,0,0,0,0,0,0,2,1,0,0,1,0,0,1,0,0,0,0,0,0,0,0,0,0,0,0,0,0,0,0,0,0,0,0,185,448,872570,1032810,822005,849619,900441,967197,896595,919355,1108377,1151015,1013764,858599,626066,393801,388015,0,2,1362,2033,1466,1252,996,895,697,619,555,311,232,168,97,38,33
2021-09-07,152,389,473821,557656,443330,452817,475250,503837,462278,472852,565648,582778,510935,431280,313398,197898,197643,0,1,1045,1095,828,751,632,511,394,304,272,187,89,69,47,26,23,33,59,401429,476874,380646,398387,426385,464187,432001,443467,537833,566313,500665,424831,311204,195625,190211,0,0,1792,1967,1683,1399,1272,1182,853,730,622,344,221,154,93,64,49,0,1,160,1387,565,573,738,918,3666,4182,5929,2585,2538,2774,1666,419,271,0,0,7,82,47,28,55,77,134,159,230,185,190,170,131,58,38,0,0,4,39,23,23,25,24,33,50,91,59,133,110,72,7,0,0,0,0,2,1,3,0,0,2,3,1,4,7,4,3,0,0,0,0,0,0,0,0,2,1,0,0,1,0,0,1,0,0,0,0,0,0,0,0,0,0,0,0,0,0,0,0,0,0,0,0,185,449,875414,1035956,824564,851800,902400,968967,897978,920551,1109502,1151735,1014271,858996,626340,393949,388125,0,1,2844,3146,2559,2181,1959,1770,1383,1196,1125,720,507,397,274,148,110
2021-09-08,153,399,475322,558997,444425,453801,476066,504557,462813,473293,566038,583030,511076,431370,313456,197942,197676,1,10,1501,1341,1095,984,816,720,535,441,390,252,141,90,58,44,33,33,60,403644,479209,382551,400162,427908,465520,432957,444314,538610,566823,500976,425017,311346,195720,190287,0,1,2215,2335,1905,1775,1523,1333,956,847,777,510,311,186,142,95,76,0,1,166,1448,593,608,795,988,3822,4373,6196,2830,2759,2987,1826,493,310,0,0,6,61,28,35,57,70,156,191,267,245,221,213,160,74,39,0,0,4,41,23,25,25,26,33,55,101,68,148,116,77,8,0,0,0,0,2,0,2,0,2,0,5,10,9,15,6,5,1,0,0,0,0,0,0,0,2,1,0,0,1,0,0,1,0,0,0,0,0,0,0,0,0,0,0,0,0,0,0,0,0,0,0,0,186,460,879136,1039695,827592,854596,904796,971092,899625,922035,1110946,1152751,1014959,859491,626705,394163,388273,1,11,3722,3739,3028,2796,2396,2125,1647,1484,1444,1016,688,495,365,214,148
2021-09-09,154,403,476722,560308,445550,454813,476900,505280,463396,473766,566479,583333,511234,431472,313538,197981,197710,1,4,1400,1311,1125,1012,834,723,583,473,441,303,158,102,82,39,34,33,60,406039,481640,384671,402079,429562,466908,434089,445207,539485,567350,501347,425206,311480,195808,190363,0,0,2395,2431,2120,1917,1654,1388,1132,893,875,527,371,189,134,88,76,0,1,172,1504,618,657,853,1068,3994,4532,6499,3073,3024,3236,1961,558,339,0,0,6,56,25,49,58,80,172,159,303,243,265,249,135,65,29,0,0,4,42,24,25,26,26,34,57,106,69,152,119,77,8,0,0,0,0,1,1,0,1,0,1,2,5,1,4,3,0,0,0,0,0,0,0,1,0,2,1,0,1,1,0,0,1,0,0,0,0,0,0,0,1,0,0,0,0,1,0,0,0,0,0,0,0,187,464,882937,1043494,830864,857574,907343,973283,901513,923563,1112570,1153825,1015757,860034,627056,394355,388412,1,4,3801,3799,3272,2978,2547,2191,1888,1528,1624,1074,798,543,351,192,139
2021-09-10,155,405,477959,561479,446598,455870,477808,506053,463994,474320,566935,583607,511374,431564,313602,198021,197757,1,2,1237,1171,1048,1057,908,773,598,554,456,274,140,92,64,40,47,33,61,408159,484078,386858,403964,431244,468392,435254,446173,540357,567852,501657,425363,311582,195887,190444,0,1,2120,2438,2187,1885,1682,1484,1165,966,872,502,310,157,102,79,81,0,1,177,1608,657,708,910,1152,4160,4728,6754,3294,3237,3437,2107,613,361,0,0,5,104,39,51,57,84,166,196,255,221,213,201,146,55,22,0,0,4,44,25,26,26,28,35,59,117,71,160,125,77,8,0,0,0,0,2,1,1,0,2,1,2,11,2,8,6,0,0,0,0,0,0,0,1,0,2,1,0,1,1,0,0,1,0,0,0,0,0,0,0,0,0,0,0,0,0,0,0,0,0,0,0,0,188,467,886299,1047209,834139,860568,909990,975626,903443,925281,1114164,1154824,1016428,860490,627368,394529,388562,1,3,3362,3715,3275,2994,2647,2343,1930,1718,1594,999,671,456,312,174,150
2021-09-11,155,407,478920,562541,447441,456555,478432,506626,464461,474683,567279,583807,511481,431626,313640,198043,197775,0,2,961,1062,843,685,624,573,467,363,344,200,107,62,38,22,18,33,61,410468,486467,388886,405740,432868,469805,436391,447106,541091,568318,501908,425508,311677,195935,190485,0,0,2309,2389,2028,1776,1624,1413,1137,933,734,466,251,145,95,48,41,0,1,187,1697,689,753,952,1220,4300,4874,6971,3467,3375,3589,2195,662,376,0,0,10,89,32,45,42,68,140,146,217,173,138,152,88,49,15,0,0,4,47,25,26,26,28,36,60,119,72,167,127,78,8,0,0,0,0,3,0,0,0,0,1,1,2,1,7,2,1,0,0,0,0,0,0,2,0,2,1,0,1,1,0,1,1,0,0,0,0,0,0,0,1,0,0,0,0,0,0,0,1,0,0,0,0,188,469,889579,1050752,837043,863074,912280,977680,905188,926724,1115461,1155664,1016932,860851,627590,394648,388636,0,2,3280,3543,2904,2506,2290,2054,1745,1443,1297,840,504,361,222,119,74
2021-09-12,155,409,479552,563206,447975,456995,478901,506974,464746,474930,567474,583923,511546,431666,313667,198055,197785,0,2,632,665,534,440,469,348,285,247,195,116,65,40,27,12,10,33,61,411803,487919,390035,406695,433694,470563,436947,447589,541543,568549,502028,425577,311723,195960,190521,0,0,1335,1452,1149,955,826,758,556,483,452,231,120,69,46,25,36,0,1,191,1739,715,777,981,1271,4384,4976,7122,3564,3483,3675,2238,682,388,0,0,4,42,26,24,29,51,84,102,151,97,108,86,43,20,12,0,0,4,50,26,27,26,30,37,60,119,72,168,131,78,8,0,0,0,0,3,1,1,0,2,1,0,0,0,1,4,0,0,0,0,0,0,0,2,0,2,1,0,1,1,0,2,1,0,0,0,0,0,0,0,0,0,0,0,0,0,0,0,1,0,0,0,0,188,471,891550,1052914,838753,864494,913604,978839,906114,927556,1116259,1156108,1017227,861050,627706,394705,388694,0,2,1971,2162,1710,1420,1324,1159,926,832,798,444,295,199,116,57,58
2021-09-13,155,412,480411,564026,448654,457620,479450,507456,465086,475216,567690,584078,511630,431720,313694,198072,197811,0,3,859,820,679,625,549,482,340,286,216,155,84,54,27,17,26,33,61,413322,489259,391105,407780,434552,471277,437476,448018,541928,568774,502173,425677,311783,195999,190553,0,0,1519,1340,1070,1085,858,714,529,429,385,225,145,100,60,39,32,0,1,197,1778,753,801,1018,1324,4472,5083,7305,3702,3651,3808,2343,735,415,0,0,6,39,38,24,37,53,88,107,183,138,168,133,105,53,27,0,0,4,51,26,27,28,31,39,60,121,74,172,136,78,9,0,0,0,0,1,0,0,2,1,2,0,2,2,4,5,0,1,0,0,0,0,0,2,0,2,1,0,1,1,0,2,1,0,0,0,0,0,0,0,0,0,0,0,0,0,0,0,0,0,0,0,0,188,474,893934,1055114,840540,866228,915050,980089,907073,928378,1117045,1156628,1017628,861342,627898,394815,388779,0,3,2384,2200,1787,1734,1446,1250,959,822,786,520,401,292,192,110,85
2021-09-14,155,420,481262,564902,449403,458323,479994,507909,465444,475497,567941,584230,511755,431791,313729,198098,197846,0,8,851,876,749,703,544,453,358,281,251,152,125,71,35,26,35,33,64,414746,490617,392318,408867,435435,472051,438062,448503,542344,569052,502343,425778,311854,196048,190606,0,3,1424,1358,1213,1087,883,774,586,485,416,278,170,101,71,49,53,0,1,200,1817,770,842,1051,1375,4556,5223,7474,3855,3821,3967,2462,794,454,0,0,3,39,17,41,33,51,84,140,169,153,170,159,119,59,39,0,0,4,55,26,27,28,32,39,63,124,77,175,139,81,10,1,0,0,0,4,0,0,0,1,0,3,3,3,3,3,3,1,1,0,0,0,0,2,0,2,1,0,1,1,0,2,1,0,0,0,0,0,0,0,0,0,0,0,0,0,0,0,0,0,0,0,0,188,485,896212,1057391,842519,868059,916510,981368,908101,929287,1117884,1157214,1018096,861676,628126,394950,388907,0,11,2278,2277,1979,1831,1460,1279,1028,909,839,586,468,334,228,135,128
2021-09-15,155,423,481908,565978,450256,459120,480644,508470,465890,475893,568256,584445,511871,431868,313789,198142,197884,0,3,646,1076,853,797,650,561,446,396,315,215,116,77,60,44,38,33,64,416253,492626,393921,410216,436616,473036,438904,449154,542960,569453,502599,425942,311989,196112,190686,0,0,1507,2009,1603,1349,1181,985,842,651,616,401,256,164,135,64,80,0,1,202,1874,804,880,1090,1429,4670,5404,7710,4112,4081,4177,2639,885,516,0,0,2,57,34,38,39,54,114,181,236,257,260,210,177,91,62,0,0,4,58,28,27,28,33,43,64,133,80,179,146,88,10,1,0,0,0,3,2,0,0,1,4,1,9,3,4,7,7,0,0,0,0,0,0,2,0,2,1,0,1,1,0,2,1,0,0,0,0,0,0,0,0,0,0,0,0,0,0,0,0,0,0,0,0,188,488,898367,1060536,845011,870243,918380,982969,909507,930516,1119060,1158090,1018732,862134,628505,395149,389087,0,3,2155,3145,2492,2184,1870,1601,1406,1229,1176,876,636,458,379,199,180
2021-09-16,155,427,482925,567092,451292,460048,481495,509141,466384,476312,568657,584698,512014,431973,313868,198187,197931,0,4,1017,1114,1036,928,851,671,494,419,401,253,143,105,79,45,47,33,64,418003,494562,395608,411932,437966,474205,439802,449938,543626,569926,502874,426150,312108,196207,190783,0,0,1750,1936,1687,1716,1350,1169,898,784,666,473,275,208,119,95,97,0,1,212,1927,839,929,1141,1506,4816,5571,7978,4350,4337,4408,2818,983,562,0,0,10,53,35,49,51,77,146,167,268,238,256,231,179,98,46,0,0,4,59,28,27,28,33,45,69,140,83,180,158,88,10,1,0,0,0,1,0,0,0,0,2,5,7,3,1,12,0,0,0,0,0,0,0,2,0,2,1,0,1,1,0,2,1,0,0,0,0,0,0,0,0,0,0,0,0,0,0,0,0,0,0,0,0,188,492,901144,1063640,847769,872936,920632,984886,911047,931891,1120402,1159057,1019407,862690,628882,395387,389277,0,4,2777,3104,2758,2693,2252,1917,1540,1375,1342,967,675,556,377,238,190
2021-09-17,155,431,483905,568167,452231,460939,482310,509821,466924,476743,569054,584916,512129,432057,313920,198220,197963,0,4,980,1075,939,891,815,680,540,431,397,218,115,84,52,33,32,33,66,419900,496726,397295,413567,439397,475440,440680,450707,544309,570362,503107,426303,312203,196272,190854,0,2,1897,2164,1687,1635,1431,1235,878,769,683,436,233,153,95,65,71,0,1,222,1993,875,977,1202,1580,4950,5747,8209,4553,4555,4571,2941,1059,603,0,0,10,66,36,48,61,74,134,176,231,203,218,163,123,76,41,0,0,4,62,29,28,28,34,46,71,147,83,184,163,92,10,1,0,0,0,3,1,1,0,1,1,2,7,0,4,5,4,0,0,0,0,0,0,2,0,2,1,0,1,1,0,2,1,1,0,0,0,0,0,0,0,0,0,0,0,0,0,0,0,0,1,0,0,188,498,904031,1066948,850432,875511,922939,986876,912600,933269,1121720,1159914,1019977,863095,629157,395561,389421,0,6,2887,3308,2663,2575,2307,1990,1553,1378,1318,857,570,405,275,174,144
2021-09-18,156,433,484753,569020,452961,461601,482866,510295,467342,477058,569366,585106,512231,432120,313950,198243,197984,1,2,848,853,730,662,556,474,418,315,312,190,102,63,30,23,21,33,68,421999,498688,398831,414993,440634,476510,441513,451379,544914,570720,503298,426398,312272,196310,190894,0,2,2099,1962,1536,1426,1237,1070,833,672,605,358,191,95,69,38,40,0,1,232,2061,910,1007,1232,1635,5057,5870,8402,4672,4681,4676,3025,1093,618,0,0,10,68,35,30,30,55,107,123,193,119,126,105,84,34,15,0,0,4,67,30,29,28,37,47,72,151,84,188,166,95,11,1,0,0,0,5,1,1,0,3,1,1,4,1,4,3,3,1,0,0,0,0,0,2,0,2,1,0,1,1,0,2,1,1,0,0,0,0,0,0,0,0,0,0,0,0,0,0,0,0,0,0,0,189,502,906988,1069836,852734,877630,924762,988478,913959,934380,1122834,1160582,1020400,863361,629343,395657,389497,1,4,2957,2888,2302,2119,1823,1602,1359,1111,1114,668,423,266,186,96,76
2021-09-19,156,433,485199,569445,453336,461934,483169,510576,467542,477249,569484,585183,512268,432139,313973,198254,197991,0,0,446,425,375,333,303,281,200,191,118,77,37,19,23,11,7,33,69,422833,499578,399577,415584,441188,476958,441835,451662,545138,570863,503385,426450,312295,196324,190907,0,1,834,890,746,591,554,448,322,283,224,143,87,52,23,14,13,0,1,242,2099,923,1028,1249,1663,5119,5934,8494,4733,4755,4746,3091,1128,633,0,0,10,38,13,21,17,28,62,64,92,61,74,70,66,35,15,0,0,4,69,31,29,28,37,48,72,153,85,191,166,96,11,1,0,0,0,2,1,0,0,0,1,0,2,1,3,0,1,0,0,0,0,0,0,2,0,2,1,0,1,1,0,2,1,1,0,0,0,0,0,0,0,0,0,0,0,0,0,0,0,0,0,0,0,189,503,908278,1071191,853869,878575,925636,989235,914544,934918,1123270,1160864,1020601,863502,629456,395717,389532,0,1,1290,1355,1135,945,874,757,585,538,436,282,201,141,113,60,35
2021-09-20,156,434,485522,570016,453876,462396,483536,510855,467786,477468,569645,585287,512332,432175,313995,198268,198004,0,1,323,571,540,462,367,279,244,219,161,104,64,36,22,14,13,33,71,423606,500620,400454,416381,441829,477475,442210,451989,545432,571044,503482,426529,312344,196356,190938,0,2,773,1042,877,797,641,517,375,327,294,181,97,79,49,32,31,0,1,252,2130,946,1051,1279,1687,5177,6004,8589,4831,4870,4845,3148,1154,640,0,0,10,31,23,23,30,24,58,70,95,98,115,99,57,26,7,0,0,4,71,31,30,28,38,48,75,155,85,192,170,96,11,1,0,0,0,2,0,1,0,1,0,3,2,0,1,4,0,0,0,0,0,0,0,2,0,2,1,0,1,1,0,2,1,1,0,0,0,0,0,0,0,0,0,0,0,0,0,0,0,0,0,0,0,189,506,909384,1072837,855309,879858,926674,990056,915221,935537,1123822,1161247,1020878,863720,629584,395789,389583,0,3,1106,1646,1440,1283,1038,821,677,619,552,383,277,218,128,72,51
2021-09-21,156,434,485859,570703,454455,462891,483975,511240,468055,477688,569830,585435,512414,432241,314030,198290,198026,0,0,337,687,579,495,439,385,269,220,185,148,82,66,35,22,22,33,72,424355,501838,401395,417237,442539,478058,442674,452347,545765,571261,503624,426616,312405,196400,190977,0,1,749,1218,941,856,710,583,464,358,333,217,142,87,61,44,39,0,1,259,2162,962,1073,1305,1733,5266,6099,8721,4952,4988,4936,3219,1191,658,0,0,7,32,16,22,26,46,89,95,132,121,118,91,71,37,18,0,0,4,72,31,30,29,38,49,76,157,87,199,174,97,11,1,0,0,0,1,0,0,1,0,1,1,2,2,7,4,1,0,0,0,0,0,0,2,0,2,1,0,1,1,1,2,1,1,0,0,0,0,0,0,0,0,0,0,0,0,0,1,0,0,0,0,0,189,507,910477,1074775,856845,881231,927850,991070,916044,936211,1124474,1161736,1021227,863968,629752,395892,389662,0,1,1093,1938,1536,1373,1176,1014,823,674,652,489,349,248,168,103,79
2021-09-22,156,437,486376,571477,455162,463534,484481,511691,468423,477964,570071,585598,512530,432292,314074,198320,198056,0,3,517,774,707,643,506,451,368,276,241,163,116,51,44,30,30,33,73,425767,503515,402728,418514,443484,478901,443319,452915,546239,571562,503837,426758,312504,196476,191055,0,1,1412,1677,1333,1277,945,843,645,568,474,301,213,142,99,76,78,0,1,269,2207,993,1094,1345,1784,5367,6232,8926,5133,5164,5099,3341,1255,691,0,0,10,45,31,21,40,51,101,133,205,181,176,163,122,64,33,0,0,4,75,31,30,30,39,51,77,160,88,206,180,100,12,1,0,0,0,3,0,0,1,1,2,1,3,1,7,6,3,1,0,0,0,0,0,3,0,2,1,0,1,1,2,2,1,1,0,0,0,0,0,0,1,0,0,0,0,0,0,1,0,0,0,0,0,189,511,912416,1077274,858917,883172,929342,992416,917160,937189,1125397,1162383,1021739,864330,630020,396063,389803,0,4,1939,2499,2072,1941,1492,1346,1116,978,923,647,512,362,268,171,141
2021-09-23,156,441,487011,572271,455847,464197,485058,512157,468770,478267,570298,585780,512656,432356,314116,198353,198091,0,4,635,794,685,663,577,466,347,303,227,182,126,64,42,33,35,33,75,427457,505449,404333,420023,444681,479880,444087,453570,546864,571932,504066,426915,312626,196548,191114,0,2,1690,1934,1605,1509,1197,979,768,655,625,370,229,157,122,72,59,0,1,278,2288,1024,1130,1385,1852,5494,6407,9206,5368,5371,5307,3471,1342,726,0,0,9,81,31,36,40,68,127,175,280,235,207,208,130,87,35,0,0,5,79,31,31,33,40,52,81,165,90,215,186,103,12,2,0,0,1,4,0,1,3,1,1,4,5,2,9,6,3,0,1,0,0,0,0,3,0,2,1,0,1,1,2,2,1,1,0,0,0,0,0,0,0,0,0,0,0,0,0,0,0,0,0,0,0,189,517,914751,1080087,861238,885381,931159,993930,918403,938326,1126534,1163172,1022310,864765,630317,396255,389933,0,6,2335,2813,2321,2209,1817,1514,1243,1137,1137,789,571,435,297,192,130
2021-09-24,156,442,487820,573076,456598,464890,485670,512635,469140,478543,570570,585957,512747,432421,314153,198377,198120,0,1,809,805,751,693,612,478,370,276,272,177,91,65,37,24,29,34,79,429247,507323,405859,421464,445873,480932,444923,454230,547395,572261,504262,427023,312709,196595,191178,1,4,1790,1874,1526,1441,1192,1052,836,660,531,329,196,108,83,47,64,0,1,291,2374,1061,1169,1432,1897,5628,6542,9442,5522,5517,5438,3586,1399,758,0,0,13,86,37,39,47,45,134,135,236,154,146,131,115,57,32,0,0,5,89,32,33,33,42,54,83,172,91,220,195,104,12,2,0,0,0,10,1,2,0,2,2,2,7,1,5,9,1,0,0,0,0,0,0,3,0,2,1,0,1,1,2,2,1,1,0,0,0,0,0,0,0,0,0,0,0,0,0,0,0,0,0,0,0,190,522,917363,1082862,863553,887556,933010,995507,919745,939399,1127580,1163833,1022748,865078,630553,396383,390058,1,5,2612,2775,2315,2175,1851,1577,1342,1073,1046,661,438,313,236,128,125
2021-09-25,156,443,488529,573656,457145,465414,486135,512973,469427,478790,570788,586088,512808,432458,314176,198391,198134,0,1,709,580,547,524,465,338,287,247,218,131,61,37,23,14,14,34,80,431404,509100,407227,422714,446904,481871,445684,454829,547876,572579,504438,427135,312791,196640,191204,0,1,2157,1777,1368,1250,1031,939,761,599,481,318,176,112,82,45,26,0,1,307,2435,1095,1198,1458,1947,5725,6642,9619,5637,5639,5525,3664,1436,774,0,0,16,61,34,29,26,50,97,100,177,115,122,87,78,37,16,0,0,5,91,32,35,33,42,54,84,179,92,222,200,104,12,2,0,0,0,2,0,2,0,0,0,1,7,1,2,5,0,0,0,0,0,0,0,3,0,2,2,0,1,1,2,2,1,1,0,0,0,0,0,0,0,0,0,1,0,0,0,0,0,0,0,0,0,190,524,920245,1085282,865502,889361,934532,996835,920890,940346,1128463,1164398,1023109,865319,630736,396479,390114,0,2,2882,2420,1949,1805,1522,1328,1145,947,883,565,361,241,183,96,56
2021-09-26,156,444,488908,574027,457487,465687,486377,513186,469592,478911,570882,586139,512841,432483,314188,198404,198137,0,1,379,371,342,273,242,213,165,121,94,51,33,25,12,13,3,34,85,432213,509907,407895,423286,447387,482295,445994,455087,548068,572690,504496,427179,312816,196658,191221,0,5,809,807,668,572,483,424,310,258,192,111,58,44,25,18,17,0,1,309,2483,1106,1213,1480,1967,5809,6716,9694,5697,5701,5580,3710,1453,785,0,0,2,48,11,15,22,20,84,74,75,60,62,55,46,17,11,0,0,5,93,33,36,33,42,54,84,181,92,223,202,107,12,2,0,0,0,2,1,1,0,0,0,0,2,0,1,2,3,0,0,0,0,0,0,3,0,2,2,0,1,1,2,2,1,1,0,0,0,0,0,0,0,0,0,0,0,0,0,0,0,0,0,0,0,190,530,921435,1086510,866524,890222,935279,997492,921449,940799,1128826,1164620,1023263,865445,630822,396527,390145,0,6,1190,1228,1022,861,747,657,559,453,363,222,154,126,86,48,31
2021-09-27,156,445,489192,574394,457859,466063,486638,513409,469757,479076,570999,586220,512898,432511,314216,198411,198159,0,1,284,367,372,376,261,223,165,165,117,81,57,28,28,7,22,34,85,432745,510669,408506,423838,447850,482627,446270,455309,548249,572816,504574,427240,312850,196683,191244,0,0,532,762,611,552,463,332,276,222,181,126,78,61,34,25,23,0,1,310,2499,1111,1230,1497,1979,5863,6768,9767,5795,5789,5653,3748,1477,796,0,0,1,16,5,17,17,12,54,52,73,98,88,73,38,24,11,0,0,5,93,33,36,33,43,54,86,185,95,229,204,110,12,2,0,0,0,0,0,0,0,1,0,2,4,3,6,2,3,0,0,0,0,0,0,3,0,2,2,0,1,1,2,2,1,1,0,0,0,0,0,0,0,0,0,0,0,0,0,0,0,0,0,0,0,190,531,922252,1087655,867512,891167,936020,998060,921944,941240,1129201,1164928,1023492,865609,630925,396583,390201,0,1,817,1145,988,945,741,568,495,441,375,308,229,164,103,56,56
2021-09-28,156,445,489504,574894,458345,466512,487009,513699,470009,479246,571173,586317,512974,432554,314237,198431,198180,0,0,312,500,486,449,371,290,252,170,174,97,76,43,21,20,21,34,87,433477,511851,409387,424678,448531,483180,446668,455665,548587,573037,504702,427315,312909,196716,191282,0,2,732,1182,881,840,681,553,398,356,338,221,128,75,59,33,38,0,1,315,2532,1131,1245,1526,2020,5952,6888,9932,5923,5923,5792,3833,1513,813,0,0,5,33,20,15,29,41,89,120,165,128,134,139,85,36,17,0,0,5,97,33,36,33,44,55,89,191,95,233,211,113,13,2,0,0,0,4,0,0,0,1,1,3,6,0,4,7,3,1,0,0,0,0,0,3,0,2,2,0,1,1,2,2,1,1,0,0,0,0,0,0,0,0,0,0,0,0,0,0,0,0,0,0,0,190,533,923301,1089374,868899,892471,937101,998945,922684,941889,1129884,1165374,1023834,865873,631093,396673,390277,0,2,1049,1719,1387,1304,1081,885,740,649,683,446,342,264,168,90,76
2021-09-29,156,448,489954,575538,458936,467076,487483,514106,470317,479469,571373,586452,513046,432629,314286,198448,198216,0,3,450,644,591,564,474,407,308,223,200,135,72,75,49,17,36,34,89,434631,513546,410578,425839,449525,483978,447207,456127,548990,573263,504858,427427,312975,196766,191345,0,2,1154,1695,1191,1161,994,798,539,462,403,226,156,112,66,50,63,0,1,341,2571,1154,1282,1576,2068,6045,7061,10157,6089,6089,5982,3950,1570,856,0,0,26,39,23,37,50,48,93,173,225,166,166,190,117,57,43,0,0,5,97,33,36,33,45,58,90,196,98,235,219,114,13,2,0,0,0,0,0,0,0,1,3,1,5,3,2,8,1,0,0,0,0,0,0,3,0,2,2,0,1,1,2,2,1,1,0,0,0,0,0,0,0,0,0,0,0,0,0,0,0,0,0,0,0,190,538,924931,1091752,870704,894233,938619,1000199,923627,942748,1130717,1165904,1024230,866258,631326,396797,390419,0,5,1630,2378,1805,1762,1518,1254,943,859,833,530,396,385,233,124,142
2021-09-30,156,450,490463,576293,459653,467778,488028,514546,470686,479728,571614,586627,513146,432698,314332,198473,198244,0,2,509,755,717,702,545,440,369,259,241,175,100,69,46,25,28,34,92,435946,515477,412128,427303,450745,484988,447938,456758,549499,573592,505065,427566,313075,196814,191399,0,3,1315,1931,1550,1464,1220,1010,731,631,509,329,207,139,100,48,54,0,1,349,2623,1187,1321,1635,2137,6192,7244,10399,6344,6303,6188,4101,1623,905,0,0,8,52,33,39,59,69,147,183,242,255,214,206,151,53,49,0,0,5,104,33,38,35,46,60,90,200,100,238,222,122,13,2,0,0,0,7,0,2,2,1,2,0,4,2,3,3,8,0,0,0,0,0,0,3,0,2,2,0,1,1,2,2,1,1,0,0,0,0,0,0,0,0,0,0,0,0,0,0,0,0,0,0,0,190,543,926763,1094497,873004,896440,940445,1001719,924876,943821,1131713,1166665,1024754,866675,631631,396923,390550,0,5,1832,2745,2300,2207,1826,1520,1249,1073,996,761,524,417,305,126,131
2021-10-01,156,451,491047,577028,460273,468367,488562,515000,471035,480007,571868,586765,513211,432769,314369,198495,198261,0,1,584,735,620,589,534,454,349,279,254,138,65,71,37,22,17,34,92,437340,517171,413504,428561,451788,485806,448562,457264,549918,573860,505238,427676,313148,196857,191458,0,0,1394,1694,1376,1258,1043,818,624,506,419,268,173,110,73,43,59,0,1,354,2681,1218,1352,1676,2188,6308,7389,10597,6482,6453,6328,4194,1682,932,0,0,5,58,31,31,41,51,116,145,198,138,150,140,93,59,27,0,0,5,109,33,39,36,46,60,92,205,102,242,229,127,13,2,0,0,0,5,0,1,1,0,0,2,5,2,4,7,5,0,0,0,0,0,0,3,0,2,2,0,1,1,2,2,1,1,0,0,0,0,0,0,0,0,0,0,0,0,0,0,0,0,0,0,0,190,544,928746,1096989,875031,898319,942064,1003042,925965,944753,1132589,1167211,1025146,867003,631839,397047,390653,0,1,1983,2492,2027,1879,1619,1323,1089,932,876,546,392,328,208,124,103
2021-10-02,156,453,491701,577561,460767,468843,488932,515344,471333,480240,572045,586882,513264,432808,314385,198515,198282,0,2,654,533,494,476,370,344,298,233,177,117,53,39,16,20,21,34,101,438998,518731,414619,429546,452650,486617,449187,457786,550357,574119,505382,427767,313211,196880,191481,0,9,1658,1560,1115,985,862,811,625,522,439,259,144,91,63,23,23,0,1,366,2734,1231,1372,1714,2219,6388,7513,10777,6593,6546,6421,4274,1700,942,0,0,12,53,13,20,38,31,80,124,180,111,93,93,80,18,10,0,0,5,113,33,39,36,46,62,94,210,105,245,234,131,14,2,0,0,0,4,0,0,0,0,2,2,5,3,3,5,4,1,0,0,0,0,0,3,0,2,2,0,2,1,2,2,1,1,0,0,0,0,0,0,0,0,0,0,0,1,0,0,0,0,0,0,0,190,555,931070,1099139,876653,899800,943334,1004228,926970,945635,1133390,1167701,1025439,867231,632002,397109,390707,0,11,2324,2150,1622,1481,1270,1186,1005,882,801,490,293,228,163,62,54
2021-10-03,156,453,491988,577851,460996,469079,489116,515472,471436,480340,572119,586932,513287,432820,314396,198524,198286,0,0,287,290,229,236,184,128,103,100,74,50,23,12,11,9,4,34,101,439696,519499,415220,430032,453045,486954,449459,458007,550507,574222,505441,427801,313225,196891,191490,0,0,698,768,601,486,395,337,272,221,150,103,59,34,14,11,9,0,1,368,2755,1242,1379,1722,2238,6427,7563,10834,6632,6597,6470,4304,1708,945,0,0,2,21,11,7,8,19,39,50,57,39,51,49,30,8,3,0,0,5,114,33,40,36,47,64,94,212,105,246,237,131,15,2,0,0,0,1,0,1,0,1,2,0,2,0,1,3,0,1,0,0,0,0,0,3,0,2,2,0,2,1,2,2,1,1,0,0,0,0,0,0,0,0,0,0,0,0,0,0,0,0,0,0,0,190,555,932057,1100219,877494,900530,943921,1004713,927386,946006,1133673,1167893,1025573,867329,632057,397138,390723,0,0,987,1080,841,730,587,485,416,371,283,192,134,98,55,29,16
2021-10-04,156,453,492238,578215,461358,469418,489369,515705,471584,480469,572230,587017,513334,432848,314407,198531,198302,0,0,250,364,362,339,253,233,148,129,111,85,47,28,11,7,16,34,101,440274,520290,415829,430513,453435,487318,449736,458194,550668,574307,505491,427845,313248,196909,191506,0,0,578,791,609,481,390,364,277,187,161,85,50,44,23,18,16,0,1,373,2780,1250,1391,1741,2262,6467,7630,10920,6721,6686,6550,4363,1737,959,0,0,5,25,8,12,19,24,40,67,86,89,89,80,59,29,14,0,0,5,116,33,40,36,47,67,94,212,105,248,239,131,15,2,0,0,0,2,0,0,0,0,3,0,0,0,2,2,0,0,0,0,0,0,0,3,0,2,2,0,2,1,2,2,1,1,0,0,0,0,0,0,0,0,0,0,0,0,0,0,0,0,0,0,0,190,555,932890,1101401,878473,901362,944583,1005334,927854,946389,1134031,1168152,1025761,867483,632150,397192,390769,0,0,833,1182,979,832,662,621,468,383,358,259,188,154,93,54,46
2021-10-05,156,453,492597,578710,461796,469815,489718,515982,471801,480645,572371,587117,513397,432897,314437,198546,198316,0,0,359,495,438,397,349,277,217,176,141,100,63,49,30,15,14,35,101,441025,521244,416634,431252,454001,487787,450092,458480,550939,574483,505587,427918,313294,196943,191546,1,0,751,954,805,739,566,469,356,286,271,176,96,73,46,34,40,0,1,379,2801,1264,1408,1763,2299,6535,7704,11058,6806,6789,6634,4415,1768,978,0,0,6,21,14,17,22,37,68,74,138,85,103,84,52,31,19,0,0,5,117,33,41,37,48,70,95,213,107,253,245,133,15,2,0,0,0,1,0,1,1,1,3,1,1,2,5,6,2,0,0,0,0,0,0,3,0,2,2,0,2,1,2,2,1,1,0,0,0,0,0,0,0,0,0,0,0,0,0,0,0,0,0,0,0,191,555,934006,1102872,879730,902516,945521,1006118,928498,946926,1134582,1168515,1026028,867695,632280,397272,390842,1,0,1116,1471,1257,1154,938,784,644,537,551,363,267,212,130,80,73
2021-10-06,157,454,493006,579303,462426,470358,490130,516328,472078,480835,572559,587237,513479,432944,314463,198566,198334,1,1,409,593,630,543,412,346,277,190,188,120,82,47,26,20,18,36,102,442148,522636,417733,432321,454893,488526,450670,458927,551366,574762,505735,428014,313382,196978,191588,1,1,1123,1392,1099,1069,892,739,578,447,427,279,148,96,88,35,42,0,1,384,2831,1289,1435,1788,2344,6645,7827,11215,6915,6936,6762,4502,1826,1003,0,0,5,30,25,27,25,45,110,123,157,109,147,128,87,58,25,0,0,5,123,33,41,39,49,72,98,218,109,258,256,137,15,2,0,0,0,6,0,0,2,1,2,3,5,2,5,11,4,0,0,0,0,0,0,3,0,2,2,0,2,1,2,2,1,1,0,0,0,0,0,0,0,0,0,0,0,0,0,0,0,0,0,0,0,193,557,935543,1104893,881484,904155,946852,1007249,929465,947689,1135359,1169025,1026410,867977,632485,397385,390927,2,2,1537,2021,1754,1639,1331,1131,967,763,777,510,382,282,205,113,85
2021-10-07,157,455,493534,579998,463134,471007,490704,516808,472449,481132,572823,587400,513581,433004,314517,198589,198364,0,1,528,695,708,649,574,480,371,297,264,163,102,60,54,23,30,36,103,443469,524319,419150,433705,455938,489456,451411,459548,551888,575111,505946,428129,313485,197043,191674,0,1,1321,1683,1417,1384,1045,930,741,621,522,349,211,115,103,65,86,0,1,393,2861,1312,1454,1828,2382,6782,7963,11429,7053,7104,6926,4623,1876,1028,0,0,9,30,23,19,40,38,137,136,214,138,168,164,121,50,25,0,0,5,124,34,41,39,49,73,98,221,110,259,261,139,15,3,0,0,0,1,1,0,0,0,1,0,3,1,1,5,2,0,1,0,0,0,0,3,0,2,2,0,2,1,2,2,1,1,0,0,0,0,0,0,0,0,0,0,0,0,0,0,0,0,0,0,0,193,559,937401,1107302,883633,906207,948511,1008697,930715,948743,1136362,1169676,1026892,868321,632765,397523,391069,0,2,1858,2409,2149,2052,1659,1448,1250,1054,1003,651,482,344,280,138,142
2021-10-08,157,461,494082,580625,463785,471618,491192,517258,472805,481401,573063,587565,513665,433070,314549,198622,198398,0,6,548,627,651,611,488,450,356,269,240,165,84,66,32,33,34,37,105,444614,525789,420478,434955,457056,490407,452183,460197,552402,575460,506112,428230,313564,197097,191735,1,2,1145,1470,1328,1250,1118,951,772,649,514,349,166,101,79,54,61,0,1,398,2932,1338,1487,1869,2423,6897,8083,11623,7185,7247,7041,4708,1923,1051,0,0,5,71,26,33,41,41,115,120,194,132,143,115,85,47,23,0,0,5,130,34,41,39,49,73,99,227,112,264,269,141,15,3,0,0,0,6,0,0,0,0,0,1,6,2,5,8,2,0,0,0,0,0,0,3,0,2,2,0,2,1,2,3,1,1,0,0,0,0,0,0,0,0,0,0,0,0,0,0,1,0,0,0,0,194,567,939099,1109476,885638,908101,950158,1010139,931958,949782,1137316,1170324,1027291,868611,632963,397657,391187,1,8,1698,2174,2005,1894,1647,1442,1243,1039,954,648,399,290,198,134,118
2021-10-09,157,462,494709,581105,464274,472057,491602,517600,473053,481657,573273,587682,513717,433111,314573,198633,198409,0,1,627,480,489,439,410,342,248,256,210,117,52,41,24,11,11,37,105,446068,527136,421600,435884,457904,491185,452823,460723,552863,575739,506229,428316,313614,197133,191765,0,0,1454,1347,1122,929,848,778,640,526,461,279,117,86,50,36,30,0,1,404,2983,1359,1513,1899,2451,6977,8192,11758,7261,7315,7119,4752,1944,1065,0,0,6,51,21,26,30,28,80,109,135,76,68,78,44,21,14,0,0,5,134,34,41,39,49,75,100,228,112,264,280,143,15,3,0,0,0,4,0,0,0,0,2,1,1,0,0,11,2,0,0,0,0,0,0,3,0,2,2,0,2,1,2,3,1,1,0,0,0,0,0,0,0,0,0,0,0,0,0,0,0,0,0,0,0,194,568,941186,1111358,887270,909495,951446,1011287,932928,950674,1138123,1170796,1027528,868827,633083,397725,391242,0,1,2087,1882,1632,1394,1288,1148,970,892,807,472,237,216,120,68,55
2021-10-10,158,464,494983,581386,464557,472291,491796,517788,473182,481750,573356,587733,513747,433131,314583,198638,198412,1,2,274,281,283,234,194,188,129,93,83,51,30,20,10,5,3,37,105,446585,527761,422070,436363,458300,491503,453092,460938,553047,575867,506292,428356,313638,197144,191780,0,0,517,625,470,479,396,318,269,215,184,128,63,40,24,11,15,0,1,406,3012,1367,1522,1905,2480,7024,8238,11826,7300,7355,7146,4773,1950,1069,0,0,2,29,8,9,6,29,47,46,68,39,40,27,21,6,4,0,0,5,136,34,41,39,49,76,100,230,112,265,281,143,15,3,0,0,0,2,0,0,0,0,1,0,2,0,1,1,0,0,0,0,0,0,0,3,0,2,2,0,2,1,2,3,1,1,0,0,0,0,0,0,0,0,0,0,0,0,0,0,0,0,0,0,0,195,570,941979,1112295,888031,910217,952042,1011822,933374,951028,1138460,1171014,1027662,868915,633138,397747,391264,1,2,793,937,761,722,596,535,446,354,337,218,134,88,55,22,22
2021-10-11,158,464,495183,581619,464788,472527,491971,517915,473273,481832,573438,587781,513779,433150,314598,198641,198415,0,0,200,233,231,236,175,127,91,82,82,48,32,19,15,3,3,37,105,446901,528283,422477,436740,458640,491793,453307,461117,553167,575979,506354,428388,313660,197155,191796,0,0,316,522,407,377,340,290,215,179,120,112,62,32,22,11,16,0,1,407,3039,1375,1532,1915,2492,7055,8288,11887,7331,7392,7181,4812,1961,1073,0,0,1,27,8,10,10,12,31,50,61,31,37,35,39,11,4,0,0,5,136,36,41,40,49,76,101,231,112,266,284,145,15,3,0,0,0,0,2,0,1,0,0,1,1,0,1,3,2,0,0,0,0,0,0,3,0,2,2,0,2,1,2,3,1,1,0,0,0,0,0,0,0,0,0,0,0,0,0,0,0,0,0,0,0,195,570,942496,1113077,888679,910840,952568,1012251,933711,951340,1138724,1171205,1027794,869004,633216,397772,391287,0,0,517,782,648,623,526,429,337,312,264,191,132,89,78,25,23
2021-10-12,158,466,495517,582127,465223,472937,492330,518195,473486,482024,573595,587888,513833,433184,314621,198659,198433,0,2,334,508,435,410,359,280,213,192,157,107,54,34,23,18,18,37,105,447609,529195,423291,437459,459243,492307,453726,461434,553429,576145,506464,428466,313687,197183,191831,0,0,708,912,814,719,603,514,419,317,262,166,110,78,27,28,35,1,1,410,3070,1389,1555,1934,2523,7145,8393,12035,7444,7482,7310,4908,2021,1220,1,0,3,31,14,23,19,31,90,105,148,113,90,129,96,60,147,0,0,5,139,36,42,40,49,76,104,232,113,274,286,150,15,3,0,0,0,3,0,1,0,0,0,3,1,1,8,2,5,0,0,0,0,0,0,3,0,2,2,0,2,1,2,3,1,1,0,0,0,0,0,0,0,0,0,0,0,0,0,0,0,0,0,0,0,196,572,943541,1114531,889942,911993,953549,1013076,934433,951957,1139292,1171592,1028056,869247,633367,397878,391487,1,2,1045,1454,1263,1153,981,825,722,617,568,387,262,243,151,106,200
2021-10-13,158,466,495903,582678,465756,473456,492761,518573,473747,482242,573786,588025,513921,433227,314661,198682,198449,0,0,386,551,533,519,431,378,261,218,191,137,88,43,40,23,16,37,107,448542,530417,424228,438389,459996,492931,454221,461869,553779,576372,506600,428556,313768,197224,191907,0,2,933,1222,937,930,753,624,495,435,350,227,136,90,81,41,76,1,1,414,3111,1414,1582,1973,2555,7275,8545,12264,7588,7635,7454,5020,2070,1288,0,0,4,41,25,27,39,32,130,152,229,144,153,144,112,49,68,0,0,5,139,38,42,41,49,77,106,235,114,278,297,154,15,3,0,0,0,0,2,0,1,0,1,2,3,1,4,11,4,0,0,0,0,0,0,3,0,2,2,0,2,1,3,3,1,1,0,0,0,0,0,0,0,0,0,0,0,0,0,1,0,0,0,0,0,196,574,944864,1116345,891439,913469,954773,1014110,935320,952764,1140065,1172102,1028437,869535,633604,397991,391647,0,2,1323,1814,1497,1476,1224,1034,887,807,773,510,381,288,237,113,160
2021-10-14,158,468,496409,583294,466361,474008,493220,518956,474008,482497,573991,588169,514006,433294,314699,198692,198469,0,2,506,616,605,552,459,383,261,255,205,144,85,67,38,10,20,37,111,449641,531616,425241,439352,460801,493601,454695,462308,554182,576659,506752,428674,313832,197285,191947,0,4,1099,1199,1013,963,805,670,474,439,403,287,152,118,64,61,40,1,1,417,3140,1441,1603,2012,2603,7425,8736,12516,7740,7798,7611,5174,2158,1382,0,0,3,29,27,21,39,48,150,191,252,152,163,157,154,88,94,0,0,5,142,39,46,41,49,78,107,241,115,280,303,159,15,3,0,0,0,3,1,4,0,0,1,1,6,1,2,6,5,0,0,0,0,0,0,3,1,2,2,0,2,1,3,3,1,1,0,0,0,0,0,0,0,1,0,0,0,0,0,0,0,0,0,0,0,196,580,946472,1118192,893085,915010,956076,1015211,936206,953650,1140931,1172686,1028839,869883,633865,398150,391801,0,6,1608,1847,1646,1541,1303,1101,886,886,866,584,402,348,261,159,154
2021-10-15,158,472,496871,583875,466948,474605,493658,519340,474306,482744,574191,588311,514095,433335,314730,198710,198496,0,4,462,581,587,597,438,384,298,247,200,142,89,41,31,18,27,37,116,450567,532842,426272,440338,461704,494300,455242,462757,554592,576921,506910,428799,313936,197371,192103,0,5,926,1226,1031,986,903,699,547,449,410,262,158,125,104,86,156,1,1,424,3173,1477,1629,2053,2672,7562,8919,12753,7917,7991,7834,5416,2362,1925,0,0,7,33,36,26,41,69,137,183,237,177,193,223,242,204,543,0,0,5,149,40,54,42,49,78,109,243,116,284,309,162,15,3,0,0,0,7,1,8,1,0,0,2,2,1,4,6,3,0,0,0,0,0,0,3,1,2,2,0,2,1,3,3,1,1,0,0,0,0,0,0,0,0,0,0,0,0,0,0,0,0,0,0,0,196,589,947867,1120039,894740,916627,957459,1016363,937188,954531,1141780,1173268,1029283,870278,634245,398458,392527,0,9,1395,1847,1655,1617,1383,1152,982,881,849,582,444,395,380,308,726
2021-10-16,158,473,497500,584406,467525,475132,494045,519653,474578,482983,574393,588439,514157,433381,314746,198719,198507,0,1,629,531,577,527,387,313,272,239,202,128,62,46,16,9,11,37,118,451885,533968,427238,441263,462531,494952,455750,463179,554971,577164,507061,428883,313982,197419,192134,0,2,1318,1126,966,925,827,652,508,422,379,243,151,84,46,48,31,1,1,441,3211,1501,1652,2085,2712,7653,9011,12889,8021,8100,7944,5497,2400,1980,0,0,17,38,24,23,32,40,91,92,136,104,109,110,81,38,55,0,0,5,150,41,55,42,49,78,110,245,118,285,315,167,15,3,0,0,0,1,1,1,0,0,0,1,2,2,1,6,5,0,0,0,0,0,0,3,1,2,2,2,2,1,3,3,1,1,0,0,0,0,0,0,0,0,0,0,2,0,0,0,0,0,0,0,0,196,592,949831,1121735,896308,918103,958705,1017368,938061,955285,1142499,1173745,1029606,870524,634393,398553,392624,0,3,1964,1696,1568,1476,1246,1005,873,754,719,477,323,246,148,95,97
2021-10-17,158,474,497755,584680,467799,475362,494227,519799,474698,483093,574480,588480,514183,433394,314756,198726,198508,0,1,255,274,274,230,182,146,120,110,87,41,26,13,10,7,1,37,119,452389,534429,427643,441640,462873,495216,455946,463326,555093,577253,507110,428913,314005,197433,192157,0,1,504,461,405,377,342,264,196,147,122,89,49,30,23,14,23,1,1,449,3217,1514,1662,2102,2726,7676,9039,12944,8063,8146,7994,5552,2446,2057,0,0,8,6,13,10,17,14,23,28,55,42,46,50,55,46,77,0,0,5,151,41,55,42,49,78,111,245,119,285,317,167,15,3,0,0,0,1,0,0,0,0,0,1,0,1,0,2,0,0,0,0,0,0,0,3,1,2,2,2,2,1,3,3,1,1,0,0,0,0,0,0,0,0,0,0,0,0,0,0,0,0,0,0,0,196,594,950598,1122477,897000,918720,959246,1017792,938400,955571,1142763,1173918,1029727,870619,634481,398620,392725,0,2,767,742,692,617,541,424,339,286,264,173,121,95,88,67,101
2021-10-18,158,475,497949,584979,468095,475577,494443,519944,474800,483173,574559,588537,514219,433418,314778,198741,198517,0,1,194,299,296,215,216,145,102,80,79,57,36,24,22,15,9,37,120,452699,534934,428090,442074,463191,495451,456159,463505,555241,577364,507198,428968,314076,197515,192317,0,1,310,505,447,434,318,235,213,179,148,111,88,55,71,82,160,1,1,450,3228,1519,1684,2115,2752,7717,9075,13020,8151,8278,8145,5777,2708,2762,0,0,1,11,5,22,13,26,41,36,76,88,132,151,225,262,705,0,0,5,151,42,55,42,49,79,112,247,119,287,317,171,15,3,0,0,0,0,1,0,0,0,1,1,2,0,2,0,4,0,0,0,0,0,0,3,1,2,2,2,2,1,3,3,1,1,0,0,0,0,0,0,0,0,0,0,0,0,0,0,0,0,0,0,0,196,596,951103,1123292,897749,919391,959793,1018198,938757,955867,1143068,1174174,1029985,870849,634803,398979,393599,0,2,505,815,749,671,547,406,357,296,305,256,258,230,322,359,874
2021-10-19,158,478,498194,585372,468469,475903,494731,520156,474997,483307,574675,588606,514262,433452,314795,198754,198545,0,3,245,393,374,326,288,212,197,134,116,69,43,34,17,13,28,37,120,453146,535545,428694,442543,463619,495799,456433,463716,555450,577497,507304,429065,314174,197622,192576,0,0,447,611,604,469,428,348,274,211,209,133,106,97,98,107,259,1,1,456,3244,1534,1707,2139,2782,7766,9146,13135,8284,8478,8449,6175,3199,4068,0,0,6,16,15,23,24,30,49,71,115,133,200,304,398,491,1306,0,0,8,152,43,57,42,49,79,112,249,119,290,320,172,15,3,0,0,3,1,1,2,0,0,0,0,2,0,3,3,1,0,0,0,0,0,0,3,1,2,2,2,2,1,3,3,1,1,0,0,0,0,0,0,0,0,0,0,0,0,0,0,0,0,0,0,0,196,599,951804,1124313,898743,920211,960533,1018788,939277,956283,1143510,1174509,1030337,871287,635317,399590,395192,0,3,701,1021,994,820,740,590,520,416,442,335,352,438,514,611,1593
2021-10-20,158,481,498527,585936,468958,476351,495126,520467,475221,483490,574849,588725,514341,433498,314843,198781,198582,0,3,333,564,489,448,395,311,224,183,174,119,79,46,48,27,37,38,121,453730,536484,429494,443244,464167,496318,456803,464013,555733,577683,507451,429177,314288,197733,192904,1,1,584,939,800,701,548,519,370,297,283,186,147,112,114,111,328,1,1,463,3265,1556,1728,2169,2816,7829,9237,13282,8458,8732,8773,6677,3890,5913,0,0,7,21,22,21,30,34,63,91,147,174,254,324,502,691,1845,0,0,8,153,43,58,43,49,80,113,253,122,293,326,175,15,4,0,0,0,1,0,1,1,0,1,1,4,3,3,6,3,0,1,0,0,0,0,3,1,2,2,2,2,1,3,3,1,1,0,0,0,0,0,0,0,0,0,0,0,0,0,0,0,0,0,0,0,197,603,952728,1125838,900054,921382,961507,1019652,939935,956855,1144118,1174991,1030820,871775,635984,400419,397403,1,4,924,1525,1311,1171,974,864,658,572,608,482,483,488,667,829,2211
2021-10-21,158,484,498989,586509,469508,476942,495587,520756,475461,483733,575035,588867,514427,433540,314892,198806,198616,0,3,462,573,550,591,461,289,240,243,186,142,86,42,49,25,34,38,122,454456,537406,430344,444011,464795,496827,457207,464365,556031,577929,507614,429281,314404,197834,193140,0,1,726,922,850,767,628,509,404,352,298,246,163,104,116,101,236,1,1,470,3294,1582,1756,2202,2868,7923,9340,13467,8682,9079,9200,7313,4737,7937,0,0,7,29,26,28,33,52,94,103,185,224,347,427,636,847,2024,0,0,8,155,44,60,43,49,81,113,253,123,297,336,177,17,4,0,0,0,2,1,2,0,0,1,0,0,1,4,10,2,2,0,0,0,0,0,4,1,2,2,2,2,1,3,3,1,1,0,0,0,0,0,0,1,0,0,0,0,0,0,0,0,0,0,0,0,197,607,953923,1127364,901482,922770,962629,1020502,940674,957553,1144787,1175604,1031420,872358,636787,401394,399697,0,4,1195,1526,1428,1388,1122,850,739,698,669,613,600,583,803,975,2294
2021-10-22,158,486,499416,587044,470010,477412,495991,521087,475719,483943,575223,588966,514491,433585,314918,198820,198646,0,2,427,535,502,470,404,331,258,210,188,99,64,45,26,14,30,38,124,455206,538304,431256,444760,465433,497366,457635,464700,556337,578153,507720,429392,314501,197926,193454,0,2,750,898,912,749,638,539,428,335,306,224,106,111,97,92,314,1,1,475,3324,1604,1786,2232,2914,8011,9446,13616,8887,9334,9475,7739,5268,9571,0,0,5,30,22,30,30,46,88,106,149,205,255,275,426,531,1634,0,0,8,156,44,60,44,49,82,116,259,125,299,337,179,17,4,0,0,0,1,0,0,1,0,1,3,6,2,2,1,2,0,0,0,0,0,0,4,1,2,2,2,2,1,3,3,1,1,0,0,0,0,0,0,0,0,0,0,0,0,0,0,0,0,0,0,0,197,611,955105,1128828,902918,924019,963702,1021418,941449,958207,1145436,1176134,1031847,872790,637338,402031,401675,0,4,1182,1464,1436,1249,1073,916,775,654,649,530,427,432,551,637,1978
2021-10-23,159,488,499980,587493,470472,477861,496330,521416,475952,484161,575385,589076,514559,433618,314937,198831,198652,1,2,564,449,462,449,339,329,233,218,162,110,68,33,19,11,6,38,126,456317,539132,431990,445452,466043,497856,458022,465020,556632,578331,507820,429459,314548,197961,193483,0,2,1111,828,734,692,610,490,387,320,295,178,100,67,47,35,29,1,1,480,3352,1616,1822,2253,2948,8069,9510,13721,8981,9456,9593,7857,5344,9710,0,0,5,28,12,36,21,34,58,64,105,94,122,118,118,76,139,0,0,8,158,45,60,44,49,84,117,260,125,302,339,181,17,4,0,0,0,2,1,0,0,0,2,1,1,0,3,2,2,0,0,0,0,0,0,4,1,2,2,2,2,1,3,3,1,1,0,0,0,0,0,0,0,0,0,0,0,0,0,0,0,0,0,0,0,198,615,956785,1130135,904127,925196,964672,1022271,942129,958810,1145999,1176516,1032140,873010,637524,402153,401849,1,4,1680,1307,1209,1177,970,853,680,603,563,382,293,220,186,122,174
2021-10-24,159,488,500223,587712,470676,478046,496477,521540,476049,484240,575443,589116,514584,433633,314942,198837,198658,0,0,243,219,204,185,147,124,97,79,58,40,25,15,5,6,6,38,126,456713,539520,432326,445729,466271,498099,458205,465155,556730,578391,507861,429486,314566,197975,193490,0,0,396,388,336,277,228,243,183,135,98,60,41,27,18,14,7,1,1,485,3361,1624,1828,2262,2964,8089,9534,13758,9018,9498,9666,7914,5394,9848,0,0,5,9,8,6,9,16,20,24,37,37,42,73,57,50,138,0,0,8,159,45,60,44,49,84,119,263,126,303,340,181,18,4,0,0,0,1,0,0,0,0,0,2,3,1,1,1,0,1,0,0,0,0,0,4,2,2,2,2,2,1,3,3,1,1,0,0,0,0,0,0,0,1,0,0,0,0,0,0,0,0,0,0,0,198,615,957429,1130752,904675,925665,965056,1022654,942429,959050,1146195,1176654,1032249,873126,637604,402224,402000,0,0,644,617,548,469,384,383,300,240,196,138,109,116,80,71,151
2021-10-25,159,488,500381,588002,470930,478289,496667,521695,476151,484326,575515,589150,514608,433657,314958,198847,198680,0,0,158,290,254,243,190,155,102,86,72,34,24,24,16,10,22,38,126,457024,539914,432694,446056,466517,498308,458363,465302,556850,578483,507941,429545,314655,198056,193752,0,0,311,394,368,327,246,209,158,147,120,92,80,59,89,81,262,1,1,493,3372,1640,1840,2286,2990,8128,9580,13856,9159,9737,10016,8455,6246,12407,0,0,8,11,16,12,24,26,39,46,98,141,239,350,541,852,2559,0,0,8,160,46,60,45,50,85,120,263,126,305,343,181,19,6,0,0,0,1,1,0,1,1,1,1,0,0,2,3,0,1,2,0,0,0,0,4,2,2,2,2,2,1,3,3,1,1,0,0,0,0,0,0,0,0,0,0,0,0,0,0,0,0,0,0,0,198,615,957906,1131448,905314,926247,965517,1023045,942729,959330,1146485,1176921,1032594,873562,638250,403168,404845,0,0,477,696,639,582,461,391,300,280,290,267,345,436,646,944,2845
2021-10-26,159,491,500590,588375,471267,478596,496925,521885,476315,484433,575627,589231,514663,433694,314976,198863,198708,0,3,209,373,337,307,258,190,164,107,112,81,55,37,18,16,28,38,126,457337,540454,433222,446530,466882,498619,458587,465493,557029,578611,508046,429649,314766,198182,194080,0,0,313,540,528,474,365,311,224,191,179,128,105,104,111,126,328,1,1,499,3389,1659,1861,2310,3017,8185,9645,13998,9369,10016,10403,9074,7060,14956,0,0,6,17,19,21,24,27,57,65,142,210,279,387,619,814,2549,0,0,8,161,47,60,45,50,86,120,272,128,306,347,184,19,8,0,0,0,1,1,0,0,0,1,0,9,2,1,4,3,0,2,0,0,0,0,4,2,2,2,2,2,1,3,3,1,1,0,0,0,0,0,0,0,0,0,0,0,0,0,0,0,0,0,0,0,198,618,958434,1132379,906199,927049,966164,1023573,943175,959693,1146927,1177342,1033034,874094,639001,404124,407752,0,3,528,931,885,802,647,528,446,363,442,421,440,532,751,956,2907
2021-10-27,160,498,500894,588854,471694,478997,497243,522107,476501,484573,575752,589334,514721,433735,315008,198882,198749,1,7,304,479,427,401,318,222,186,140,125,103,58,41,32,19,41,38,127,457806,541171,433900,447146,467367,499039,458896,465724,557245,578759,508166,429749,314885,198268,194332,0,1,469,717,678,616,485,420,309,231,216,148,120,100,119,86,252,1,1,508,3435,1684,1884,2340,3048,8247,9719,14169,9549,10340,10954,9946,8312,17996,0,0,9,46,25,23,30,31,62,74,171,180,324,551,872,1252,3040,0,0,8,167,51,60,45,50,87,120,274,129,309,348,184,20,11,0,0,0,6,4,0,0,0,1,0,2,1,3,1,0,1,3,0,0,0,0,4,2,2,3,2,3,1,3,3,1,1,0,0,0,0,0,0,0,0,0,1,0,1,0,0,0,0,0,0,0,199,626,959216,1133627,907333,928089,966997,1024247,943733,960139,1147441,1177774,1033539,874787,640024,405482,411088,1,8,782,1248,1134,1040,833,674,558,446,514,432,505,693,1023,1358,3336
2021-10-28,160,499,501234,589335,472197,479461,497559,522374,476684,484726,575890,589426,514773,433764,315027,198895,198778,0,1,340,481,503,464,316,267,183,153,138,92,52,29,19,13,29,38,128,458318,541983,434655,447846,467943,499499,459266,465993,557510,578957,508293,429857,314993,198397,194584,0,1,512,812,755,700,576,460,370,269,265,198,127,108,108,129,252,1,1,512,3453,1699,1913,2376,3091,8313,9794,14344,9749,10642,11442,10780,9292,19953,0,0,4,18,15,29,36,43,66,75,175,200,302,488,834,980,1957,0,0,8,169,51,60,45,50,87,122,274,131,309,351,187,20,14,0,0,0,2,0,0,0,0,0,2,0,2,0,3,3,0,3,0,0,0,0,4,2,2,3,2,3,1,3,3,1,1,0,0,0,0,0,0,0,0,0,0,0,0,0,0,0,0,0,0,0,199,628,960072,1134940,908606,929282,967925,1025017,944352,960638,1148019,1178266,1034020,875415,640988,406604,413329,0,2,856,1313,1273,1193,928,770,619,499,578,492,481,628,964,1122,2241
2021-10-29,161,502,501546,589779,472605,479894,497896,522638,476878,484893,576009,589504,514824,433789,315045,198919,198804,1,3,312,444,408,433,337,264,194,167,119,78,51,25,18,24,26,38,129,458893,542815,435369,448534,468487,499974,459663,466354,557802,579155,508385,429963,315092,198480,194755,0,1,575,832,714,688,544,475,397,361,292,198,92,106,99,83,171,1,1,518,3475,1721,1946,2413,3135,8381,9906,14474,9958,10903,11874,11494,10253,22071,0,0,6,22,22,33,37,44,68,112,130,209,261,432,714,961,2118,0,0,8,170,51,60,45,51,87,123,280,134,312,353,191,20,16,0,0,0,1,0,0,0,1,0,1,6,3,3,2,4,0,2,0,0,0,1,4,2,2,3,2,3,1,3,3,1,1,0,0,0,0,0,1,0,0,0,0,0,0,0,0,0,0,0,0,0,200,632,960965,1136240,909750,930436,968843,1025801,945011,961279,1148566,1178754,1034427,875980,641823,407672,415646,1,4,893,1300,1144,1154,918,784,659,641,547,488,407,565,835,1068,2317
2021-10-30,161,507,502003,590153,472952,480247,498203,522891,477066,485048,576135,589584,514869,433817,315073,198931,198812,0,5,457,374,347,353,307,253,188,155,126,80,45,28,28,12,8,38,131,459754,543470,436010,449140,469003,500431,459997,466652,558044,579319,508476,430021,315120,198506,194792,0,2,861,655,641,606,516,457,334,298,242,164,91,58,28,26,37,1,1,528,3497,1732,1961,2435,3168,8445,9971,14575,10078,11028,12035,11655,10393,22375,0,0,10,22,11,15,22,33,64,65,101,120,125,161,161,140,304,0,0,8,176,53,63,48,51,87,124,285,134,315,356,193,20,16,0,0,0,6,2,3,3,0,0,1,5,0,3,3,2,0,0,0,0,0,1,4,2,2,3,2,3,1,3,3,1,1,0,0,0,0,0,0,0,0,0,0,0,0,0,0,0,0,0,0,0,200,639,962293,1137297,910751,931413,969691,1026544,945597,961798,1149040,1179118,1034691,876230,642042,407850,415995,0,7,1328,1057,1001,977,848,743,586,519,474,364,264,250,219,178,349
2021-10-31,163,510,502163,590306,473100,480403,498303,522988,477120,485120,576181,589613,514879,433836,315077,198932,198814,2,3,160,153,148,156,100,97,54,72,46,29,10,19,4,1,2,38,131,460012,543812,436263,449387,469202,500565,460106,466753,558121,579377,508510,430033,315131,198523,194807,0,0,258,342,253,247,199,134,109,101,77,58,34,12,11,17,15,1,1,531,3505,1739,1966,2442,3178,8457,9999,14612,10111,11087,12113,11740,10462,22450,0,0,3,8,7,5,7,10,12,28,37,33,59,78,85,69,75,0,0,8,177,53,64,48,52,89,124,286,136,317,357,193,20,16,0,0,0,1,0,1,0,1,2,0,1,2,2,1,0,0,0,0,0,0,1,4,2,2,3,2,3,1,3,3,1,1,0,0,0,0,0,0,0,0,0,0,0,0,0,0,0,0,0,0,0,202,642,962714,1137801,911159,931822,969997,1026786,945774,961999,1149201,1179240,1034796,876340,642142,407937,416087,2,3,421,504,408,409,306,242,177,201,161,122,105,110,100,87,92
2021-11-01,164,512,502309,590529,473307,480586,498451,523101,477203,485189,576253,589650,514906,433852,315092,198948,198841,1,2,146,223,207,183,148,113,83,69,72,37,27,16,15,16,27,38,131,460186,544144,436567,449670,469427,500759,460242,466864,558223,579458,508572,430083,315213,198611,195112,0,0,174,332,304,283,225,194,136,111,102,81,62,50,82,88,305,1,1,532,3519,1747,1981,2464,3202,8497,10051,14703,10276,11356,12695,12742,11948,26039,0,0,1,14,8,15,22,24,40,52,91,165,269,582,1002,1486,3589,0,0,8,179,53,65,48,53,89,126,289,139,321,360,195,20,20,0,0,0,2,0,1,0,1,0,2,3,3,4,3,2,0,4,0,0,0,1,4,2,2,3,2,3,1,3,3,1,1,0,0,0,0,0,0,0,0,0,0,0,0,0,0,0,0,0,0,0,203,644,963035,1138372,911678,932304,970392,1027118,946033,962233,1149469,1179526,1035158,876991,643243,409527,420012,1,2,321,571,519,482,395,332,259,234,268,286,362,651,1101,1590,3925
2021-11-02,164,521,502480,590806,473598,480878,498655,523259,477324,485284,576325,589685,514938,433870,315113,198971,198869,0,9,171,277,291,292,204,158,121,95,72,35,32,18,21,23,28,38,131,460367,544557,436919,450015,469704,500997,460390,466994,558338,579534,508632,430146,315287,198696,195309,0,0,181,413,352,345,277,238,148,130,115,76,60,63,74,85,197,2,1,538,3540,1760,1991,2477,3219,8544,10111,14800,10451,11679,13326,13826,13539,29801,1,0,6,21,13,10,13,17,47,60,97,175,323,631,1084,1591,3762,0,0,8,180,54,65,49,54,90,126,290,141,323,364,201,21,20,0,0,0,1,1,0,1,1,1,0,1,2,2,4,6,1,0,0,0,0,1,4,2,2,3,2,3,1,3,3,1,1,0,0,0,0,0,0,0,0,0,0,0,0,0,0,0,0,0,0,0,204,653,963393,1139084,912335,932951,970887,1027532,946350,962518,1149754,1179814,1035575,877707,644428,411227,423999,1,9,358,712,657,647,495,414,317,285,285,288,417,716,1185,1700,3987
2021-11-03,164,525,502747,591201,474002,481246,498906,523473,477473,485396,576415,589757,514987,433900,315130,198992,198898,0,4,267,395,404,368,251,214,149,112,90,72,49,30,17,21,29,38,131,460709,545162,437484,450530,470082,501303,460618,467182,558508,579659,508716,430220,315366,198788,195531,0,0,342,605,565,515,378,306,228,188,170,125,84,74,79,92,222,2,2,544,3557,1781,2008,2513,3252,8596,10178,14963,10680,12061,13967,15018,15162,33343,0,1,6,17,21,17,36,33,52,67,163,229,382,641,1192,1623,3542,0,0,8,180,55,65,49,55,90,126,294,142,327,369,205,24,24,0,0,0,0,1,0,0,1,0,0,4,1,4,5,4,3,4,0,0,0,1,4,2,2,3,2,3,1,3,3,1,1,0,0,0,0,0,0,0,0,0,0,0,0,0,0,0,0,0,0,0,204,658,964008,1140101,913326,933851,971552,1028086,946779,962885,1150181,1180241,1036094,878457,645720,412966,427796,0,5,615,1017,991,900,665,554,429,367,427,427,519,750,1292,1739,3797
2021-11-04,164,527,503119,591710,474474,481676,499201,523761,477640,485527,576526,589849,515038,433930,315156,199007,198918,0,2,372,509,472,430,295,288,167,131,111,92,51,30,26,15,20,38,132,461232,545909,438209,451154,470614,501757,460939,467476,558755,579806,508825,430315,315452,198876,195715,0,1,523,747,725,624,532,454,321,294,247,147,109,95,86,88,184,2,2,550,3576,1797,2027,2535,3303,8662,10260,15144,10913,12418,14617,16180,16826,36838,0,0,6,19,16,19,22,51,66,82,181,233,357,650,1162,1664,3495,0,0,10,182,55,65,49,57,92,126,296,143,328,370,208,26,27,0,0,2,2,0,0,0,2,2,0,2,1,1,1,3,2,3,0,0,0,1,4,3,2,3,2,3,1,3,3,1,1,0,0,0,0,0,0,0,1,0,0,0,0,0,0,0,0,0,0,0,204,661,964911,1141378,914539,934925,972401,1028881,947335,963392,1150722,1180714,1036612,879233,646997,414735,431498,0,3,903,1277,1213,1074,849,795,556,507,541,473,518,776,1277,1769,3702
2021-11-05,164,530,503551,592149,474905,482067,499503,524005,477800,485666,576627,589925,515077,433949,315169,199015,198944,0,3,432,439,431,391,302,244,160,139,101,76,39,19,13,8,26,38,133,461728,546549,438907,451764,471111,502203,461254,467703,558997,579937,508905,430373,315506,198931,195874,0,1,496,640,698,610,497,446,315,227,242,131,80,58,54,55,159,2,2,560,3609,1817,2060,2557,3342,8727,10339,15277,11093,12743,15286,17330,18320,40162,0,0,10,33,20,33,22,39,65,79,133,180,325,669,1150,1494,3324,0,0,10,188,56,65,51,58,95,127,300,145,333,371,212,27,30,0,0,0,6,1,0,2,1,3,1,4,2,5,1,4,1,3,0,0,0,1,4,4,2,3,2,3,1,3,3,1,1,0,0,0,0,0,0,0,1,0,0,0,0,0,0,0,0,0,0,0,204,665,965849,1142496,915689,935960,973224,1029611,947878,963838,1151202,1181103,1037061,879980,648218,416293,435010,0,4,938,1118,1150,1035,823,730,543,446,480,389,449,747,1221,1558,3512
2021-11-06,164,536,504071,592598,475279,482430,499764,524217,477971,485796,576726,589979,515111,433974,315182,199018,198952,0,6,520,449,374,363,261,212,171,130,99,54,34,25,13,3,8,38,134,462392,547136,439450,452268,471560,502561,461520,467951,559204,580056,508961,430411,315529,198965,195907,0,1,664,587,543,504,449,358,266,248,207,119,56,38,23,34,33,2,3,571,3629,1835,2081,2591,3372,8787,10408,15377,11200,12864,15472,17552,18489,40357,0,1,11,20,18,21,34,30,60,69,100,107,121,186,222,169,195,0,0,10,190,57,65,52,59,98,128,305,146,337,373,216,27,31,0,0,0,2,1,0,1,1,3,1,5,1,4,2,4,0,1,0,0,0,1,4,4,2,3,2,4,1,4,4,2,1,0,0,0,0,0,0,0,0,0,0,0,1,0,1,1,1,0,0,0,204,673,967044,1143554,916625,936848,973969,1030212,948378,964287,1151613,1181385,1037277,880232,648480,416499,435247,0,8,1195,1058,936,888,745,601,500,449,411,282,216,252,262,206,237
2021-11-07,164,544,504373,592857,475527,482616,499899,524349,478069,485859,576783,590022,515128,433983,315191,199022,198954,0,8,302,259,248,186,135,132,98,63,57,43,17,9,9,4,2,39,136,462701,547471,439735,452544,471785,502750,461664,468054,559295,580099,508992,430433,315545,198974,195914,1,2,309,335,285,276,225,189,144,103,91,43,31,22,16,9,7,2,3,583,3638,1844,2093,2610,3390,8809,10446,15451,11263,12969,15601,17670,18595,40515,0,0,12,9,9,12,19,18,22,38,74,63,105,129,118,106,158,0,0,10,190,57,66,55,60,99,128,305,146,339,373,217,27,31,0,0,0,0,0,1,3,1,1,0,0,0,2,0,1,0,0,0,0,0,1,4,4,2,3,2,5,1,4,4,2,1,0,0,0,0,0,0,0,0,0,0,0,1,0,0,0,0,0,0,0,205,683,967667,1144157,917167,937323,974351,1030552,948643,964492,1151835,1181534,1037432,880392,648624,416618,435414,1,10,623,603,542,475,382,340,265,205,222,149,155,160,144,119,167
2021-11-08,164,547,504509,593103,475763,482806,500023,524439,478149,485918,576844,590061,515158,433997,315202,199034,198972,0,3,136,246,236,190,124,90,80,59,61,39,30,14,11,12,18,39,136,462853,547786,440020,452818,471988,502897,461762,468151,559374,580164,509030,430470,315591,199028,196049,0,0,152,315,285,274,203,147,98,97,79,65,38,37,46,54,135,2,3,584,3647,1859,2113,2629,3414,8830,10481,15519,11399,13265,16242,18774,20117,43896,0,0,1,9,15,20,19,24,21,35,68,136,296,641,1104,1522,3381,0,0,10,192,57,66,55,60,99,129,305,147,340,376,219,27,33,0,0,0,2,0,0,0,0,0,1,0,1,1,3,2,0,2,0,0,0,1,4,4,2,3,2,5,1,4,4,2,1,0,0,0,0,0,0,0,0,0,0,0,0,0,0,0,0,0,0,0,205,686,967956,1144729,917703,937807,974697,1030813,948842,964684,1152043,1181775,1037797,881087,649787,418206,438950,0,3,289,572,536,484,346,261,199,192,208,241,365,695,1163,1588,3536
2021-11-09,164,568,504643,593392,476015,483009,500175,524585,478230,485982,576909,590091,515182,434015,315220,199050,199000,0,21,134,289,252,203,152,146,81,64,65,30,24,18,18,16,28,39,136,463079,548169,440403,453168,472245,503099,461936,468314,559499,580263,509092,430526,315661,199116,196281,0,0,226,383,383,350,257,202,174,163,125,99,62,56,70,88,232,2,3,585,3662,1873,2140,2654,3440,8865,10531,15624,11562,13569,16834,19811,21526,47348,0,0,1,15,14,27,25,26,35,50,105,163,304,592,1037,1409,3452,0,0,10,192,57,66,55,60,99,129,306,149,342,381,219,28,34,0,0,0,0,0,0,0,0,0,0,1,2,2,5,0,1,1,0,0,0,1,4,4,2,3,2,5,1,4,4,2,2,0,0,0,0,0,0,0,0,0,0,0,0,0,0,0,0,1,0,0,205,707,968317,1145416,918352,938387,975131,1031187,949132,964961,1152339,1182069,1038189,881758,650913,419720,442663,0,21,361,687,649,580,434,374,290,277,296,294,392,671,1126,1514,3713
2021-11-10,164,574,504951,593811,476421,483312,500443,524787,478361,486098,577006,590154,515231,434043,315233,199063,199016,0,6,308,419,406,303,268,202,131,116,97,63,49,28,13,13,16,39,137,463464,548816,441017,453715,472701,503462,462195,468512,559703,580382,509184,430593,315737,199172,196466,0,1,385,647,614,547,456,363,259,198,204,119,92,67,76,56,185,2,3,591,3681,1894,2171,2680,3490,8936,10620,15780,11804,13983,17557,21023,23078,50696,0,0,6,19,21,31,26,50,71,89,156,242,414,723,1212,1552,3348,0,0,10,194,57,67,55,61,99,132,308,153,345,384,223,30,37,0,0,0,2,0,1,0,1,0,3,2,4,3,3,4,2,3,0,0,0,1,4,4,2,3,3,5,1,4,4,4,2,0,0,0,0,0,0,0,0,0,0,1,0,0,0,0,2,0,0,0,205,714,969016,1146503,919393,939269,975881,1031803,949594,965367,1152798,1182497,1038747,882581,652218,421343,446215,0,7,699,1087,1041,882,750,616,462,406,459,428,558,823,1305,1623,3552
2021-11-11,165,581,505369,594272,476832,483632,500713,525018,478505,486230,577110,590208,515278,434081,315252,199075,199040,1,7,418,461,411,320,270,231,144,132,104,54,47,38,19,12,24,39,138,463968,549510,441669,454353,473187,503832,462470,468768,559892,580540,509286,430679,315814,199236,196611,0,1,504,694,652,638,486,370,275,256,189,158,102,86,77,64,145,2,6,603,3698,1917,2196,2702,3526,9002,10700,15907,12014,14428,18400,22347,24677,53734,0,3,12,17,23,25,22,36,66,80,127,210,445,843,1324,1599,3038,0,0,10,198,59,70,57,61,101,133,309,154,347,384,224,31,41,0,0,0,4,2,3,2,0,2,1,1,1,2,0,1,1,4,0,0,0,1,4,4,2,3,3,5,1,4,4,4,2,0,0,0,0,0,0,0,0,0,0,0,0,0,0,0,0,0,0,0,206,725,969950,1147679,920481,940255,976661,1032440,950081,965836,1153219,1182920,1039343,883548,653639,423019,449426,1,11,934,1176,1088,986,780,637,487,469,421,423,596,967,1421,1676,3211
2021-11-12,167,584,505725,594626,477183,483961,500990,525242,478667,486328,577204,590267,515309,434102,315268,199082,199062,2,3,356,354,351,329,277,224,162,98,94,59,31,21,16,7,22,39,139,464387,550150,442274,454906,473634,504160,462757,469002,560068,580666,509367,430724,315878,199297,196808,0,1,419,640,605,553,447,328,287,234,176,126,81,45,64,61,197,2,6,610,3724,1940,2220,2733,3568,9051,10773,16038,12234,14774,19094,23471,26187,56842,0,0,7,26,23,24,31,42,49,73,131,220,346,694,1124,1510,3108,0,0,10,200,60,71,57,62,101,135,311,156,347,386,225,32,43,0,0,0,2,1,1,0,1,0,2,2,2,0,2,1,1,2,0,0,0,1,4,4,2,3,3,5,1,4,4,4,2,0,0,0,0,0,0,0,0,0,0,0,0,0,0,0,0,0,0,0,208,729,970732,1148701,921461,941162,977416,1033035,950579,966243,1153622,1183327,1039801,884310,654844,424598,452755,2,4,782,1022,980,907,755,595,498,407,403,407,458,762,1205,1579,3329
2021-11-13,167,587,506230,594966,477511,484259,501204,525425,478795,486457,577292,590334,515344,434121,315275,199091,199069,0,3,505,340,328,298,214,183,128,129,88,67,35,19,7,9,7,39,141,465050,550774,442935,455481,474069,504525,463034,469240,560298,580801,509440,430773,315893,199310,196824,0,2,663,624,661,575,435,365,277,238,230,135,73,49,15,13,16,2,9,615,3749,1960,2238,2763,3605,9101,10841,16136,12337,14937,19330,23723,26444,57212,0,3,5,25,20,18,30,37,50,68,98,103,163,236,252,257,370,0,0,10,203,61,73,57,62,101,135,313,158,348,389,229,33,43,0,0,0,3,1,2,0,0,0,0,2,2,1,3,4,1,0,0,0,0,1,4,4,2,3,3,5,1,4,4,4,2,0,0,0,0,0,0,0,0,0,0,0,0,0,0,0,0,0,0,0,208,737,971905,1149693,922471,942055,978095,1033620,951034,966678,1154040,1183634,1040073,884617,655122,424878,453148,0,8,1173,992,1010,893,679,585,455,435,418,307,272,307,278,280,393
2021-11-14,167,597,506569,595199,477696,484445,501350,525527,478873,486518,577332,590371,515361,434128,315280,199095,199074,0,10,339,233,185,186,146,102,78,61,40,37,17,7,5,4,5,39,142,465396,551094,443239,455770,474277,504695,463181,469368,560396,580864,509484,430795,315901,199318,196829,0,1,346,320,304,289,208,170,147,128,98,63,44,22,8,8,5,2,9,629,3760,1969,2251,2782,3624,9124,10877,16190,12405,15044,19487,23939,26704,57580,0,0,14,11,9,13,19,19,23,36,54,68,107,157,216,260,368,0,0,10,203,61,73,57,63,101,135,313,161,348,390,229,33,43,0,0,0,0,0,0,0,1,0,0,0,3,0,1,0,0,0,0,0,0,1,4,4,2,3,3,5,1,4,4,4,2,0,0,0,0,0,0,0,0,0,0,0,0,0,0,0,0,0,0,0,208,748,972604,1150257,922969,942543,978468,1033912,951282,966903,1154232,1183805,1040241,884804,655351,425150,453526,0,11,699,564,498,488,373,292,248,225,192,171,168,187,229,272,378
2021-11-15,167,608,506717,595446,477926,484615,501523,525648,478955,486585,577368,590409,515389,434145,315290,199103,199082,0,11,148,247,230,170,173,121,82,67,36,38,28,17,10,8,8,39,142,465545,551424,443546,456017,474507,504905,463321,469479,560489,580953,509549,430837,315956,199370,196938,0,0,149,330,307,247,230,210,140,111,93,89,65,42,55,52,109,2,9,635,3779,1986,2276,2806,3645,9166,10925,16285,12576,15442,20190,24997,28171,60254,0,0,6,19,17,25,24,21,42,48,95,171,398,703,1058,1467,2674,0,0,10,210,61,73,57,66,102,136,314,161,348,391,233,35,45,0,0,0,7,0,0,0,3,1,1,1,0,0,1,4,2,2,0,0,0,1,4,4,2,3,3,5,1,4,4,4,2,0,0,0,0,0,0,0,0,0,0,0,0,0,0,0,0,0,0,0,208,759,972907,1150860,923523,942985,978895,1034267,951547,967130,1154457,1184103,1040732,885567,656478,426679,456319,0,11,303,603,554,442,427,355,265,227,225,298,491,763,1127,1529,2793
2021-11-16,167,613,506887,595730,478173,484823,501685,525783,479040,486660,577422,590450,515414,434158,315305,199120,199091,0,5,170,284,247,208,162,135,85,75,54,41,25,13,15,17,9,39,143,465707,551832,443923,456294,474767,505073,463472,469580,560600,581019,509608,430869,315985,199411,197016,0,1,162,408,377,277,260,168,151,101,111,66,59,32,29,41,78,2,9,640,3787,2000,2300,2834,3674,9206,10982,16392,12785,15833,20894,25991,29370,62232,0,0,5,8,14,24,28,29,40,57,107,209,391,704,994,1199,1978,0,0,10,211,61,73,58,66,102,137,315,164,350,394,233,35,45,0,0,0,1,0,0,1,0,0,1,1,3,2,3,0,0,0,0,0,0,1,4,4,2,3,3,5,1,4,5,4,2,0,0,0,0,0,0,0,0,0,0,0,0,0,0,1,0,0,0,0,208,765,973244,1151561,924161,943494,979346,1034599,951823,967364,1154730,1184422,1041210,886319,657516,427936,458384,0,6,337,701,638,509,451,332,276,234,273,319,478,752,1038,1257,2065
2021-11-17,169,626,507151,596116,478503,485128,501946,525966,479177,486775,577513,590498,515451,434185,315324,199137,199106,2,13,264,386,330,305,261,183,137,115,91,48,37,27,19,17,15,39,144,466046,552370,444427,456715,475144,505367,463657,469741,560745,581134,509687,430918,316044,199457,197150,0,1,339,538,504,421,377,294,185,161,145,115,79,49,59,46,134,2,9,646,3804,2017,2321,2865,3705,9248,11059,16524,13000,16235,21573,26967,30699,64560,0,0,6,17,17,21,31,31,42,77,132,215,402,679,976,1329,2328,0,0,11,216,62,73,58,67,103,137,317,167,350,396,236,36,46,0,0,1,5,1,0,0,1,1,0,2,3,0,2,3,1,1,0,0,0,1,4,4,2,3,3,6,1,4,7,4,2,0,0,0,0,0,0,0,0,0,0,0,1,0,0,2,0,0,0,0,210,779,973854,1152507,925013,944241,980015,1035108,952188,967718,1155100,1184803,1041730,887076,658573,429329,460862,2,14,610,946,852,747,669,509,365,354,370,381,520,757,1057,1393,2478
2021-11-18,173,631,507516,596499,478885,485487,502187,526171,479336,486898,577622,590571,515491,434211,315343,199152,199117,4,5,365,383,382,359,241,205,159,123,109,73,40,26,19,15,11,39,144,466428,552971,444983,457318,475592,505705,463912,469975,560935,581273,509770,430969,316094,199514,197230,0,0,382,601,556,603,448,338,255,234,190,139,83,51,50,57,80,2,9,650,3839,2034,2336,2895,3757,9309,11139,16680,13290,16693,22239,28056,31910,66391,0,0,4,35,17,15,30,52,61,80,156,290,458,666,1089,1211,1831,0,0,11,221,63,74,58,68,105,137,319,174,351,397,238,36,49,0,0,0,5,1,1,0,1,2,0,2,7,1,1,2,0,3,0,0,0,1,4,4,2,3,3,6,1,4,7,4,2,0,0,0,0,0,0,0,0,0,0,0,0,0,0,0,0,0,0,0,214,784,974605,1153531,925969,945219,980734,1035704,952665,968155,1155557,1185312,1042312,887820,659733,430612,462787,4,5,751,1024,956,978,719,596,477,437,457,509,582,744,1160,1283,1925
2021-11-19,174,636,507939,596824,479209,485783,502402,526379,479495,487007,577698,590637,515526,434231,315355,199166,199131,1,5,423,325,324,296,215,208,159,109,76,66,35,20,12,14,14,39,148,466849,553559,445536,457816,476015,506026,464175,470186,561094,581376,509827,431024,316138,199544,197272,0,4,421,588,553,498,423,321,263,211,159,103,57,55,44,30,42,2,9,655,3867,2058,2372,2930,3808,9391,11226,16832,13481,17027,22778,29003,32790,67618,0,0,5,28,24,36,35,51,82,87,152,191,334,539,947,880,1227,0,0,11,229,68,74,58,68,106,138,319,175,353,399,238,38,49,0,0,0,8,5,0,0,0,1,1,0,1,2,2,0,2,0,0,0,0,2,4,4,2,3,3,6,1,4,7,4,2,0,0,0,0,0,1,0,0,0,0,0,0,0,0,0,0,0,0,0,215,793,975454,1154481,926875,946049,981407,1036284,953170,968563,1155944,1185673,1042740,888436,660736,431538,464070,1,9,849,950,906,830,673,580,505,408,387,361,428,616,1003,926,1283
2021-11-20,174,646,508483,597189,479547,486065,502657,526574,479651,487125,577785,590689,515554,434251,315371,199173,199135,0,10,544,365,338,282,255,195,156,118,87,52,28,20,16,7,4,39,148,467350,554084,446050,458316,476450,506380,464434,470424,561268,581486,509893,431055,316163,199563,197287,0,0,501,525,514,500,435,354,259,238,174,110,66,31,25,19,15,2,9,664,3889,2070,2397,2958,3836,9434,11277,16923,13574,17170,22932,29263,32952,67736,0,0,9,22,12,25,28,28,43,51,91,93,143,154,260,162,118,0,0,11,229,68,74,58,68,106,138,321,178,355,401,240,38,50,0,0,0,0,0,0,0,0,0,0,2,3,2,2,2,0,1,0,0,0,2,4,4,2,3,3,6,1,4,7,4,2,0,0,0,0,0,0,0,0,0,0,0,0,0,0,0,0,0,0,0,215,803,976508,1155393,927739,946856,982125,1036861,953628,968970,1156298,1185931,1042979,888643,661039,431726,464208,0,10,1054,912,864,807,718,577,458,407,354,258,239,207,303,188,138
2021-11-21,174,648,508789,597400,479736,486226,502770,526667,479717,487184,577821,590724,515568,434260,315377,199176,199139,0,2,306,211,189,161,113,93,66,59,36,35,14,9,6,3,4,40,150,467606,554385,446315,458564,476642,506522,464558,470550,561354,581541,509930,431071,316178,199574,197294,1,2,256,301,265,248,192,142,124,126,86,55,37,16,15,11,7,2,9,664,3901,2082,2416,2968,3848,9471,11302,16974,13647,17255,23017,29393,33061,67808,0,0,0,12,12,19,10,12,37,25,51,73,85,85,130,109,72,0,0,11,230,68,74,58,69,106,139,321,179,355,402,240,38,50,0,0,0,1,0,0,0,1,0,1,0,1,0,1,0,0,0,0,0,0,2,4,4,2,3,3,7,1,4,7,4,2,0,0,0,0,0,0,0,0,0,0,0,1,0,0,0,0,0,0,0,216,807,977070,1155918,928205,947284,982440,1037109,953855,969182,1156471,1186095,1043115,888754,661190,431849,464291,1,4,562,525,466,428,315,248,227,212,173,164,136,111,151,123,83
2021-11-22,177,651,508943,597631,479945,486442,502903,526773,479788,487253,577889,590751,515594,434274,315384,199182,199146,3,3,154,231,209,216,133,106,71,69,68,27,26,14,7,6,7,40,152,467759,554705,446619,458834,476856,506684,464686,470658,561443,581586,509984,431099,316206,199597,197316,0,2,153,320,304,270,214,162,128,108,89,45,54,28,28,23,22,3,9,664,3920,2096,2441,2992,3874,9504,11350,17090,13839,17557,23525,29992,33601,68568,1,0,0,19,14,25,24,26,33,48,116,192,302,508,599,540,760,0,0,11,230,71,76,58,69,107,139,321,181,358,404,240,39,51,0,0,0,0,3,2,0,0,1,0,0,2,3,2,0,1,1,0,0,0,2,4,4,2,3,3,7,1,4,7,4,2,0,0,0,0,0,0,0,0,0,0,0,0,0,0,0,0,0,0,0,220,812,977377,1156488,928735,947797,982811,1037403,954088,969407,1156744,1186361,1043500,889306,661824,432419,465081,4,5,307,570,530,513,371,294,233,225,273,266,385,552,634,570,790
2021-11-23,180,656,509138,597932,480220,486658,503085,526921,479883,487334,577947,590796,515628,434296,315401,199189,199156,3,5,195,301,275,216,182,148,95,81,58,45,34,22,17,7,10,40,152,467952,555077,446946,459127,477078,506865,464826,470766,561537,581645,510026,431135,316230,199608,197327,0,0,193,372,327,293,222,181,140,108,94,59,42,36,24,11,11,3,9,667,3937,2118,2469,3019,3910,9546,11398,17190,13985,17792,24322,30658,34172,69359,0,0,3,17,22,28,27,36,42,48,100,146,235,797,666,571,791,0,0,11,230,71,76,58,70,107,139,322,183,362,407,241,40,51,0,0,0,0,0,0,0,1,0,0,1,2,4,3,1,1,0,0,0,0,2,4,4,2,3,3,7,1,4,8,4,2,0,0,0,0,0,0,0,0,0,0,0,0,0,0,1,0,0,0,0,223,817,977768,1157178,929359,948334,983242,1037769,954365,969644,1156997,1186613,1043816,890164,662532,433009,465893,3,5,391,690,624,537,431,366,277,237,253,252,316,858,708,590,812
2021-11-24,184,8009,509417,598235,480495,486913,503263,527081,479991,487426,578036,590856,515677,434319,315419,199194,199161,4,7353,279,303,275,255,178,160,108,92,89,60,49,23,18,5,5,41,157,468222,555573,447363,459522,477385,507110,465006,470929,561668,581769,510089,431191,316268,199629,197391,1,5,270,496,417,395,307,245,180,163,131,124,63,56,38,21,64,3,9,672,3954,2137,2493,3041,3954,9594,11459,17344,14182,18106,25327,31528,34975,70598,0,0,5,17,19,24,22,44,48,61,154,197,314,1005,870,803,1239,0,0,11,233,71,78,58,70,108,139,323,183,363,411,244,40,51,0,0,0,3,0,2,0,0,1,0,1,0,1,4,3,0,0,0,0,0,2,4,4,2,3,3,7,1,4,8,4,2,0,0,0,0,0,0,0,0,0,0,0,0,0,0,0,0,0,0,0,228,8175,978322,1157997,930070,949010,983749,1038218,954702,969960,1157372,1186994,1044243,891252,663461,433838,467201,5,7358,554,819,711,676,507,449,337,316,375,381,427,1088,929,829,1308
2021-11-25,184,16347,509890,598631,480864,487241,503515,527298,480137,487543,578126,590923,515707,434340,315431,199199,199172,0,8338,473,396,369,328,252,217,146,117,90,67,30,21,12,5,11,41,165,468630,556175,447941,460108,477786,507432,465256,471137,561838,581896,510153,431237,316304,199648,197444,0,8,408,602,578,586,401,322,250,208,170,127,64,46,36,19,53,3,9,684,3976,2161,2527,3062,4014,9676,11561,17568,14432,18507,26425,32467,35882,71865,0,0,12,22,24,34,21,60,82,102,224,250,401,1098,939,907,1267,0,0,11,235,71,80,58,70,109,140,325,183,363,412,245,40,53,0,0,0,2,0,2,0,0,1,1,2,0,0,1,1,0,2,0,0,0,2,4,4,2,3,3,7,1,4,8,4,2,0,0,0,0,0,0,0,0,0,0,0,0,0,0,0,0,0,0,0,228,16521,979215,1159019,931041,949960,984423,1038817,955181,970388,1157858,1187438,1044738,892418,664449,434769,468534,0,8346,893,1022,971,950,674,599,479,428,486,444,495,1166,988,931,1333
2021-11-26,188,31071,510302,598951,481149,487539,503746,527483,480259,487671,578213,590973,515737,434362,315452,199207,199186,4,14724,412,320,285,298,231,185,122,128,87,50,30,22,21,8,14,41,168,468979,556655,448453,460573,478123,507732,465465,471317,561972,581980,510211,431280,316336,199674,197500,0,3,349,480,512,465,337,300,209,180,134,84,58,43,32,26,56,3,10,691,4000,2192,2565,3116,4064,9759,11657,17798,14668,18924,27291,33357,36698,72744,0,1,7,24,31,38,54,50,83,96,230,236,417,866,890,816,879,0,0,11,237,71,80,58,70,110,140,329,183,364,412,245,40,53,0,0,0,2,0,0,0,0,1,0,4,0,1,0,0,0,0,0,0,0,2,4,4,2,3,3,7,1,4,8,4,3,0,0,0,0,0,0,0,0,0,0,0,0,0,0,0,0,1,0,0,232,31249,979983,1159845,931869,950761,985045,1039352,955596,970792,1158313,1187808,1045244,893349,665393,435619,469483,4,14728,768,826,828,801,622,535,415,404,455,370,506,931,944,850,949
2021-11-27,191,52056,510756,599187,481339,487715,503883,527593,480346,487738,578270,591009,515766,434371,315458,199211,199190,3,20985,454,236,190,176,137,110,87,67,57,36,29,9,6,4,4,41,170,469321,557015,448771,460890,478374,507930,465613,471444,562068,582052,510252,431309,316353,199687,197508,0,2,342,360,318,317,251,198,148,127,96,72,41,29,17,13,8,3,11,701,4019,2213,2593,3137,4093,9821,11726,17953,14797,19073,27682,33655,36880,72908,0,1,10,19,21,28,21,29,62,69,155,129,149,391,298,182,164,0,0,14,237,71,80,59,70,111,141,332,183,364,415,246,40,53,0,0,3,0,0,0,1,0,1,1,3,0,0,3,1,0,0,0,0,0,2,4,4,2,3,3,7,1,4,8,4,3,0,0,0,0,0,0,0,0,0,0,0,0,0,0,0,0,0,0,0,235,52237,980792,1160460,932398,951282,985455,1039689,955894,971056,1158624,1188045,1045463,893781,665715,435818,469659,3,20988,809,615,529,521,410,337,298,264,311,237,219,432,322,199,176
2021-11-28,192,71351,511033,599349,481459,487830,503964,527664,480403,487782,578310,591038,515779,434380,315462,199214,199193,1,19295,277,162,120,115,81,71,57,44,40,29,13,9,4,3,3,41,172,469488,557218,448944,461075,478524,508037,465701,471516,562121,582100,510276,431325,316363,199688,197513,0,2,167,203,173,185,150,107,88,72,53,48,24,16,10,1,5,3,11,704,4029,2225,2616,3162,4112,9868,11779,18042,14862,19200,27969,33836,36991,73010,0,0,3,10,12,23,25,19,47,53,89,65,127,287,181,111,102,0,0,14,237,71,81,59,71,112,141,333,184,365,415,247,40,53,0,0,0,0,0,1,0,1,1,0,1,1,1,0,1,0,0,0,0,0,2,5,4,2,3,3,7,1,4,8,4,3,0,0,0,0,0,0,1,0,0,0,0,0,0,0,0,0,0,0,0,236,71534,981239,1160835,932704,951606,985711,1039887,956087,971225,1158807,1188188,1045628,894093,665911,435933,469769,1,19297,447,375,306,324,256,198,193,169,183,143,165,312,196,115,110
2021-11-29,196,83679,511266,599591,481655,488009,504107,527785,480473,487864,578366,591079,515809,434397,315469,199221,199200,4,12328,233,242,196,179,143,121,70,82,56,41,30,17,7,7,7,41,179,469615,557482,449187,461326,478708,508192,465812,471607,562199,582165,510309,431360,316391,199716,197574,0,7,127,264,243,251,184,155,111,91,78,65,33,35,28,28,61,3,11,706,4051,2245,2654,3190,4160,9951,11879,18311,15092,20027,29527,35228,37697,73831,0,0,2,22,20,38,28,48,83,100,269,230,827,1558,1392,706,821,0,0,14,238,73,81,59,71,113,142,337,185,368,416,247,41,56,0,0,0,1,2,0,0,0,1,1,4,1,3,1,0,1,3,0,0,0,2,5,4,2,3,3,7,1,4,9,4,3,0,0,0,0,0,0,0,0,0,0,0,0,0,0,1,0,0,0,0,240,83869,981601,1161364,933165,952074,986066,1040211,956352,971499,1159214,1188525,1046522,895704,667338,436675,470661,4,12335,362,529,461,468,355,324,265,274,407,337,894,1611,1427,742,892
2021-11-30,197,96362,511564,599830,481897,488188,504279,527910,480551,487932,578426,591125,515838,434415,315482,199232,199215,1,12683,298,239,242,179,172,125,78,68,60,46,29,18,13,11,15,41,180,469782,557785,449467,461587,478904,508369,465923,471692,562277,582220,510347,431391,316423,199735,197614,0,1,167,303,280,261,196,177,111,85,78,55,38,31,32,19,40,3,11,711,4073,2271,2693,3225,4198,10067,12022,18694,15425,20962,32005,37371,38517,74813,0,0,5,22,26,39,35,38,116,143,383,333,935,2478,2143,820,982,0,0,14,239,73,81,60,71,114,143,340,188,370,419,250,41,58,0,0,0,1,0,0,1,0,1,1,3,3,2,3,3,0,2,0,0,0,2,5,4,2,3,3,7,1,4,9,4,3,0,0,0,0,0,0,0,0,0,0,0,0,0,0,0,0,0,0,0,241,96553,982071,1161929,933713,952553,986470,1040551,956658,971796,1159738,1188962,1047526,898234,669529,437525,471700,1,12684,470,565,548,479,404,340,306,297,524,437,1004,2530,2191,850,1039
2021-12-01,199,111068,512000,600125,482218,488487,504500,528075,480663,488025,578500,591173,515875,434438,315495,199239,199223,2,14706,436,295,321,299,221,165,112,93,74,48,37,23,13,7,8,41,212,470012,558144,449822,461890,479130,508572,466063,471795,562354,582273,510382,431434,316457,199756,197636,0,32,230,359,355,303,226,203,140,103,77,53,35,43,34,21,22,3,11,717,4102,2299,2727,3277,4257,10214,12226,19263,15821,21802,35253,39946,39371,75496,0,0,6,29,28,34,52,59,147,204,569,396,840,3248,2575,854,683,0,0,14,242,74,81,60,71,115,144,346,193,372,424,258,42,60,0,0,0,3,1,0,0,0,1,1,6,5,2,5,8,1,2,0,0,0,2,5,4,2,3,3,7,1,4,9,4,3,0,0,0,0,0,0,0,0,0,0,0,0,0,0,0,0,0,0,0,243,111291,982743,1162615,934418,953189,986969,1040978,957058,972197,1160464,1189464,1048440,901553,672159,438408,472415,2,14738,672,686,705,636,499,427,400,401,726,502,914,3319,2630,883,715
2021-12-02,200,127719,512519,600430,482546,488767,504719,528242,480788,488125,578579,591230,515905,434455,315507,199247,199231,1,16651,519,305,328,280,219,167,125,100,79,57,30,17,12,8,8,41,220,470294,558586,450185,462214,479417,508781,466220,471892,562452,582350,510410,431463,316472,199764,197655,0,8,282,442,363,324,287,209,157,97,98,77,28,29,15,8,19,3,11,722,4139,2327,2773,3330,4322,10351,12394,19805,16198,22607,37708,42142,40349,76371,0,0,5,37,28,46,53,65,137,168,542,377,805,2455,2196,978,875,0,0,14,242,75,84,60,71,116,145,349,194,374,427,262,43,62,0,0,0,0,1,3,0,0,1,1,3,1,2,3,4,1,2,0,0,0,2,6,4,2,3,3,7,1,4,9,4,3,0,0,0,0,0,0,1,0,0,0,0,0,0,0,0,0,0,0,0,244,127950,983549,1163399,935139,953842,987528,1041419,957478,972563,1161186,1189976,1049305,904057,674386,439403,473319,1,16659,806,784,721,653,559,441,420,366,722,512,865,2504,2227,995,904
2021-12-03,202,149037,512931,600666,482790,488978,504879,528384,480909,488212,578643,591269,515935,434478,315517,199254,199240,2,21318,412,236,244,211,160,142,121,87,64,39,30,23,10,7,9,41,232,470601,558958,450533,462527,479660,508997,466382,472012,562551,582411,510454,431490,316496,199776,197675,0,12,307,372,348,313,243,216,162,120,99,61,44,27,24,12,20,3,11,729,4184,2349,2816,3382,4393,10513,12587,20490,16549,23266,39759,43708,41054,77055,0,0,7,45,22,43,52,71,162,193,685,351,659,2051,1566,705,684,0,0,14,244,76,85,61,71,116,146,351,194,374,432,263,43,63,0,0,0,2,1,1,1,0,0,1,2,0,0,5,1,0,1,0,0,0,2,6,4,2,3,3,7,1,4,9,4,3,0,0,0,0,0,0,0,0,0,0,0,0,0,0,0,0,0,0,0,246,149280,984275,1164054,935754,954410,987984,1041848,957923,972964,1162036,1190427,1050038,906163,675987,440127,474033,2,21330,726,655,615,568,456,429,445,401,850,451,733,2106,1601,724,714
2021-12-04,206,170036,513488,600872,482963,489144,505026,528489,481006,488273,578703,591303,515954,434485,315520,199263,199245,4,20999,557,206,173,166,147,105,97,61,60,34,19,7,3,9,5,41,238,470880,559265,450832,462828,479832,509189,466501,472102,562632,582457,510480,431515,316511,199786,197682,0,6,279,307,299,301,172,192,119,90,81,46,26,25,15,10,7,3,11,736,4229,2373,2847,3417,4442,10628,12738,21166,16781,23710,40962,44672,41551,77360,0,0,7,45,24,31,35,49,115,151,676,232,444,1203,964,497,305,0,0,14,245,76,86,62,71,117,148,355,195,377,433,263,43,63,0,0,0,1,0,1,1,0,1,2,4,1,3,1,0,0,0,0,0,0,2,6,4,2,3,3,7,1,4,10,4,3,0,0,0,0,0,0,0,0,0,0,0,0,0,0,1,0,0,0,0,250,170285,985118,1164613,936250,954909,988339,1042194,958255,973268,1162857,1190740,1050531,907399,676969,440643,474350,4,21005,843,559,496,499,355,346,332,304,821,313,493,1236,982,516,317
2021-12-05,207,183868,513838,601033,483114,489284,505142,528554,481076,488323,578736,591326,515961,434493,315522,199264,199247,1,13832,350,161,151,140,116,65,70,50,33,23,7,8,2,1,2,41,243,471047,559480,451001,462977,479927,509302,466572,472156,562680,582482,510495,431530,316520,199791,197684,0,5,167,215,169,149,95,113,71,54,48,25,15,15,9,5,2,3,11,741,4247,2391,2876,3447,4467,10706,12853,21964,16976,24066,42046,45587,42039,77689,0,0,5,18,18,29,30,25,78,115,798,195,356,1084,915,488,329,0,0,15,247,76,86,62,71,118,149,356,196,379,434,264,43,63,0,0,1,2,0,0,0,0,1,1,1,1,2,1,1,0,0,0,0,0,2,6,4,2,3,3,7,1,4,10,4,3,0,0,0,0,0,0,0,0,0,0,0,0,0,0,0,0,0,0,0,251,184122,985641,1165009,936588,955227,988580,1042397,958475,973488,1163737,1190984,1050911,908507,677896,441137,474683,1,13837,523,396,338,318,241,203,220,220,880,244,380,1108,927,494,333
2021-12-06,207,195018,514094,601233,483265,489455,505259,528649,481158,488373,578790,591360,515980,434508,315534,199269,199252,0,11150,256,200,151,171,117,95,82,50,54,34,19,15,12,5,5,41,247,471200,559717,451271,463183,480063,509428,466660,472223,562735,582526,510535,431545,316533,199797,197692,0,4,153,237,270,206,136,126,88,67,55,44,40,15,13,6,8,3,11,744,4284,2435,2928,3504,4535,10842,13024,23045,17351,24799,44370,47458,43186,78456,0,0,3,37,44,52,57,68,136,171,1081,375,733,2324,1871,1147,767,0,0,15,247,76,86,62,72,119,151,360,197,380,435,264,43,66,0,0,0,0,0,0,0,1,1,2,4,1,1,1,0,0,3,0,0,0,2,6,4,2,3,3,7,1,4,10,4,3,0,0,0,0,0,0,0,0,0,0,0,0,0,0,0,0,0,0,0,251,195276,986053,1165483,937053,955656,988890,1042687,958782,973778,1164931,1191438,1051704,910862,679792,442295,475466,0,11154,412,474,465,429,310,290,307,290,1194,454,793,2355,1896,1158,783
2021-12-07,212,209256,514356,601428,483454,489651,505410,528763,481226,488421,578847,591389,516009,434516,315547,199272,199254,5,14238,262,195,189,196,151,114,68,48,57,29,29,8,13,3,2,41,256,471315,559971,451514,463387,480247,509551,466747,472302,562806,582578,510564,431570,316549,199810,197710,0,9,115,254,243,204,184,123,87,79,71,52,29,25,16,13,18,3,11,747,4335,2489,2998,3579,4617,10990,13259,24180,17857,25664,47362,50347,45521,80179,0,0,3,51,54,70,75,82,148,235,1135,506,865,2992,2889,2335,1723,0,0,15,247,76,87,63,73,119,153,363,199,381,440,265,44,70,0,0,0,0,0,1,1,1,0,2,3,2,1,5,1,1,4,0,0,0,2,6,4,2,3,3,7,1,4,10,4,3,0,0,0,0,0,0,0,0,0,0,0,0,0,0,0,0,0,0,0,256,209523,986433,1165983,937539,956127,989301,1043007,959085,974142,1166197,1192027,1052628,913892,682711,444647,477213,5,14247,380,500,486,471,411,320,303,364,1266,589,924,3030,2919,2352,1747
2021-12-08,213,224538,514786,601725,483737,489873,505615,528904,481331,488511,578913,591440,516049,434539,315562,199283,199266,1,15282,430,297,283,222,205,141,105,90,66,51,40,23,15,11,12,41,261,471549,560338,451871,463693,480470,509726,466898,472402,562901,582639,510594,431604,316569,199831,197734,0,5,234,367,357,306,223,175,151,100,95,61,30,34,20,21,24,3,11,755,4411,2616,3160,3767,4850,11259,13613,25499,18581,26735,50697,53811,48750,82362,0,0,8,76,127,162,188,233,269,354,1319,724,1071,3335,3464,3229,2183,0,0,15,247,76,87,64,74,119,154,364,200,385,444,269,45,71,0,0,0,0,0,0,1,1,0,1,1,1,4,4,4,1,1,0,0,0,2,6,4,2,3,3,7,1,4,10,4,3,0,0,0,0,0,0,0,0,0,0,0,0,0,0,0,0,0,0,0,257,224810,987105,1166723,938306,956817,989918,1043557,959610,974687,1167678,1192864,1053773,917288,686214,447909,479433,1,15287,672,740,767,690,617,550,525,545,1481,837,1145,3396,3503,3262,2220
2021-12-09,215,237636,515260,602053,484027,490153,505824,529073,481431,488594,578988,591502,516083,434552,315582,199290,199275,2,13098,474,328,290,280,209,169,100,83,75,62,34,13,20,7,9,41,353,471827,560768,452249,464032,480713,509913,467026,472509,562988,582696,510636,431643,316592,199842,197750,0,92,278,430,378,339,243,187,128,107,87,57,42,39,23,11,16,3,11,759,4548,2874,3505,4169,5277,11714,14201,27097,19653,28029,54331,58304,52003,84431,0,0,4,137,258,345,402,427,455,588,1598,1072,1294,3634,4493,3253,2069,0,0,15,250,76,87,65,74,120,155,364,203,386,448,272,46,73,0,0,0,3,0,0,1,0,1,1,0,3,1,4,3,1,2,0,0,0,2,6,4,2,3,3,7,1,4,10,5,4,1,0,0,0,0,0,0,0,0,0,0,0,0,0,0,1,1,1,0,259,238000,987861,1167621,939232,957781,990773,1044340,960294,975466,1169438,1194058,1055144,920979,690754,451182,481529,2,13190,756,898,926,964,855,783,684,779,1760,1194,1371,3691,4540,3273,2096
2021-12-10,219,252528,515594,602263,484218,490369,505981,529197,481560,488671,579054,591541,516108,434571,315594,199297,199286,4,14892,334,210,191,216,157,124,129,77,66,39,25,19,12,7,11,42,402,472094,561165,452580,464330,480970,510117,467167,472623,563112,582761,510667,431667,316619,199852,197767,1,49,267,397,331,298,257,204,141,114,124,65,31,24,27,10,17,3,11,760,4723,3269,3960,4721,5908,12385,14909,28917,20779,29383,59105,63997,55700,86834,0,0,1,175,395,455,552,631,671,708,1820,1126,1354,4774,5693,3697,2403,0,0,15,252,76,88,66,75,120,156,367,205,387,450,272,50,73,0,0,0,2,0,1,1,1,0,1,3,2,1,2,0,4,0,0,0,0,2,6,4,2,3,3,7,1,4,10,5,4,1,0,0,0,0,0,0,0,0,0,0,0,0,0,0,0,0,0,0,264,252941,988463,1168405,940149,958751,991740,1045300,961235,976366,1171451,1195290,1056555,925798,696486,454900,483960,5,14941,602,784,917,970,967,960,941,900,2013,1232,1411,4819,5732,3718,2431
2021-12-11,219,267820,516049,602471,484411,490548,506142,529304,481650,488750,579114,591576,516123,434582,315601,199300,199288,0,15292,455,208,193,179,161,107,90,79,60,35,15,11,7,3,2,42,407,472360,561476,452855,464549,481134,510270,467265,472725,563188,582800,510689,431680,316635,199860,197773,0,5,266,311,275,219,164,153,98,102,76,39,22,13,16,8,6,3,12,768,4877,3512,4311,5168,6420,12891,15409,30032,21533,30350,61700,66256,57100,87884,0,1,8,154,243,351,447,512,506,500,1115,754,967,2595,2259,1400,1050,0,0,15,253,76,90,66,76,120,156,369,207,389,451,273,50,74,0,0,0,1,0,2,0,1,0,0,2,2,2,1,1,0,1,0,0,0,2,6,4,2,3,3,7,1,4,11,5,4,1,0,0,0,0,0,0,0,0,0,0,0,0,0,1,0,0,0,0,264,268239,989192,1169079,940860,959502,992512,1046073,961929,977047,1172704,1196120,1057562,928418,698769,456311,485019,0,15298,729,674,711,751,772,773,694,681,1253,830,1007,2620,2283,1411,1059
2021-12-12,219,275587,516372,602626,484560,490684,506230,529377,481720,488805,579153,591594,516140,434591,315610,199304,199292,0,7767,323,155,149,136,88,73,70,55,39,18,17,9,9,4,4,42,412,472531,561680,453017,464704,481249,510374,467333,472775,563233,582819,510703,431684,316641,199867,197780,0,5,171,204,162,155,115,104,68,50,45,19,14,4,6,7,7,3,12,778,5066,3853,4663,5697,6955,13464,15998,31315,22598,31511,65127,68908,58620,88935,0,0,10,189,341,352,529,535,573,589,1283,1065,1161,3427,2652,1520,1051,0,0,15,254,77,90,67,76,120,157,371,209,394,452,273,50,74,0,0,0,1,1,0,1,0,0,1,2,2,5,1,0,0,0,0,0,0,2,6,4,3,3,3,7,1,4,11,5,4,1,0,0,0,0,0,0,0,1,0,0,0,0,0,0,0,0,0,0,264,276011,989696,1169628,941513,960145,993246,1046785,962640,977742,1174073,1197224,1058759,931859,701436,457842,486081,0,7772,504,549,653,643,734,712,711,695,1369,1104,1197,3441,2667,1531,1062
2021-12-13,219,286250,516609,602812,484695,490795,506353,529472,481775,488853,579198,591620,516157,434606,315619,199312,199295,0,10663,237,186,135,111,123,95,55,48,45,26,17,15,9,8,3,42,419,472669,561951,453271,464884,481398,510482,467420,472852,563300,582853,510735,431709,316656,199878,197800,0,7,138,271,254,180,149,108,87,77,67,34,32,25,15,11,20,3,12,787,5301,4336,5265,6324,7718,14223,16856,33037,24067,33253,70835,73565,61313,90799,0,0,9,235,483,602,627,763,759,858,1722,1469,1742,5708,4657,2693,1864,0,0,15,255,77,92,69,77,120,157,372,211,397,454,275,52,74,0,0,0,1,0,2,2,1,0,0,1,2,3,2,2,2,0,0,0,0,2,6,4,3,3,3,7,1,4,11,5,4,1,0,0,0,0,0,0,0,0,0,0,0,0,0,0,0,0,0,0,264,286681,990080,1170321,942385,961040,994147,1047752,963541,978725,1175908,1198755,1060553,937609,706119,460556,487968,0,10670,384,693,872,895,901,967,901,983,1835,1531,1794,5750,4683,2714,1887
2021-12-14,220,298794,516875,602976,484901,490958,506487,529577,481853,488933,579258,591660,516189,434617,315628,199320,199304,1,12544,266,164,206,163,134,105,78,80,60,40,32,11,9,8,9,42,428,472838,562246,453521,465072,481567,510612,467517,472923,563359,582896,510769,431731,316673,199889,197821,0,9,169,295,250,188,169,130,97,71,59,43,34,22,17,11,21,3,12,793,5648,5027,6038,7286,8817,15477,18140,35627,26140,35764,79531,80292,64859,93121,0,0,6,347,691,773,962,1099,1254,1284,2590,2073,2511,8696,6727,3546,2322,0,0,15,255,78,93,70,77,121,157,374,213,402,461,277,54,79,0,0,0,0,1,1,1,0,1,0,2,2,5,7,2,2,5,0,0,0,2,6,4,3,3,3,7,1,4,12,6,5,1,0,0,0,0,0,0,0,0,0,0,0,0,0,1,1,1,0,0,265,299234,990521,1171127,943533,962165,995413,1049086,964971,980160,1178619,1200913,1063136,946346,712875,464123,490325,1,12553,441,806,1148,1125,1266,1334,1430,1435,2711,2158,2583,8737,6756,3567,2357
2021-12-15,224,309711,517220,603194,485108,491160,506639,529711,481943,489008,579333,591696,516219,434634,315639,199327,199314,4,10917,345,218,207,202,152,134,90,75,75,36,30,17,11,7,10,43,512,473058,562618,453834,465338,481796,510774,467640,473031,563460,582953,510809,431759,316701,199911,197858,1,84,220,372,313,266,229,162,123,108,101,57,40,28,28,22,37,3,12,805,6172,6012,7226,8768,10396,17178,19988,39264,28996,39011,89025,87169,68511,95562,0,0,12,524,985,1188,1482,1579,1701,1848,3637,2856,3247,9494,6877,3652,2441,0,0,15,257,79,94,73,77,121,159,378,214,407,464,280,54,79,0,0,0,2,1,1,3,0,0,2,4,1,5,3,3,0,0,0,0,0,2,6,4,3,3,3,7,1,4,12,6,5,1,0,0,0,0,0,0,0,0,0,0,0,0,0,0,0,0,0,0,270,310235,991098,1172243,945039,963822,997279,1050961,966885,982193,1182436,1203863,1066458,955888,719794,467804,492813,5,11001,577,1116,1506,1657,1866,1875,1914,2033,3817,2950,3322,9542,6919,3681,2488
2021-12-16,228,320439,517606,603453,485381,491435,506812,529859,482041,489089,579404,591762,516254,434664,315652,199335,199325,4,10728,386,259,273,275,173,148,98,81,71,66,35,30,13,8,11,48,695,473350,563000,454178,465636,482055,510968,467781,473177,563580,583036,510848,431813,316740,199934,197892,5,183,292,382,344,298,259,194,141,146,120,83,39,54,39,23,34,3,13,828,6797,7208,8480,10369,12147,19030,22199,43417,32600,43032,99045,94195,72084,97873,0,1,23,625,1196,1254,1601,1751,1852,2211,4153,3604,4021,10020,7026,3573,2311,0,1,15,257,79,94,77,80,121,162,387,219,411,477,286,54,81,0,1,0,0,0,0,4,3,0,3,9,5,4,13,6,0,2,0,0,0,2,6,5,3,3,3,7,1,4,12,6,5,1,0,0,0,0,0,0,1,0,0,0,0,0,0,0,0,0,0,0,279,321148,991799,1173509,946852,965650,999316,1053057,968976,984634,1186789,1207621,1070557,966005,726878,471408,495171,9,10913,701,1266,1813,1828,2037,2096,2091,2441,4353,3758,4099,10117,7084,3604,2358
2021-12-17,232,330364,517886,603647,485572,491614,506952,529980,482125,489175,579456,591795,516289,434686,315670,199342,199345,4,9925,280,194,191,179,140,121,84,86,52,33,35,22,18,7,20,48,976,473596,563264,454414,465863,482264,511134,467907,473273,563685,583101,510897,431853,316779,199958,197924,0,281,246,264,236,227,209,166,126,96,105,65,49,40,39,24,32,3,13,865,7756,8696,10162,12436,14470,21598,25235,48380,37175,48042,110388,102546,76978,100944,0,0,37,959,1488,1682,2067,2323,2568,3036,4963,4575,5010,11343,8351,4894,3071,0,1,15,258,81,98,78,83,124,167,394,221,418,489,293,57,81,0,0,0,1,2,4,1,3,3,5,7,2,7,12,7,3,0,0,0,0,2,6,5,3,3,3,7,2,4,13,8,5,1,0,0,0,0,0,0,0,0,0,0,0,1,0,1,2,0,0,0,283,331354,992362,1174927,948769,967742,1001733,1055670,971757,987857,1191917,1212296,1075659,977424,735293,476336,498294,4,10206,563,1418,1917,2092,2417,2613,2781,3223,5128,4675,5102,11419,8415,4928,3123
2021-12-18,233,339616,518306,603824,485733,491779,507092,530081,482214,489251,579507,591834,516310,434703,315682,199350,199349,1,9252,420,177,161,165,140,101,89,76,51,39,21,17,12,8,4,48,1274,473839,563519,454619,466060,482429,511269,468017,473358,563758,583154,510919,431886,316790,199971,197933,0,298,243,255,205,197,165,135,110,85,73,53,22,33,11,13,9,3,13,914,8604,9769,11396,13921,16255,23588,27373,51893,40714,52057,117828,107942,79942,102757,0,0,49,848,1073,1234,1485,1785,1990,2138,3513,3539,4015,7440,5396,2964,1813,0,1,15,259,81,98,80,87,127,172,395,227,427,501,309,59,83,0,0,0,1,0,0,2,4,3,5,1,6,9,12,16,2,2,0,0,0,3,6,5,3,3,3,7,2,5,15,9,5,1,0,0,0,0,1,0,0,0,0,0,0,0,1,2,1,0,0,0,284,340904,993074,1176209,950208,969338,1003525,1057695,973949,990161,1195555,1215934,1079728,984927,740728,479323,500122,1,9550,712,1282,1439,1596,1792,2025,2192,2304,3638,3638,4069,7503,5435,2987,1828
2021-12-19,234,344027,518596,603938,485874,491915,507182,530146,482267,489304,579548,591866,516333,434724,315688,199355,199354,1,4411,290,114,141,136,90,65,53,53,41,32,23,21,6,5,5,48,1615,474021,563716,454786,466238,482564,511374,468089,473429,563811,583189,510935,431903,316798,199978,197937,0,341,182,197,167,178,135,105,72,71,53,35,16,17,8,7,4,3,13,982,9559,10886,12670,15479,17990,25493,29577,55337,44705,56346,126121,113741,83025,104841,0,0,68,955,1117,1274,1558,1735,1905,2204,3444,3991,4289,8293,5799,3083,2084,0,1,15,262,82,100,82,92,130,175,403,231,433,531,330,61,83,0,0,0,3,1,2,2,5,3,3,8,4,6,30,21,2,0,0,0,0,3,6,5,3,3,3,7,2,5,15,12,6,1,0,0,0,0,0,0,0,0,0,0,0,0,0,0,3,1,0,0,285,345656,993614,1177478,951634,970928,1005310,1059605,975982,992492,1199101,1219996,1084062,993291,746563,482420,502215,1,4752,540,1269,1426,1590,1785,1910,2033,2331,3546,4062,4334,8364,5835,3097,2093
2021-12-20,235,350944,518844,604111,486062,492084,507300,530263,482345,489371,579598,591906,516364,434747,315701,199363,199369,1,6917,248,173,188,169,118,117,78,67,50,40,31,23,13,8,15,50,1852,474195,563984,455034,466458,482738,511524,468223,473531,563916,583253,510999,431939,316819,200006,197977,2,237,174,268,248,220,174,150,134,102,105,64,64,36,21,28,40,3,14,1063,11141,12988,15014,18329,21007,28774,33128,60769,50506,66836,139384,122490,87967,108371,0,1,81,1582,2102,2344,2850,3017,3281,3551,5432,5801,10490,13263,8749,4942,3530,0,1,15,263,83,104,89,95,137,182,412,246,448,553,352,65,85,0,0,0,1,1,4,7,3,7,7,9,15,15,22,22,4,2,0,0,0,3,6,5,3,3,3,7,2,5,18,16,10,1,0,0,0,0,0,0,0,0,0,0,0,0,0,3,4,4,0,0,288,352811,994117,1179502,954173,973665,1008459,1062892,979482,996219,1204697,1225916,1094665,1006639,755372,487402,505802,3,7155,503,2024,2539,2737,3149,3287,3500,3727,5596,5920,10603,13348,8809,4982,3587
2021-12-21,236,355602,519129,604292,486252,492260,507451,530385,482429,489431,579667,591947,516403,434782,315714,199376,199388,1,4658,285,181,190,176,151,122,84,60,69,41,39,35,13,13,19,54,2117,474419,564295,455316,466672,482944,511701,468345,473638,564015,583313,511053,431976,316851,200028,198029,4,265,224,311,282,214,206,177,122,107,99,60,54,37,32,22,52,3,15,1175,13395,15589,18061,21693,24712,32742,37623,67312,57455,79423,153815,133000,93969,112691,0,1,112,2254,2601,3047,3364,3705,3968,4495,6543,6949,12587,14431,10510,6002,4320,0,1,17,265,87,104,94,98,143,188,432,254,458,575,370,65,95,0,0,2,2,4,0,5,3,6,6,20,8,10,22,18,0,10,0,0,0,4,7,5,3,3,4,8,3,7,22,20,12,3,0,0,0,0,1,1,0,0,0,1,1,1,2,4,4,2,2,0,293,357735,994740,1182251,957251,977102,1012185,1066899,983663,1000888,1211429,1232976,1107359,1021168,765947,493441,510203,5,4924,623,2749,3078,3437,3726,4007,4181,4669,6732,7060,12694,14529,10575,6039,4401
2021-12-22,237,359832,519464,604467,486441,492431,507591,530509,482516,489507,579732,592001,516450,434827,315734,199386,199422,1,4230,335,175,189,171,140,124,87,76,65,54,47,45,20,10,34,55,2525,474733,564555,455578,466966,483164,511902,468512,473768,564141,583409,511134,432021,316881,200060,198111,1,408,314,260,262,294,220,201,167,130,126,96,81,45,30,32,82,3,15,1307,16369,18662,21549,25692,29276,37395,42779,74223,64843,92252,167224,143538,100817,117932,0,0,132,2974,3073,3488,3999,4564,4653,5156,6911,7388,12829,13409,10538,6848,5241,0,1,17,270,88,106,98,106,154,194,448,272,468,613,398,70,105,0,0,0,5,1,2,4,8,11,6,16,18,10,38,28,5,10,0,0,0,4,7,5,3,3,4,8,3,8,23,21,12,4,0,0,0,0,0,0,0,0,0,0,0,0,1,1,1,0,1,0,295,362373,995521,1185665,960776,981057,1016548,1071796,988581,1006256,1218547,1240533,1120327,1034706,776563,500337,515570,2,4638,781,3414,3525,3955,4363,4897,4918,5368,7118,7557,12968,13538,10616,6896,5367
2021-12-23,238,362197,519786,604654,486615,492624,507745,530635,482620,489586,579815,592074,516499,434860,315752,199403,199431,1,2365,322,187,174,193,154,126,104,79,83,73,49,33,18,17,9,55,2881,474943,564782,455804,467177,483357,512044,468629,473869,564228,583494,511191,432058,316903,200089,198143,0,356,210,227,226,211,193,142,117,101,87,85,57,37,22,29,32,3,15,1440,18821,20994,24435,28658,32771,41086,47025,79814,71778,106854,179204,152512,105981,121691,0,0,133,2452,2332,2886,2966,3495,3691,4246,5591,6935,14602,11980,8974,5164,3759,0,1,17,276,95,115,108,112,163,205,466,283,488,646,418,83,110,0,0,0,6,7,9,10,6,9,11,18,11,20,33,20,13,5,0,0,0,4,7,5,3,3,4,10,3,8,27,27,13,4,0,0,0,0,0,0,0,0,0,0,2,0,0,4,6,1,0,0,296,365094,996186,1188537,963515,984356,1019871,1075565,992502,1010695,1224326,1247637,1135059,1046795,785598,505560,519375,1,2721,665,2872,2739,3299,3323,3769,3921,4439,5779,7104,14732,12089,9035,5223,3805
2021-12-24,238,362700,519879,604734,486672,492700,507795,530677,482652,489619,579853,592096,516513,434868,315763,199405,199433,0,503,93,80,57,76,50,42,32,33,38,22,14,8,11,2,2,55,2963,475005,564866,455882,467239,483407,512098,468661,473910,564256,583517,511205,432075,316912,200094,198147,0,82,62,84,78,62,50,54,32,41,28,23,14,17,9,5,4,3,15,1485,19461,21557,25093,29377,33633,42013,48210,81375,74066,111768,182780,155029,107355,122645,0,0,45,640,563,658,719,862,927,1185,1561,2288,4914,3576,2517,1374,954,0,1,17,277,95,116,111,112,166,210,477,293,499,691,448,84,112,0,0,0,1,0,1,3,0,3,5,11,10,11,45,30,1,2,0,0,0,4,7,5,3,3,4,10,3,8,28,27,13,4,0,0,0,0,0,0,0,0,0,0,0,0,0,1,0,0,0,0,296,365679,996386,1189342,964213,985153,1020693,1076523,993496,1011959,1225964,1249980,1140013,1050441,788165,506942,520337,0,585,200,805,698,797,822,958,994,1264,1638,2343,4954,3646,2567,1382,962
2021-12-25,238,362700,519880,604734,486673,492701,507795,530678,482652,489619,579856,592097,516513,434868,315763,199405,199433,0,0,1,0,1,1,0,1,0,0,3,1,0,0,0,0,0,55,2963,475005,564868,455884,467241,483408,512098,468661,473911,564257,583517,511205,432075,316912,200094,198147,0,0,0,2,2,2,1,0,0,1,1,0,0,0,0,0,0,3,15,1485,19474,21564,25105,29389,33641,42018,48216,81381,74072,111786,182790,155038,107356,122647,0,0,0,13,7,12,12,8,5,6,6,6,18,10,9,1,2,0,1,17,277,95,116,111,114,166,210,477,293,499,691,449,84,112,0,0,0,0,0,0,0,2,0,0,0,0,0,0,1,0,0,0,0,0,4,7,5,3,3,4,10,3,8,28,27,13,4,0,0,0,0,0,0,0,0,0,0,0,0,0,0,0,0,0,0,296,365679,996387,1189357,964223,985168,1020706,1076534,993501,1011966,1225974,1249987,1140031,1050451,788175,506943,520339,0,0,1,15,10,15,13,11,5,7,10,7,18,10,10,1,2
2021-12-26,238,363298,519958,604772,486710,492744,507833,530720,482675,489644,579875,592110,516524,434877,315764,199407,199434,0,598,78,38,37,43,38,42,23,25,19,13,11,9,1,2,1,55,3050,475102,564946,455946,467295,483458,512144,468705,473942,564276,583532,511216,432080,316920,200098,198148,0,87,97,78,62,54,50,46,44,31,19,15,11,5,8,4,1,3,15,1522,19991,21945,25569,29892,34249,42721,49120,82513,75850,115204,185073,156721,108314,123310,0,0,37,517,381,464,503,608,703,904,1132,1778,3418,2283,1683,958,663,0,1,17,279,96,117,112,115,168,211,480,295,504,701,453,85,112,0,0,0,2,1,1,1,1,2,1,3,2,5,10,4,1,0,0,0,0,4,7,5,3,3,4,10,3,8,30,29,13,4,0,0,0,0,0,0,0,0,0,0,0,0,0,2,2,0,0,0,296,366364,996599,1189992,964704,985730,1021298,1077231,994273,1012927,1227147,1251795,1143478,1052760,789871,507908,521004,0,685,212,635,481,562,592,697,772,961,1173,1808,3447,2309,1696,965,665
2021-12-27,238,365055,520138,604905,486813,492865,507937,530807,482745,489702,579922,592164,516557,434900,315778,199415,199446,0,1757,180,133,103,121,104,87,70,58,47,54,33,23,14,8,12,55,3308,475286,565123,456097,467446,483596,512243,468777,473997,564346,583602,511244,432106,316933,200104,198157,0,258,184,177,151,151,138,99,72,55,70,70,28,26,13,6,9,3,15,1597,21342,23241,27094,31629,36248,44998,51759,86620,86489,129530,193375,162422,111584,125631,0,0,75,1351,1296,1525,1737,1999,2277,2639,4107,10639,14326,8302,5701,3270,2321,0,1,17,282,98,120,116,120,172,214,498,309,524,721,467,88,117,0,0,0,3,2,3,4,5,4,3,18,14,20,20,14,3,5,0,0,0,4,7,5,3,3,4,10,3,8,36,32,13,4,0,0,0,0,0,0,0,0,0,0,0,0,0,6,3,0,0,0,296,368379,997038,1191656,966256,987530,1023281,1079421,996696,1015682,1231389,1262572,1157891,1061134,795613,511195,523351,0,2015,439,1664,1552,1800,1983,2190,2423,2755,4242,10777,14413,8374,5742,3287,2347
2021-12-28,238,366789,520304,605029,486949,492980,508046,530916,482805,489764,579971,592214,516598,434931,315786,199424,199457,0,1734,166,124,136,115,109,109,60,62,49,50,41,31,8,9,11,61,3474,475507,565347,456295,467629,483765,512383,468893,474101,564415,583665,511309,432133,316947,200121,198180,6,166,221,224,198,183,169,140,116,104,69,63,65,27,14,17,23,4,15,1680,23339,25131,29215,33969,38955,48009,55182,91649,102093,148325,205065,170769,116340,128688,1,0,83,1997,1890,2121,2340,2707,3011,3423,5029,15604,18795,11690,8347,4756,3057,0,1,17,288,103,126,124,124,185,223,516,340,537,752,490,99,127,0,0,0,6,5,6,8,4,13,9,18,31,13,31,23,11,10,0,0,0,4,7,5,4,3,4,10,3,8,39,35,16,4,0,0,0,0,0,0,0,1,0,0,0,0,0,3,3,3,0,0,303,370279,997508,1194007,968485,989955,1025908,1082381,999896,1019280,1236554,1278320,1176808,1072916,804008,515988,526452,7,1900,470,2351,2229,2425,2627,2960,3200,3598,5165,15748,18917,11782,8395,4793,3101
2021-12-29,238,369208,520566,605193,487094,493143,508175,531008,482890,489840,580049,592266,516655,434963,315810,199443,199476,0,2419,262,164,145,163,129,92,85,76,78,52,57,32,24,19,19,61,3638,475777,565598,456546,467869,483978,512587,469027,474218,564528,583785,511385,432177,316969,200146,198202,0,164,270,251,251,240,213,204,134,117,113,120,76,44,22,25,22,4,15,1787,25543,27310,31822,36949,42370,51713,59313,97444,118303,166072,216435,179496,121277,131889,0,0,107,2204,2179,2607,2980,3415,3704,4131,5795,16210,17747,11370,8727,4937,3201,0,1,17,293,107,131,131,131,194,237,555,379,586,796,520,114,137,0,0,0,5,4,5,7,7,9,14,39,39,49,44,30,15,10,0,0,0,4,7,5,4,3,5,12,3,9,40,35,17,4,0,0,0,0,0,0,0,0,0,1,2,0,1,1,0,1,0,0,303,372862,998147,1196631,971064,992970,1029237,1086099,1003829,1023620,1242579,1294742,1194738,1084406,812812,520984,529704,0,2583,639,2624,2579,3015,3329,3718,3933,4340,6025,16422,17930,11490,8804,4996,3252
2021-12-30,240,370483,520814,605352,487271,493341,508329,531125,482972,489929,580129,592331,516703,434995,315835,199454,199482,2,1275,248,159,177,198,154,117,82,89,80,65,48,32,25,11,6,61,3852,476096,565866,456793,468140,484191,512776,469189,474333,564639,583881,511433,432210,316993,200164,198222,0,214,319,268,247,271,213,189,162,115,111,96,48,33,24,18,20,4,15,1890,27617,29373,34452,40032,45956,55524,63752,103429,133222,183826,225776,186031,124540,134176,0,0,103,2074,2063,2630,3083,3586,3811,4439,5985,14919,17754,9341,6535,3263,2287,0,1,17,296,110,134,138,141,203,256,593,413,607,838,549,122,143,0,0,0,3,3,3,7,10,9,19,38,34,21,42,29,8,6,0,0,0,4,7,5,4,3,5,12,4,11,45,36,17,4,1,0,0,0,0,0,0,0,0,0,0,1,2,5,1,0,0,1,305,374351,998817,1199135,973554,996072,1032694,1090001,1007893,1028282,1248794,1309858,1212614,1093855,819425,524284,532024,2,1489,670,2504,2490,3102,3457,3902,4064,4662,6215,15116,17876,9449,6613,3300,2320
2021-12-31,240,370857,520885,605408,487329,493408,508375,531187,483013,489965,580156,592358,516723,435001,315838,199456,199485,0,374,71,56,58,67,46,62,41,36,27,27,20,6,3,2,3,62,3921,476163,565949,456866,468208,484265,512819,469234,474368,564672,583915,511450,432221,316999,200165,198225,1,69,67,83,73,68,74,43,45,35,33,34,17,11,6,1,3,4,15,1933,28283,30054,35307,40987,47179,56816,65248,105512,139647,190196,229119,188238,125664,134928,0,0,43,666,681,855,955,1223,1292,1496,2083,6425,6370,3343,2207,1124,752,0,1,17,300,112,140,141,144,209,263,603,419,622,847,557,123,145,0,0,0,4,2,6,3,3,6,7,10,6,15,9,8,1,2,0,0,0,5,7,5,4,3,5,12,5,11,45,36,17,4,1,0,0,0,1,0,0,0,0,0,0,1,0,0,0,0,0,0,306,374794,998998,1199945,974368,997068,1033772,1091332,1009277,1029856,1250948,1316350,1219036,1097224,821649,525412,532784,1,443,181,810,814,996,1078,1331,1384,1574,2154,6492,6422,3369,2224,1128,760
2022-01-01,240,370857,520889,605408,487331,493409,508377,531188,483013,489966,580157,592358,516724,435002,315838,199456,199485,0,0,4,0,2,1,2,1,0,1,1,0,1,1,0,0,0,62,3923,476163,565951,456869,468208,484268,512820,469235,474368,564673,583916,511450,432222,316999,200165,198225,0,2,0,2,3,0,3,1,1,0,1,1,0,1,0,0,0,4,15,1934,28311,30069,35324,41005,47201,56842,65270,105542,139693,190221,229135,188253,125672,134932,0,0,1,28,15,17,18,22,26,22,30,46,25,16,15,8,4,0,1,17,300,112,140,141,144,209,263,603,419,624,847,557,123,145,0,0,0,0,0,0,0,0,0,0,0,0,2,0,0,0,0,0,0,0,5,7,5,5,3,5,12,5,11,45,36,17,4,1,0,0,0,0,0,0,1,0,0,0,0,0,0,0,0,0,0,306,374796,999003,1199975,974388,997086,1033796,1091356,1009304,1029879,1250980,1316397,1219064,1097242,821664,525420,532788,0,2,5,30,20,18,24,24,27,23,32,47,28,18,15,8,4
2022-01-02,240,371283,520941,605446,487368,493455,508405,531222,483038,489976,580170,592369,516736,435009,315842,199458,199486,0,426,52,38,37,46,28,34,25,10,13,11,12,7,4,2,1,62,4109,476299,566032,456928,468271,484323,512869,469276,474406,564703,583932,511460,432226,317003,200168,198227,0,186,136,81,59,63,55,49,41,38,30,16,10,4,4,3,2,4,16,1969,28798,30512,35854,41668,48005,57671,66201,106741,142898,192933,230585,189192,126237,135329,0,1,35,487,443,530,663,804,829,931,1199,3205,2712,1450,939,565,397,0,1,17,300,112,141,143,148,214,265,612,422,632,859,563,124,147,0,0,0,0,0,1,2,4,5,2,9,3,8,12,6,1,2,0,0,0,5,7,5,5,3,5,12,6,11,45,37,17,4,1,0,0,0,0,0,0,0,0,0,0,1,0,0,1,0,0,0,306,375409,999226,1200581,974927,997726,1034544,1092247,1010204,1030860,1252232,1319632,1221806,1098716,822617,525991,533190,0,613,223,606,539,640,748,891,900,981,1252,3235,2742,1474,953,571,402
2022-01-03,240,372305,521101,605591,487528,493626,508537,531340,483122,490054,580233,592430,516772,435031,315857,199463,199499,0,1022,160,145,160,171,132,118,84,78,63,61,36,22,15,5,13,63,4352,476547,566216,457114,468479,484506,513032,469404,474510,564793,584012,511531,432259,317026,200177,198241,1,243,248,184,186,208,183,163,128,104,90,80,71,33,23,9,14,4,16,2060,30360,32049,37927,44240,51360,61037,69965,112054,154876,206104,239167,194698,129255,137190,0,0,91,1562,1537,2073,2572,3355,3366,3764,5313,11978,13171,8582,5506,3018,1861,0,1,18,305,116,145,149,161,232,294,637,453,657,906,601,125,148,0,0,1,5,4,4,6,13,18,29,25,31,25,47,38,1,1,0,0,0,5,7,5,5,3,5,12,10,11,46,40,19,4,1,0,0,0,0,0,0,0,0,0,0,4,0,1,3,2,0,0,307,376674,999726,1202477,976814,1000182,1037437,1095896,1013800,1034835,1257727,1331782,1235110,1107403,828201,529024,535079,1,1265,500,1896,1887,2456,2893,3649,3596,3975,5495,12150,13304,8687,5584,3033,1889
2022-01-04,240,373546,521334,605789,487709,493830,508670,531462,483203,490141,580332,592518,516831,435053,315878,199476,199512,0,1241,233,198,181,204,133,122,81,87,99,88,59,22,21,13,13,63,4583,476750,566394,457342,468677,484692,513204,469507,474604,564910,584109,511594,432297,317051,200186,198263,0,231,203,178,228,198,186,172,103,94,117,97,63,38,25,9,22,4,16,2172,32485,34305,40594,47582,55425,65349,74919,122368,170087,223541,250651,202515,133184,139888,0,0,112,2125,2256,2667,3342,4065,4312,4954,10314,15211,17437,11484,7817,3929,2698,0,1,18,310,121,149,161,177,250,318,694,494,703,966,637,135,150,0,0,0,5,5,4,12,16,18,24,57,41,46,60,36,10,2,0,0,0,5,7,5,5,3,6,12,10,11,49,42,19,4,1,0,0,0,0,0,0,0,0,1,0,0,0,3,2,0,0,0,307,378146,1000274,1204983,979484,1003255,1041110,1100271,1018315,1039994,1268314,1347219,1252718,1119009,836100,532985,537814,0,1472,548,2506,2670,3073,3673,4375,4515,5159,10587,15437,17608,11606,7899,3961,2735
2022-01-05,242,375170,521570,605963,487936,494058,508867,531622,483311,490223,580444,592608,516885,435094,315908,199489,199521,2,1624,236,174,227,228,197,160,108,82,112,90,54,41,30,13,9,69,4898,477077,566655,457602,468951,484936,513401,469642,474734,565048,584259,511665,432346,317090,200198,198282,6,315,327,261,260,274,244,197,135,130,138,150,71,49,39,12,19,4,16,2293,34828,36595,43519,50835,59629,69604,79960,133839,185231,240660,262575,210273,137231,142617,0,0,121,2343,2290,2925,3253,4204,4255,5041,11471,15144,17119,11924,7758,4047,2729,0,2,18,315,126,152,173,190,273,341,748,539,750,1034,684,138,157,0,1,0,5,5,3,12,13,23,23,54,45,47,68,47,3,7,0,0,0,5,7,5,6,3,6,12,16,12,52,43,19,4,1,0,0,0,0,0,0,1,0,0,0,6,1,3,1,0,0,0,315,380086,1000958,1207766,982266,1006685,1044817,1104845,1022836,1045270,1280095,1362649,1270012,1131092,843974,537060,540578,8,1940,684,2783,2782,3430,3707,4574,4521,5276,11781,15430,17294,12083,7874,4075,2764
2022-01-06,243,376587,521807,606162,488157,494281,509037,531769,483453,490352,580549,592699,516948,435134,315938,199507,199533,1,1417,237,199,221,223,170,147,142,129,105,91,63,40,30,18,12,69,5134,477506,566998,457964,469292,485220,513645,469839,474934,565223,584419,511763,432396,317114,200217,198300,0,236,429,343,362,341,284,244,197,200,175,160,98,50,24,19,18,4,16,2396,37086,39000,46531,54301,63789,74016,89140,147004,202750,255544,273372,217237,140848,145150,0,0,103,2258,2405,3012,3466,4160,4412,9180,13165,17519,14884,10797,6964,3617,2533,0,2,18,324,132,156,192,200,299,380,809,592,792,1077,723,145,159,0,0,0,9,6,4,19,10,26,39,61,53,42,43,39,7,2,0,0,0,5,7,7,6,5,6,14,18,14,55,45,20,4,1,0,0,0,0,0,2,0,2,0,2,2,2,3,2,1,0,0,316,381739,1001727,1210575,985260,1010267,1048756,1109408,1027613,1054820,1293603,1380474,1285102,1142024,851032,540721,543143,1,1653,769,2809,2994,3582,3939,4563,4777,9550,13508,17825,15090,10932,7058,3661,2565
2022-01-07,243,378296,522048,606365,488404,494545,509278,531943,483613,490474,580687,592804,517013,435174,315964,199523,199544,0,1709,241,203,247,264,241,174,160,122,138,105,65,40,26,16,11,69,5438,477856,567240,458226,469560,485469,513847,470007,475090,565365,584546,511839,432433,317141,200226,198324,0,304,350,242,262,268,249,202,168,156,142,127,76,37,27,9,24,4,17,2501,39368,41584,49940,57861,68233,80809,99004,159500,220673,269889,282980,223740,144225,147535,0,1,105,2282,2584,3409,3560,4444,6793,9864,12496,17923,14345,9608,6503,3377,2385,0,2,18,327,141,169,204,223,333,431,889,635,853,1142,755,152,163,0,0,0,3,9,13,12,23,34,51,80,43,61,65,32,7,4,0,0,0,6,7,7,7,5,6,15,21,16,58,48,20,4,1,0,0,0,1,0,0,1,0,0,1,3,2,3,3,0,0,0,316,383753,1002423,1213306,988362,1014221,1052819,1114251,1034768,1065014,1306462,1398674,1299652,1151777,857620,544130,545567,0,2014,696,2731,3102,3954,4063,4843,7155,10194,12859,18200,14550,9753,6588,3409,2424
2022-01-08,244,380773,522298,606524,488613,494765,509481,532096,483728,490608,580810,592894,517080,435203,315984,199533,199552,1,2477,250,159,209,220,203,153,115,134,123,90,67,29,20,10,8,69,5839,478201,567433,458450,469784,485668,514006,470129,475232,565482,584642,511897,432469,317153,200234,198335,0,401,345,193,224,224,199,159,122,142,117,96,58,36,12,8,11,4,17,2583,41004,43326,52125,60424,71566,86427,106178,168469,234653,278755,288997,228019,146740,149252,0,0,82,1636,1742,2185,2563,3333,5618,7174,8969,13980,8866,6017,4279,2515,1717,0,2,18,331,145,181,213,246,364,467,927,676,895,1166,776,158,168,0,0,0,4,4,12,9,23,31,36,38,41,42,24,21,6,5,0,0,0,6,7,8,7,5,7,15,22,18,60,50,20,4,1,0,0,0,0,0,1,0,0,1,0,1,2,2,2,0,0,0,317,386631,1003100,1215298,990541,1016863,1055793,1117919,1040655,1072500,1315710,1412883,1308687,1157885,861952,546669,547308,1,2878,677,1992,2179,2642,2974,3668,5887,7486,9248,14209,9035,6108,4332,2539,1741
2022-01-09,244,382146,522445,606669,488745,494899,509588,532196,483813,490675,580889,592947,517119,435228,315998,199541,199557,0,1373,147,145,132,134,107,100,85,67,79,53,39,25,14,8,5,69,6079,478442,567565,458563,469917,485794,514111,470206,475309,565563,584694,511930,432488,317170,200238,198342,0,240,241,132,113,133,126,105,77,77,81,52,33,19,17,4,7,4,17,2676,42417,44723,53877,62488,74369,92376,112335,177436,247717,287028,293970,231254,148618,150557,0,0,93,1413,1397,1752,2064,2803,5949,6157,8967,13064,8273,4973,3235,1878,1305,0,2,19,334,149,184,220,257,391,496,967,706,926,1178,792,164,168,0,0,1,3,4,3,7,11,27,29,40,30,31,12,16,6,0,0,0,0,6,7,8,7,5,8,16,25,19,63,50,20,4,1,0,0,0,0,0,0,0,0,1,1,3,1,3,0,0,0,0,317,388244,1003582,1216991,992187,1018885,1058097,1120938,1046794,1078831,1324880,1426083,1317066,1162914,865234,548565,548625,0,1613,482,1693,1646,2022,2304,3019,6139,6331,9170,13200,8379,5029,3282,1896,1317
2022-01-10,244,383054,522619,606879,488945,495113,509760,532347,483932,490779,581032,593041,517211,435266,316020,199560,199568,0,908,174,210,200,214,172,151,119,104,143,94,92,38,22,19,11,72,6533,478562,567749,458743,470065,485965,514256,470322,475418,565654,584792,511977,432513,317191,200251,198370,3,454,120,184,180,148,171,145,116,109,91,98,47,25,21,13,28,4,17,2815,44270,46673,56292,65284,81634,100748,122325,189913,264955,302383,301994,236658,151647,152734,0,0,139,1853,1950,2415,2796,7265,8372,9990,12477,17238,15355,8024,5404,3029,2177,0,2,20,342,155,193,233,279,433,553,1046,782,995,1224,822,175,174,0,0,1,8,6,9,13,22,42,57,79,76,69,46,30,11,6,0,0,0,6,7,8,7,6,9,16,26,20,67,50,20,4,1,0,0,0,0,0,0,0,1,1,0,1,1,4,0,0,0,0,320,389606,1004016,1219246,994523,1021671,1061249,1128522,1055444,1089091,1337671,1443590,1332633,1171047,870711,551637,550847,3,1362,434,2255,2336,2786,3152,7584,8650,10260,12791,17507,15567,8133,5477,3072,2222
2022-01-11,246,384023,522796,607124,489207,495365,509952,532551,484063,490914,581152,593150,517293,435319,316050,199586,199590,2,969,177,245,262,252,192,204,131,135,120,109,82,53,30,26,22,72,6859,478725,567942,458959,470261,486133,514395,470467,475551,565783,584890,512036,432546,317211,200273,198395,0,326,163,193,216,196,168,139,145,133,129,98,59,33,20,22,25,4,17,2929,46441,48919,58998,68557,91823,111064,133338,203506,281616,317113,311232,243056,155114,155179,0,0,114,2171,2246,2706,3273,10189,10316,11013,13593,16661,14730,9238,6398,3467,2445,0,2,20,348,159,203,243,294,478,602,1123,848,1051,1272,852,185,183,0,0,0,6,4,10,10,15,45,49,77,66,56,48,30,10,9,0,0,0,6,7,8,7,9,9,16,28,21,68,50,20,4,1,0,0,0,0,0,0,0,3,0,0,2,1,1,0,0,0,0,322,390901,1004470,1221861,997251,1024835,1064892,1139072,1066081,1100421,1351592,1460525,1347561,1180419,877189,555162,553348,2,1295,454,2615,2728,3164,3643,10550,10637,11330,13921,16935,14928,9372,6478,3525,2501
2022-01-12,247,385790,523030,607461,489563,495730,510252,532831,484257,491098,581348,593346,517432,435407,316102,199623,199607,1,1767,234,337,356,365,300,280,194,184,196,196,139,88,52,37,17,76,7498,478948,568185,459176,470496,486344,514621,470624,475727,565930,585006,512101,432586,317233,200292,198419,4,639,223,243,217,235,211,226,157,176,147,116,65,40,22,19,24,4,17,3053,48642,51258,62003,75510,102425,122174,143866,216873,298092,330899,320429,249367,158521,157778,0,0,124,2201,2339,3005,6953,10602,11110,10528,13367,16476,13786,9197,6311,3407,2599,0,2,20,352,166,214,260,320,540,648,1204,944,1127,1330,910,206,203,0,0,0,4,7,11,17,26,62,46,81,96,76,58,58,21,20,0,0,0,6,7,8,7,9,10,16,32,22,72,50,20,4,1,0,0,0,0,0,0,0,0,1,0,4,1,4,0,0,0,0,327,393307,1005051,1224646,1000170,1028451,1072373,1150206,1077605,1111355,1365387,1477410,1361631,1189802,883632,558646,556008,5,2406,581,2785,2919,3616,7481,11134,11524,10934,13795,16885,14070,9383,6443,3484,2660
2022-01-13,248,387265,523265,607735,489898,496075,510494,533064,484482,491279,581567,593514,517576,435506,316169,199651,199633,1,1475,235,274,335,345,242,233,225,181,219,168,144,99,67,28,26,78,8353,479276,568419,459467,470785,486595,514866,470799,475893,566083,585114,512187,432642,317256,200313,198444,2,855,328,234,291,289,251,245,175,166,153,108,86,56,23,21,25,5,17,3204,51127,55093,67000,84383,113565,132637,153867,229754,314521,342767,327956,254155,161248,159881,1,0,151,2485,3835,4997,8873,11140,10463,10001,12881,16429,11868,7527,4788,2727,2103,0,2,21,358,177,225,290,342,596,717,1295,1023,1206,1392,949,223,225,0,0,1,6,11,11,30,22,56,69,91,79,79,62,39,17,22,0,0,0,6,8,8,7,9,11,16,33,23,73,50,21,4,1,0,0,0,0,1,0,0,0,1,0,1,1,1,0,1,0,0,331,395637,1005766,1227645,1004643,1034093,1081769,1161846,1088525,1121772,1378732,1494195,1373809,1197546,888550,561439,558184,4,2330,715,2999,4473,5642,9396,11640,10920,10417,13345,16785,12178,7744,4918,2793,2176
2022-01-14,249,389055,523501,608096,490307,496456,510845,533357,484743,491530,581813,593669,517726,435589,316226,199680,199662,1,1790,236,361,409,381,351,293,261,251,246,155,150,83,57,29,29,78,9404,479676,568730,459779,471135,486877,515119,470995,476078,566260,585235,512261,432684,317287,200333,198472,0,1051,400,311,312,350,282,253,196,185,177,121,74,42,31,20,28,5,18,3343,55361,59977,73030,92494,124000,142694,164996,243180,329907,352954,334431,258471,163713,161737,0,1,139,4234,4884,6030,8111,10435,10057,11129,13426,15386,10187,6475,4316,2465,1856,0,2,21,380,191,238,308,357,657,772,1396,1097,1274,1465,987,244,245,0,0,0,22,14,13,18,15,61,55,101,74,68,73,38,21,20,0,0,0,7,8,9,7,10,12,17,36,25,74,52,22,4,1,0,0,0,1,0,1,0,1,1,1,3,2,1,2,1,0,0,332,398479,1006541,1232574,1010262,1040868,1090531,1172843,1099101,1133393,1392685,1509933,1384289,1204221,892993,563974,560117,1,2842,775,4929,5619,6775,8762,10997,10576,11621,13953,15738,10480,6675,4443,2535,1933
2022-01-15,249,392459,523873,608437,490661,496866,511183,533615,484958,491745,581977,593801,517809,435635,316268,199703,199674,0,3404,372,341,354,410,338,258,215,215,164,132,83,46,42,23,12,78,10992,480120,568974,460068,471377,487094,515327,471162,476222,566401,585325,512297,432715,317308,200335,198476,0,1588,444,244,289,242,217,208,167,144,141,90,36,31,21,2,4,5,18,3447,58989,63830,77670,98210,132280,150350,173478,253015,340177,359441,337946,260900,165209,162766,0,0,104,3628,3853,4640,5716,8280,7656,8482,9835,10270,6487,3515,2429,1496,1029,0,2,23,407,195,255,328,384,686,814,1451,1144,1318,1496,1010,252,249,0,0,2,27,4,17,20,27,29,42,55,47,44,31,23,8,4,0,0,0,9,8,9,7,10,12,17,38,27,74,53,22,5,1,0,0,0,2,0,0,0,0,0,0,2,2,0,1,0,1,0,332,403471,1007463,1236816,1014762,1046177,1096822,1181616,1107168,1142276,1402882,1520474,1390939,1207845,895508,565504,561166,0,4992,922,4242,4500,5309,6291,8773,8067,8883,10197,10541,6650,3624,2515,1530,1049
2022-01-16,249,393953,524080,608700,490885,497066,511368,533766,485091,491843,582114,593896,517862,435679,316290,199714,199686,0,1494,207,263,224,200,185,151,133,98,137,95,53,44,22,11,12,78,12033,480376,569157,460224,471512,487234,515454,471269,476312,566489,585385,512320,432734,317323,200343,198482,0,1041,256,183,156,135,140,127,107,90,88,60,23,19,15,8,6,5,20,3578,63352,67482,82021,104869,141242,157612,180754,261596,349563,365353,341200,263143,166557,163647,0,2,131,4363,3652,4351,6659,8962,7262,7276,8581,9386,5912,3254,2243,1348,881,0,2,24,434,200,263,338,400,716,838,1504,1170,1344,1524,1024,259,251,0,0,1,27,5,8,10,16,30,24,53,26,26,28,14,7,2,0,0,0,9,8,10,8,10,13,17,38,28,75,57,23,7,1,0,0,0,0,0,1,1,0,1,0,0,1,1,4,1,2,0,332,406008,1008058,1241652,1018799,1050872,1103817,1190872,1114701,1149764,1411741,1530042,1396954,1211194,897803,566880,562067,0,2537,595,4836,4037,4695,6995,9256,7533,7488,8859,9568,6015,3349,2295,1376,901
2022-01-17,250,394406,524231,608909,491134,497269,511580,533970,485207,491952,582226,593983,517931,435723,316308,199735,199698,1,453,151,209,249,203,212,204,116,109,112,87,69,44,18,21,12,78,12602,480525,569351,460406,471682,487376,515588,471387,476402,566588,585451,512365,432755,317335,200347,198493,0,569,149,194,182,170,142,134,118,90,99,66,45,21,12,4,11,5,20,3694,70377,72304,88181,112272,149465,165019,189123,271132,359361,373469,345576,265955,168012,164673,0,0,116,7025,4822,6160,7403,8223,7407,8369,9536,9798,8116,4376,2812,1455,1026,0,2,25,443,208,272,354,424,759,898,1596,1215,1410,1575,1054,266,253,0,0,1,9,8,9,16,24,43,60,92,45,66,51,30,7,2,0,0,0,9,8,12,8,10,14,17,40,29,76,58,27,7,1,0,0,0,0,0,2,0,0,1,0,2,1,1,1,4,0,0,333,407030,1008475,1249089,1024060,1057416,1111590,1199457,1122386,1158392,1421582,1540039,1405251,1215687,900679,568367,563118,1,1022,417,7437,5261,6544,7773,8585,7685,8628,9841,9997,8297,4493,2876,1487,1051
2022-01-18,250,395131,524399,609179,491441,497573,511848,534164,485371,492091,582385,594123,518038,435791,316357,199765,199728,0,725,168,270,307,304,268,194,164,139,159,140,107,68,49,30,30,79,13155,480734,569598,460666,471930,487588,515783,471521,476545,566717,585574,512436,432794,317352,200363,198505,1,553,209,247,260,248,212,195,134,143,129,123,71,39,17,16,12,5,20,3793,77991,78855,96742,120895,158766,173888,198560,284873,370568,383492,351893,270235,170285,166466,0,0,99,7614,6551,8561,8623,9301,8869,9437,13741,11207,10023,6317,4280,2273,1793,0,2,25,469,221,297,380,479,832,989,1719,1324,1537,1673,1126,305,291,0,0,0,26,13,25,26,55,73,91,123,109,127,98,72,39,38,0,0,0,11,8,16,9,10,14,17,41,29,78,61,27,7,1,0,0,0,2,0,4,1,0,0,0,1,0,2,3,0,0,0,334,408308,1008951,1257248,1031191,1066558,1120720,1209202,1131626,1168202,1435735,1551618,1415581,1222212,905097,570725,564991,1,1278,476,8159,7131,9142,9130,9745,9240,9810,14153,11579,10330,6525,4418,2358,1873
2022-01-19,251,396124,524559,609461,491719,497857,512094,534368,485557,492257,582552,594268,518148,435859,316397,199786,199751,1,993,160,282,278,284,246,204,186,166,167,145,110,68,40,21,23,79,17780,481041,569854,460911,472184,487793,515950,471659,476644,566846,585659,512504,432833,317385,200374,198536,0,4625,307,256,245,254,205,167,138,99,129,85,68,39,33,11,31,5,20,3871,85355,85212,104382,129449,167329,182191,207426,295720,380764,392092,357267,273861,172290,168002,0,0,78,7364,6357,7640,8554,8563,8303,8866,10847,10196,8600,5374,3626,2005,1536,0,2,25,501,232,319,405,531,929,1085,1876,1483,1715,1815,1222,349,316,0,0,0,32,11,22,25,52,97,96,157,159,178,142,96,44,25,0,0,0,11,8,17,12,11,14,17,44,32,78,61,27,7,1,0,0,0,0,0,1,3,1,0,0,3,3,0,0,0,0,0,335,413926,1009496,1265182,1038082,1074759,1129753,1218189,1140350,1177429,1447038,1562206,1424537,1227835,908892,572806,566606,1,5618,545,7934,6891,8201,9033,8987,8724,9227,11303,10588,8956,5623,3795,2081,1615
2022-01-20,252,397308,524748,609702,492001,498150,512322,534576,485715,492396,582719,594389,518260,435926,316437,199807,199775,1,1184,189,241,282,293,228,208,158,139,167,121,112,67,40,21,24,79,22897,481646,570203,461224,472519,488086,516207,471895,476820,567012,585786,512592,432884,317415,200396,198559,0,5117,605,349,313,335,293,257,236,176,166,127,88,51,30,22,23,5,20,3983,93666,91974,112190,137912,176970,191061,216687,306351,391127,399788,361863,277033,174145,169435,0,0,112,8311,6762,7808,8463,9641,8870,9261,10631,10363,7696,4596,3172,1855,1433,0,2,26,526,258,344,431,581,1020,1196,2036,1619,1874,1954,1328,386,332,0,0,1,25,26,25,26,50,91,111,160,136,159,139,106,37,16,0,0,0,12,8,19,12,11,14,18,47,34,79,66,28,7,1,0,0,0,1,0,2,0,0,0,1,3,2,1,5,1,0,0,336,420227,1010403,1274109,1045465,1083222,1138763,1228345,1149705,1187117,1458165,1572955,1432593,1232693,912241,574741,568102,1,6301,907,8927,7383,8463,9010,10156,9355,9688,11127,10749,8056,4858,3349,1935,1496
2022-01-21,253,398579,524948,609936,492283,498405,512546,534748,485844,492545,582854,594501,518323,435968,316471,199819,199801,1,1271,200,234,282,255,224,172,129,149,135,112,63,42,34,12,26,79,32199,482239,570439,461503,472812,488348,516431,472059,476971,567168,585891,512653,432915,317445,200414,198573,0,9302,593,236,279,293,262,224,164,151,156,105,61,31,30,18,14,5,22,4085,100995,98030,119601,146317,186479,199603,226197,317010,400356,405498,364963,279138,175402,170436,0,2,102,7329,6056,7411,8405,9509,8542,9510,10659,9229,5710,3100,2105,1257,1001,0,2,26,568,273,363,454,620,1102,1295,2142,1718,1970,2054,1374,407,338,0,0,0,42,15,19,23,39,82,99,106,99,96,100,46,21,6,0,0,0,15,8,19,12,13,15,18,50,37,81,66,28,8,1,0,0,0,3,0,0,0,2,1,0,3,3,2,0,0,1,0,337,430802,1011298,1281953,1052097,1091200,1147677,1238291,1158623,1197026,1469224,1582503,1438525,1235966,914456,576050,569149,1,10575,895,7844,6632,7978,8914,9946,8918,9909,11059,9548,5932,3273,2215,1309,1047
2022-01-22,254,400839,525173,610121,492458,498587,512702,534890,485954,492629,582949,594568,518359,436001,316483,199832,199815,1,2260,225,185,175,182,156,142,110,84,95,67,36,33,12,13,14,79,48601,482958,570614,461719,473012,488546,516591,472203,477086,567243,585950,512693,432931,317464,200419,198579,0,16402,719,175,216,200,198,160,144,115,75,59,40,16,19,5,6,5,23,4157,106410,102291,124377,152275,192844,205440,232283,323489,404952,408127,366450,280153,176056,170901,0,1,72,5415,4261,4776,5958,6365,5837,6086,6479,4596,2629,1487,1015,654,465,0,3,28,603,284,389,479,651,1153,1346,2224,1778,2030,2099,1408,418,340,0,1,2,35,11,26,25,31,51,51,82,60,60,45,34,11,2,0,0,0,17,8,19,12,13,16,18,52,38,82,66,28,8,1,0,0,0,2,0,0,0,0,1,0,2,1,1,0,0,0,0,338,449466,1012316,1287765,1056760,1096384,1154014,1244989,1164766,1203362,1475957,1587286,1441291,1237547,915536,576733,569636,1,18664,1018,5812,4663,5184,6337,6698,6143,6336,6733,4783,2766,1581,1080,683,487
2022-01-23,254,401890,525288,610249,492584,498681,512796,534979,486025,492678,583013,594624,518393,436023,316493,199849,199821,0,1051,115,128,126,94,94,89,71,49,64,56,34,22,10,17,6,79,61694,483446,570762,461872,473145,488671,516704,472290,477164,567302,585994,512721,432947,317477,200423,198582,0,13093,488,148,153,133,125,113,87,78,59,44,28,16,13,4,3,5,23,4233,111574,106095,128716,156917,198569,210751,237212,328007,408281,410127,367791,281024,176561,171241,0,0,76,5164,3804,4339,4642,5725,5311,4929,4518,3329,2000,1341,871,505,340,0,3,28,623,292,401,499,674,1196,1381,2280,1822,2105,2143,1437,428,351,0,0,0,20,8,12,20,23,43,35,56,44,75,44,29,10,11,0,0,0,19,8,19,12,14,16,18,53,38,82,66,30,8,1,0,0,0,2,0,0,0,1,0,0,1,0,0,0,2,0,0,338,463610,1012995,1293227,1060851,1100962,1158895,1250940,1170278,1208453,1480655,1590759,1443428,1238970,916461,577269,569996,0,14144,679,5462,4091,4578,4881,5951,5512,5091,4698,3473,2137,1423,925,536,360
2022-01-24,254,402563,525403,610452,492767,498902,512976,535115,486137,492809,583133,594722,518471,436074,316513,199873,199840,0,673,115,203,183,221,180,136,112,131,120,98,78,51,20,24,19,79,68748,483840,571016,462105,473394,488882,516911,472421,477305,567422,586078,512784,432979,317491,200437,198595,0,7054,394,254,233,249,211,207,131,141,120,84,63,32,14,14,13,6,30,4315,117545,111269,134810,163355,206272,217419,243568,335406,416059,415059,370934,283194,177785,172178,1,7,82,5971,5174,6094,6438,7703,6668,6356,7399,7778,4932,3143,2170,1224,937,0,3,28,652,309,413,529,709,1268,1458,2391,1939,2232,2257,1530,471,361,0,0,0,29,17,12,30,35,72,77,111,117,127,114,93,43,10,0,0,0,21,8,19,12,15,20,18,57,39,82,68,30,8,1,0,0,0,2,0,0,0,1,4,0,4,1,0,2,0,0,0,339,471344,1013586,1299686,1066458,1107538,1165754,1259022,1177265,1215158,1488409,1598837,1448628,1242312,918758,578574,570975,1,7734,591,6459,5607,6576,6859,8082,6987,6705,7754,8078,5200,3342,2297,1305,979
2022-01-25,254,403236,525513,610663,492957,499107,513162,535258,486269,492931,583222,594823,518545,436133,316540,199894,199870,0,673,110,211,190,205,186,143,132,122,89,101,74,59,27,21,30,80,76678,484175,571306,462344,473619,489086,517085,472562,477424,567522,586157,512845,433000,317508,200459,198613,1,7930,335,290,239,225,204,174,141,119,100,79,61,21,17,22,18,6,41,4397,123245,116390,140751,169067,213382,223338,249267,342405,424413,420384,374006,285360,178957,173181,0,11,82,5700,5121,5941,5712,7110,5919,5699,6999,8354,5325,3072,2166,1172,1003,0,3,28,666,322,430,548,742,1328,1539,2507,2079,2357,2376,1609,513,383,0,0,0,14,13,17,19,33,60,81,116,140,125,119,79,42,22,0,0,0,21,8,19,12,15,20,20,57,41,84,71,31,9,1,0,0,0,0,0,0,0,0,0,2,0,2,2,3,1,1,0,340,479958,1014113,1305901,1072021,1113926,1171875,1266482,1183517,1221181,1495713,1607513,1454215,1245586,921048,579832,572048,1,8614,527,6215,5563,6388,6121,7460,6252,6023,7304,8676,5587,3274,2290,1258,1073
2022-01-26,254,404163,525652,610890,493212,499312,513382,535427,486387,493051,583347,594896,518602,436184,316559,199919,199891,0,927,139,227,255,205,220,169,118,120,125,73,57,51,19,25,21,81,85966,484959,571624,462700,473920,489372,517330,472756,477590,567670,586277,512903,433044,317532,200477,198634,1,9288,784,318,356,301,286,245,194,166,148,120,58,44,24,18,21,6,42,4469,129343,120967,146115,174597,219960,229161,254711,349051,431378,425032,376855,287418,180117,174168,0,1,72,6098,4577,5364,5530,6578,5823,5444,6646,6965,4648,2849,2058,1160,987,0,3,28,680,334,446,578,783,1400,1619,2633,2212,2521,2533,1695,548,411,0,0,0,14,12,16,30,41,72,80,126,133,164,157,86,35,28,0,0,0,21,8,19,13,16,20,20,57,41,86,72,31,9,1,0,0,0,0,0,0,1,1,0,0,0,0,2,1,0,0,0,341,490174,1015108,1312558,1077221,1119812,1177942,1273516,1189724,1226991,1502758,1614804,1459144,1248688,923235,581070,573105,1,10216,995,6657,5200,5886,6067,7034,6207,5810,7045,7291,4929,3102,2187,1238,1057
2022-01-27,255,405252,525847,611153,493439,499539,513601,535574,486513,493150,583467,594991,518663,436233,316589,199927,199912,1,1089,195,263,227,227,219,147,126,99,120,95,61,49,30,8,21,82,94555,485636,571987,463010,474238,489673,517563,472909,477738,567804,586387,512953,433072,317560,200497,198648,1,8589,677,363,310,318,301,233,153,148,134,110,50,28,28,20,14,6,44,4568,135042,125648,151661,180971,226316,234661,260109,355474,437684,429225,379291,289112,181121,174977,0,2,99,5699,4681,5546,6374,6356,5500,5398,6423,6306,4193,2436,1694,1004,809,0,3,29,692,347,460,603,818,1467,1699,2759,2342,2631,2660,1776,589,428,0,0,1,12,13,14,25,35,67,80,126,130,110,127,81,41,17,0,0,0,21,8,20,13,16,22,21,58,41,87,73,31,9,1,0,0,0,0,0,1,0,0,2,1,1,0,1,1,0,0,0,343,499854,1016080,1318895,1082452,1125918,1184861,1280287,1195572,1232717,1509562,1621445,1463559,1251329,925068,582143,573966,2,9680,972,6337,5231,6106,6919,6771,5848,5726,6804,6641,4415,2641,1833,1073,861
2022-01-28,255,406637,526023,611351,493628,499754,513777,535730,486626,493248,583571,595056,518700,436270,316607,199939,199935,0,1385,176,198,189,215,176,156,113,98,104,65,37,37,18,12,23,82,105406,486230,572274,463300,474497,489913,517754,473085,477882,567919,586462,512994,433100,317578,200515,198665,0,10851,594,287,290,259,240,191,176,144,115,75,41,28,18,18,17,6,47,4642,141117,131072,157808,187441,233795,241125,266322,362083,443966,432373,381056,290395,181809,175569,0,3,74,6075,5424,6147,6470,7479,6464,6213,6609,6282,3148,1765,1283,688,592,0,3,31,711,357,473,629,853,1529,1770,2847,2423,2716,2748,1837,609,435,0,0,2,19,10,13,26,35,62,71,88,81,85,88,61,20,7,0,1,0,22,8,20,14,16,22,21,60,41,87,76,31,9,1,0,1,0,1,0,0,1,0,0,0,2,0,0,3,0,0,0,343,512094,1016926,1325475,1088365,1132552,1191774,1288148,1202387,1239243,1516480,1627948,1466870,1253250,926448,582881,574605,0,12240,846,6580,5913,6634,6913,7861,6815,6526,6918,6503,3311,1921,1380,738,639
2022-01-29,255,408116,526218,611518,493784,499914,513879,535831,486723,493324,583659,595102,518733,436296,316623,199948,199943,0,1479,195,167,156,160,102,101,97,76,88,46,33,26,16,9,8,82,122150,487039,572525,463512,474738,490111,517936,473212,477994,568017,586511,513024,433110,317588,200526,198672,0,16744,809,251,212,241,198,182,127,112,98,49,30,10,10,11,7,6,49,4730,145864,134696,161642,191621,238108,244721,269884,365497,446526,433589,381740,290908,182101,175808,0,2,88,4747,3624,3834,4180,4313,3596,3562,3414,2560,1216,684,513,292,239,0,3,32,725,366,485,650,876,1569,1814,2899,2458,2766,2782,1878,622,450,0,0,1,14,9,12,21,23,40,44,52,35,50,34,41,13,15,0,1,0,22,9,21,14,16,23,24,62,42,88,77,31,9,1,0,0,0,0,1,1,0,0,1,3,2,1,1,1,0,0,0,343,530319,1018019,1330654,1092367,1136800,1196275,1292767,1206248,1243040,1520134,1630639,1468200,1254005,927028,583206,574874,0,18225,1093,5179,4002,4248,4501,4619,3861,3797,3654,2691,1330,755,580,325,269
2022-01-30,255,408894,526358,611618,493874,500011,513971,535904,486786,493363,583703,595127,518756,436310,316627,199952,199944,0,778,140,100,90,97,92,73,63,39,44,25,23,14,4,4,1,82,132606,487566,572703,463659,474867,490229,518030,473290,478056,568050,586553,513038,433122,317591,200534,198678,0,10456,527,178,147,129,118,94,78,62,33,42,14,12,3,8,6,6,53,4785,149941,137377,164512,194936,241859,247599,272305,367901,448432,434575,382286,291299,182320,175962,0,4,55,4077,2681,2870,3315,3751,2878,2421,2404,1906,986,546,391,219,154,0,3,33,737,372,490,659,896,1602,1851,2941,2509,2807,2830,1903,636,457,0,0,1,12,6,5,9,20,33,37,42,51,41,48,25,14,7,0,1,0,22,9,21,14,16,23,24,63,43,88,78,31,9,1,0,0,0,0,0,0,0,0,0,0,1,1,0,1,0,0,0,343,541557,1018742,1335021,1095291,1139901,1199809,1296705,1209300,1245599,1522658,1632664,1469264,1254626,927451,583451,575042,0,11238,723,4367,2924,3101,3534,3938,3052,2559,2524,2025,1064,621,423,245,168
2022-01-31,255,409746,526449,611751,494034,500167,514082,535995,486848,493427,583774,595181,518798,436333,316648,199962,199953,0,852,91,133,160,156,111,91,62,64,71,54,42,23,21,10,9,82,139589,487933,572951,463858,475060,490399,518184,473397,478144,568136,586597,513069,433141,317604,200541,198686,0,6983,367,248,199,193,170,154,107,88,86,44,31,19,13,7,8,6,55,4833,153885,140735,168440,198702,246088,251302,275642,372278,452960,437211,383919,292461,182956,176464,0,2,48,3944,3358,3928,3766,4229,3703,3337,4377,4528,2636,1633,1162,636,502,0,3,33,744,380,498,672,925,1653,1911,3023,2597,2902,2939,1977,669,477,0,0,0,7,8,8,13,29,51,60,82,88,95,109,74,33,20,0,1,0,23,9,21,16,16,24,25,63,44,88,80,32,9,1,0,0,0,1,0,0,2,0,1,1,0,1,0,2,1,0,0,343,549394,1019248,1339354,1099016,1144186,1203871,1301208,1213224,1249149,1527274,1637379,1472068,1256412,928722,584137,575581,0,7837,506,4333,3725,4285,4062,4503,3924,3550,4616,4715,2804,1786,1271,686,539
2022-02-01,255,410566,526543,611912,494175,500292,514204,536089,486934,493493,583837,595230,518844,436356,316671,199973,199972,0,820,94,161,141,125,122,94,86,66,63,49,46,23,23,11,19,82,148249,488327,573169,464047,475274,490561,518319,473490,478243,568238,586654,513117,433158,317616,200548,198698,0,8660,394,218,189,214,162,135,93,99,102,57,48,17,12,7,12,6,58,4879,157168,143206,171261,201539,249547,254560,279058,376775,456817,439982,385716,293693,183703,177042,0,3,46,3283,2471,2821,2837,3459,3258,3416,4497,3857,2771,1797,1232,747,578,0,3,33,751,387,514,691,946,1687,1964,3109,2666,2996,3033,2050,694,494,0,0,0,7,7,16,19,21,34,53,86,69,94,94,73,25,17,0,1,0,23,9,21,17,16,25,27,65,45,89,82,33,9,1,0,0,0,0,0,0,1,0,1,2,2,1,1,2,1,0,0,343,558877,1019782,1343023,1101824,1147362,1207012,1304917,1216696,1252785,1532024,1641412,1475028,1258345,930063,584927,576207,0,9483,534,3669,2808,3176,3141,3709,3472,3636,4750,4033,2960,1933,1341,790,626
2022-02-02,256,411374,526663,612062,494301,500453,514323,536164,487020,493553,583909,595278,518902,436383,316699,199978,199981,1,808,120,150,126,161,119,75,86,60,72,48,58,27,28,5,9,82,157352,488940,573470,464320,475525,490769,518493,473633,478329,568339,586731,513168,433187,317637,200557,198722,0,9103,613,301,273,251,208,174,143,86,101,77,51,29,21,9,24,6,62,4921,160215,145512,173880,204663,252951,257620,282095,381161,460405,442326,387287,294869,184399,177639,0,4,42,3047,2306,2619,3124,3404,3060,3037,4386,3588,2344,1571,1176,696,597,0,3,33,758,394,522,718,974,1738,2017,3208,2752,3123,3119,2138,729,511,0,0,0,7,7,8,27,28,51,53,99,86,127,86,88,35,17,0,1,0,24,9,21,17,16,25,27,68,45,90,83,36,9,1,0,0,0,1,0,0,0,0,0,0,3,0,1,1,3,0,0,344,568792,1020557,1346529,1104536,1150401,1210490,1308598,1220036,1256021,1536685,1645211,1477609,1260059,931379,585672,576854,1,9915,775,3506,2712,3039,3478,3681,3340,3236,4661,3799,2581,1714,1316,745,647
2022-02-03,256,412163,526792,612214,494458,500586,514443,536261,487094,493614,583982,595324,518951,436421,316714,199988,199990,0,789,129,152,157,133,120,97,74,61,73,46,49,38,15,10,9,82,164685,489628,573784,464609,475814,491000,518713,473795,478455,568465,586819,513220,433213,317658,200566,198743,0,7333,688,314,289,289,231,220,162,126,126,88,52,26,21,9,21,6,62,4968,163192,148119,176813,207788,256448,260572,285359,384731,463343,444075,388486,295684,184896,178105,0,0,47,2977,2607,2933,3125,3497,2952,3264,3570,2938,1749,1199,815,497,466,0,3,33,768,406,533,738,1004,1777,2082,3306,2843,3232,3202,2198,765,519,0,0,0,10,12,11,20,30,39,65,98,91,109,83,60,36,8,0,1,0,24,9,21,17,16,26,27,72,45,90,84,37,9,1,0,0,0,0,0,0,0,0,1,0,4,0,0,1,1,0,0,344,576914,1021421,1349982,1107601,1153767,1213986,1312442,1223264,1259537,1540556,1648374,1479568,1261406,932291,586224,577358,0,8122,864,3453,3065,3366,3496,3844,3228,3516,3871,3163,1959,1347,912,552,504
2022-02-04,256,413100,526923,612347,494575,500704,514561,536346,487177,493678,584049,595362,518980,436442,316729,199999,200003,0,937,131,133,117,118,118,85,83,64,67,38,29,21,15,11,13,82,173164,490147,574069,464886,476048,491190,518868,473935,478558,568584,586863,513251,433232,317675,200577,198755,0,8479,519,285,277,234,190,155,140,103,119,44,31,19,17,11,12,7,64,5026,166699,151078,180131,211346,260210,263972,288845,388824,466205,445508,389278,296204,185231,178387,1,2,58,3507,2959,3318,3558,3762,3400,3486,4093,2862,1433,792,520,335,282,0,3,33,787,412,548,759,1024,1820,2124,3376,2911,3304,3272,2250,782,535,0,0,0,19,6,15,21,20,43,42,70,68,72,70,52,17,16,0,1,0,24,9,22,17,18,26,27,73,45,94,85,37,9,1,0,0,0,0,0,1,0,2,0,0,1,0,4,1,0,0,0,345,586332,1022129,1353926,1110960,1157453,1217873,1316466,1226930,1263232,1544906,1651386,1481137,1262309,932895,586598,577681,1,9418,708,3944,3359,3686,3887,4024,3666,3695,4350,3012,1569,903,604,374,323
2022-02-05,257,414035,527126,612467,494680,500796,514651,536409,487228,493718,584092,595392,518997,436459,316732,200005,200011,1,935,203,120,105,92,90,63,51,40,43,30,17,17,3,6,8,82,185139,490809,574316,465105,476260,491379,519006,474044,478645,568671,586910,513283,433246,317682,200580,198763,0,11975,662,247,219,212,189,138,109,87,87,47,32,14,7,3,8,7,66,5083,169938,153048,182242,213765,262674,265988,290747,391029,467823,446280,389664,296461,185385,178534,0,2,57,3239,1970,2111,2419,2464,2016,1902,2205,1618,772,386,257,154,147,0,3,34,802,421,557,770,1039,1856,2156,3419,2951,3337,3304,2279,791,540,0,0,1,15,9,9,11,15,36,32,43,40,33,32,29,9,5,0,1,0,24,9,22,17,18,26,28,73,46,95,85,39,9,1,0,0,0,0,0,0,0,0,0,1,0,1,1,0,2,0,0,346,599244,1023052,1357547,1113263,1159877,1220582,1319146,1229142,1265294,1547284,1653122,1481992,1262758,933193,586770,577849,1,12912,923,3621,2303,2424,2709,2680,2212,2062,2378,1736,855,449,298,172,168
2022-02-06,257,414547,527211,612558,494744,500854,514711,536455,487251,493747,584116,595409,519006,436472,316744,200006,200016,0,512,85,91,64,58,60,46,23,29,24,17,9,13,12,1,5,82,191281,491227,574475,465258,476398,491486,519085,474122,478697,568719,586930,513291,433257,317692,200586,198764,0,6142,418,159,153,138,107,79,78,52,48,20,8,11,10,6,1,7,67,5119,172031,154380,183620,215149,264122,267129,291847,392391,468606,446734,389909,296646,185506,178635,0,1,36,2093,1332,1378,1384,1448,1141,1100,1362,783,454,245,185,121,101,0,3,35,812,424,565,781,1056,1874,2183,3453,2989,3380,3351,2303,803,547,0,0,1,10,3,8,11,17,18,27,34,38,43,47,24,12,7,0,1,0,24,9,22,17,18,26,29,73,46,95,86,40,9,1,0,0,0,0,0,0,0,0,0,1,0,0,0,1,1,0,0,346,605899,1023592,1359900,1114815,1161459,1222144,1320736,1230402,1266503,1548752,1653980,1482506,1263075,933425,586910,577963,0,6655,540,2353,1552,1582,1562,1590,1260,1209,1468,858,514,317,232,140,114
2022-02-07,257,415072,527301,612683,494835,500954,514797,536518,487295,493780,584162,595452,519023,436494,316756,200013,200024,0,525,90,125,91,100,86,63,44,33,46,43,17,22,12,7,8,82,196978,491528,574707,465421,476593,491630,519196,474199,478762,568799,586981,513331,433286,317707,200599,198773,0,5697,301,232,163,195,144,111,77,65,80,51,40,29,15,13,9,7,71,5148,174168,156615,186102,217549,266419,269432,293903,395246,470568,448006,390808,297215,185884,178960,0,4,29,2137,2235,2482,2400,2297,2303,2056,2855,1962,1272,899,569,378,325,0,3,35,817,436,574,801,1074,1916,2221,3515,3059,3445,3440,2348,827,553,0,0,0,5,12,9,20,18,42,38,62,70,65,89,45,24,6,0,1,0,26,9,22,17,19,26,29,73,46,97,90,41,9,1,0,0,0,2,0,0,0,1,0,0,0,0,2,4,1,0,0,346,612125,1024012,1362401,1117316,1164245,1224794,1323226,1232868,1268695,1551795,1656106,1483902,1264118,934067,587332,578311,0,6226,420,2501,2501,2786,2650,2490,2466,2192,3043,2126,1396,1043,642,422,348
2022-02-08,257,415798,527402,612793,494939,501052,514873,536578,487340,493828,584201,595481,519048,436509,316769,200018,200034,0,726,101,110,104,98,76,60,45,48,39,29,25,15,13,5,10,82,203786,491948,574926,465633,476771,491784,519322,474308,478839,568866,587045,513380,433312,317721,200617,198782,0,6808,420,219,212,178,154,126,109,77,67,64,49,26,14,18,9,7,71,5176,176520,158780,188338,219659,269075,271621,295992,398117,472753,449625,391809,297948,186301,179369,0,0,28,2352,2165,2236,2110,2656,2189,2089,2871,2185,1619,1001,733,417,409,0,3,35,826,443,578,811,1096,1944,2253,3591,3125,3518,3496,2409,869,570,0,0,0,9,7,4,10,22,28,32,76,66,73,56,61,42,17,0,1,0,26,9,22,17,19,27,30,73,47,100,91,42,9,1,0,0,0,0,0,0,0,0,1,1,0,1,3,1,1,0,0,346,619659,1024561,1365091,1119804,1166761,1227144,1326090,1235240,1270942,1554848,1658451,1485671,1265217,934889,587814,578756,0,7534,549,2690,2488,2516,2350,2864,2372,2247,3053,2345,1769,1099,822,482,445
2022-02-09,257,416522,527504,612911,495024,501151,514955,536626,487388,493864,584244,595519,519074,436528,316782,200025,200046,0,724,102,118,85,99,82,48,48,36,43,38,26,19,13,7,12,82,210588,492343,575158,465841,476968,491929,519459,474394,478919,568945,587085,513424,433333,317744,200627,198805,0,6802,395,232,208,197,145,137,86,80,79,40,44,21,23,10,23,7,72,5212,178751,160484,190178,221688,271287,273541,298129,400411,474487,451066,392720,298599,186723,179765,0,1,36,2231,1704,1840,2029,2212,1920,2137,2294,1734,1441,911,651,422,396,0,3,35,833,449,588,821,1115,1975,2290,3645,3190,3592,3572,2475,887,579,0,0,0,7,6,10,10,19,31,37,54,65,74,76,66,18,9,0,1,0,27,9,22,17,20,28,30,74,48,100,91,45,9,1,0,0,0,1,0,0,0,1,1,0,1,1,0,0,3,0,0,346,627186,1025094,1367680,1121807,1168907,1229410,1328507,1237326,1273232,1557319,1660329,1487256,1266244,935645,588271,579196,0,7527,533,2589,2003,2146,2266,2417,2086,2290,2471,1878,1585,1027,756,457,440
2022-02-10,258,417216,527608,613025,495115,501244,515028,536677,487424,493912,584294,595542,519099,436543,316792,200027,200055,1,694,104,114,91,93,73,51,36,48,50,23,25,15,10,2,9,82,217345,492825,575442,466081,477196,492108,519605,474511,478999,569040,587146,513471,433361,317763,200641,198829,0,6757,482,284,240,228,179,146,117,80,95,61,47,28,19,14,24,7,73,5253,180896,162255,192103,223864,273420,275380,299964,402516,476048,452335,393422,299099,187039,180063,0,1,41,2145,1771,1925,2176,2133,1839,1835,2105,1561,1269,702,500,316,298,0,3,35,845,459,599,831,1140,1999,2329,3707,3243,3677,3647,2522,914,593,0,0,0,12,10,11,10,25,24,39,62,53,85,75,47,27,14,0,1,0,28,9,22,17,21,28,30,76,49,101,94,46,9,2,0,0,0,1,0,0,0,1,0,0,2,1,1,3,1,0,1,347,634638,1025721,1370236,1123919,1171164,1231848,1330863,1239342,1275234,1559633,1662028,1488683,1267067,936222,588630,579542,1,7452,627,2556,2112,2257,2438,2356,2016,2002,2314,1699,1427,823,577,359,346
2022-02-11,258,417942,527747,613141,495222,501342,515099,536740,487464,493952,584330,595578,519128,436554,316803,200038,200064,0,726,139,116,107,98,71,63,40,40,36,36,29,11,11,11,9,82,223450,493281,575661,466315,477438,492295,519783,474616,479106,569145,587209,513513,433387,317775,200648,198847,0,6105,456,219,234,242,187,178,105,107,105,63,42,26,12,7,18,7,133,5315,183511,164535,194575,226325,275925,277746,302321,405162,477903,453441,394064,299535,187334,180413,0,60,62,2615,2280,2472,2461,2505,2366,2357,2646,1855,1106,642,436,295,350,0,3,35,859,466,609,840,1161,2033,2375,3780,3313,3754,3728,2583,941,610,0,0,0,14,7,10,9,21,34,46,73,70,77,81,61,27,17,0,1,0,30,9,23,17,22,28,30,77,50,101,94,46,9,2,0,0,0,2,0,1,0,1,0,0,1,1,0,0,0,0,0,347,641529,1026378,1373202,1126547,1173987,1234576,1333631,1241887,1277784,1562494,1664053,1489937,1267827,936742,588970,579936,0,6891,657,2966,2628,2823,2728,2768,2545,2550,2861,2025,1254,760,520,340,394
2022-02-12,258,418529,527857,613224,495296,501403,515159,536798,487495,493983,584358,595601,519139,436560,316807,200041,200064,0,587,110,83,74,61,60,58,31,31,28,23,11,6,4,3,0,82,230303,493890,575862,466491,477624,492457,519929,474731,479189,569209,587258,513531,433406,317784,200657,198849,0,6853,609,201,176,186,162,146,115,83,64,49,18,19,9,9,2,7,134,5357,185708,165989,196159,228040,277531,279214,303745,406834,478970,453890,394321,299703,187470,180531,0,1,42,2197,1454,1584,1715,1606,1468,1424,1672,1067,449,257,168,136,118,0,3,35,872,472,621,851,1172,2059,2404,3816,3346,3813,3762,2616,952,616,0,0,0,13,6,12,11,11,26,29,36,33,59,34,33,11,6,0,1,0,30,9,23,17,22,28,30,77,51,101,94,46,9,2,0,0,0,0,0,0,0,0,0,0,0,1,0,0,0,0,0,347,648970,1027139,1375696,1128257,1175830,1236524,1335452,1243527,1279351,1564294,1665226,1490474,1268143,936956,589129,580062,0,7441,761,2494,1710,1843,1948,1821,1640,1567,1800,1173,537,316,214,159,126
2022-02-13,258,418785,527900,613277,495337,501436,515198,536813,487513,493995,584369,595620,519143,436566,316809,200043,200064,0,256,43,53,41,33,39,15,18,12,11,19,4,6,2,2,0,82,233510,494228,576001,466620,477749,492572,520026,474795,479244,569248,587290,513551,433421,317789,200660,198852,0,3207,338,139,129,125,115,97,64,55,39,32,20,15,5,3,3,7,134,5389,186687,166617,196836,228844,278293,279874,304425,407577,479543,454167,394470,299813,187533,180584,0,0,32,979,628,677,804,762,660,680,743,573,277,149,110,63,53,0,3,35,876,477,624,855,1176,2071,2428,3845,3362,3838,3777,2633,960,617,0,0,0,4,5,3,4,4,12,24,29,16,25,15,17,8,1,0,1,0,31,9,23,17,22,28,30,78,51,101,94,46,9,2,0,0,0,1,0,0,0,0,0,0,1,0,0,0,0,0,0,347,652433,1027552,1376872,1129060,1176668,1237486,1336330,1244281,1280122,1565117,1665866,1490800,1268328,937090,589205,580119,0,3463,413,1176,803,838,962,878,754,771,823,640,326,185,134,76,57
2022-02-14,259,419462,527965,613327,495386,501494,515228,536838,487534,494027,584391,595636,519157,436572,316816,200049,200067,1,677,65,50,49,58,30,25,21,32,22,16,14,6,7,6,3,82,238714,494516,576154,466762,477870,492678,520101,474853,479301,569294,587322,513578,433433,317797,200670,198861,0,5204,288,153,142,121,106,75,58,57,46,32,27,12,8,10,9,7,136,5404,187944,167709,198046,230021,279505,280998,305470,408880,480441,454874,394911,300128,187710,180772,0,2,15,1257,1092,1210,1177,1212,1124,1045,1303,898,707,441,315,177,188,0,3,36,885,480,630,859,1188,2086,2451,3886,3402,3900,3835,2669,982,624,0,0,1,9,3,6,4,12,15,23,41,40,62,58,36,22,7,0,1,0,31,10,23,17,22,28,31,78,51,101,95,48,9,2,0,0,0,0,1,0,0,0,0,1,0,0,0,1,2,0,0,348,658316,1027921,1378341,1130347,1178063,1238803,1337654,1245499,1281280,1566529,1666852,1491610,1268846,937458,589420,580326,1,5883,369,1469,1287,1395,1317,1324,1218,1158,1412,986,810,518,368,215,207
2022-02-15,259,419897,528004,613378,495435,501548,515261,536875,487557,494044,584408,595647,519172,436585,316820,200055,200080,0,435,39,51,49,54,33,37,23,17,17,11,15,13,4,6,13,82,243788,494803,576310,466920,478006,492796,520189,474932,479382,569357,587352,513610,433453,317804,200682,198881,0,5074,287,156,158,136,118,88,79,81,63,30,32,20,7,12,20,7,137,5433,189409,168831,199242,231246,280836,282192,306572,410259,481579,455784,395468,300524,187948,181027,0,1,29,1465,1122,1196,1225,1331,1194,1102,1379,1138,910,557,396,238,255,0,3,36,887,482,635,867,1203,2103,2478,3930,3459,3953,3892,2718,1004,635,0,0,0,2,2,5,8,15,17,27,44,57,53,57,49,22,11,0,1,0,31,10,24,17,23,28,31,79,52,101,95,49,9,3,0,0,0,0,0,1,0,1,0,0,1,1,0,0,1,0,1,348,663826,1028276,1380015,1131678,1179455,1240187,1339126,1246812,1282507,1568033,1668089,1492620,1269493,937915,589698,580626,0,5510,355,1674,1331,1392,1384,1472,1313,1227,1504,1237,1010,647,457,278,300
2022-02-16,259,420349,528048,613447,495473,501593,515295,536901,487569,494071,584432,595664,519182,436596,316825,200064,200084,0,452,44,69,38,45,34,26,12,27,24,17,10,11,5,9,4,82,249899,495165,576443,467060,478127,492905,520257,474985,479440,569416,587389,513643,433476,317820,200692,198894,0,6111,362,133,140,121,109,68,53,58,59,37,33,23,16,10,13,7,138,5466,190809,169918,200399,232371,282195,283364,307769,411522,482845,456825,396032,300940,188218,181262,0,1,33,1400,1087,1157,1125,1359,1172,1197,1263,1266,1041,564,416,270,235,0,3,36,889,484,638,876,1225,2123,2507,3986,3508,4005,3946,2771,1031,648,0,0,0,2,2,3,9,22,20,29,56,49,52,54,53,27,13,0,1,0,31,10,25,17,23,28,31,80,53,101,95,49,9,3,0,0,0,0,0,1,0,0,0,0,1,1,0,0,0,0,0,348,670390,1028715,1381619,1132945,1180782,1241464,1340601,1248069,1283818,1569436,1669459,1493756,1270145,938405,590014,580891,0,6564,439,1604,1267,1327,1277,1475,1257,1311,1403,1370,1136,652,490,316,265
2022-02-17,259,420762,528087,613500,495522,501651,515325,536928,487586,494094,584446,595683,519191,436603,316827,200068,200093,0,413,39,53,49,58,30,27,17,23,14,19,9,7,2,4,9,82,253923,495479,576603,467197,478245,493014,520360,475054,479501,569477,587441,513683,433501,317839,200705,198908,0,4024,314,160,137,118,109,103,69,61,61,52,40,25,19,13,14,7,141,5497,192004,170836,201322,233416,283227,284363,308718,412669,483916,457583,396478,301233,188399,181494,0,3,31,1195,918,923,1045,1032,999,949,1147,1071,758,446,293,181,232,0,3,37,898,490,644,886,1235,2149,2539,4041,3569,4084,4015,2816,1054,679,0,0,1,9,6,6,10,10,26,32,55,61,79,69,45,23,31,0,1,0,31,10,26,17,23,28,31,80,56,101,99,49,10,3,0,0,0,0,0,1,0,0,0,0,0,3,0,4,0,1,0,348,674830,1029100,1383036,1134055,1181888,1242658,1341773,1249180,1284883,1570713,1670665,1494642,1270696,938764,590236,581177,0,4440,385,1417,1110,1106,1194,1172,1111,1065,1277,1206,886,551,359,222,286
2022-02-18,259,421008,528128,613542,495567,501679,515352,536949,487605,494103,584459,595693,519203,436610,316831,200074,200098,0,246,41,42,45,28,27,21,19,9,13,10,12,7,4,6,5,82,255646,495710,576727,467309,478366,493121,520431,475125,479558,569528,587473,513706,433515,317848,200714,198917,0,1723,231,124,112,121,107,71,71,57,51,32,23,14,9,9,9,7,142,5803,193467,172101,202702,234926,284781,285812,310146,414085,485003,458158,396744,301417,188505,181595,0,1,306,1463,1265,1380,1510,1554,1449,1428,1416,1087,575,266,184,106,101,0,3,38,910,497,647,893,1249,2173,2576,4101,3618,4138,4072,2852,1073,683,0,0,1,12,7,3,7,14,24,37,60,49,54,57,36,19,4,0,1,0,31,10,26,17,23,28,31,81,56,101,99,50,10,3,0,0,0,0,0,0,0,0,0,0,1,0,0,0,1,0,0,348,676800,1029679,1384677,1135484,1183420,1244309,1343433,1250743,1286414,1572254,1671843,1495306,1271040,938998,590376,581296,0,1970,579,1641,1429,1532,1651,1660,1563,1531,1541,1178,664,344,234,140,119
2022-02-19,259,421350,528190,613569,495597,501701,515385,536965,487615,494115,584472,595701,519206,436613,316831,200076,200099,0,342,62,27,30,22,33,16,10,12,13,8,3,3,0,2,1,83,258512,496026,576822,467397,478465,493190,520485,475178,479605,569566,587491,513719,433519,317853,200714,198918,1,2866,316,95,88,99,69,54,53,47,38,18,13,4,5,0,1,7,143,9292,194818,173053,203680,236100,286173,287007,311338,415333,485862,458512,396926,301539,188566,181659,0,1,3489,1351,952,978,1174,1392,1195,1192,1248,859,354,182,122,61,64,0,3,39,915,498,653,900,1257,2200,2611,4142,3649,4171,4101,2868,1081,688,0,0,1,5,1,6,7,8,27,35,41,31,33,29,16,8,5,0,1,0,31,10,27,17,23,29,31,84,56,101,101,53,10,3,0,0,0,0,0,1,0,0,1,0,3,0,0,2,3,0,0,349,680009,1033547,1386155,1136555,1184526,1245592,1344903,1252029,1287700,1573597,1672759,1495709,1271260,939144,590447,581367,1,3209,3868,1478,1071,1106,1283,1470,1286,1286,1343,916,403,220,146,71,71
2022-02-20,259,421519,528231,613600,495622,501716,515398,536978,487626,494126,584475,595712,519212,436614,316837,200076,200099,0,169,41,31,25,15,13,13,11,11,3,11,6,1,6,0,0,83,259701,496210,576898,467467,478519,493245,520530,475211,479638,569601,587517,513735,433526,317855,200717,198924,0,1189,184,76,70,54,55,45,33,33,35,26,16,7,2,3,6,7,145,12864,195659,173630,204262,236705,286784,287507,311832,415838,486234,458721,397039,301616,188618,181704,0,2,3572,841,577,582,605,611,500,494,505,372,209,113,77,52,45,0,3,41,918,499,659,905,1265,2219,2645,4180,3679,4193,4125,2885,1095,693,0,0,2,3,1,6,5,8,19,34,38,30,22,24,17,14,5,0,1,0,31,10,27,17,23,30,32,84,57,102,103,54,10,3,0,0,0,0,0,0,0,0,1,1,0,1,1,2,1,0,0,349,681369,1037346,1387106,1137228,1185183,1246270,1345580,1252593,1288273,1574178,1673199,1495963,1271407,939247,590516,581423,0,1360,3799,951,673,657,678,677,564,573,581,440,254,147,103,69,56
2022-02-21,260,421804,528281,613643,495653,501740,515426,536998,487637,494138,584490,595726,519222,436620,316841,200077,200102,1,285,50,43,31,24,28,20,11,12,15,14,10,6,4,1,3,83,262711,496408,576997,467542,478602,493324,520598,475265,479679,569648,587549,513761,433542,317868,200721,198934,0,3010,198,99,75,83,79,68,54,41,47,32,26,16,13,4,10,7,147,14784,196603,174412,205140,237562,287586,288195,312510,416762,487000,459276,397359,301825,188758,181814,0,2,1920,944,782,878,857,802,688,678,924,766,555,320,209,140,110,0,3,41,920,501,666,910,1275,2243,2678,4224,3729,4244,4183,2914,1115,708,0,0,0,2,2,7,5,10,24,33,44,50,51,58,29,20,15,0,1,0,31,10,27,17,23,30,32,85,57,102,106,56,10,3,0,0,0,0,0,0,0,0,0,0,1,0,0,3,2,0,0,350,684666,1039514,1388194,1138118,1186175,1247239,1346480,1253370,1289037,1575209,1674061,1496605,1271810,939504,590681,581561,1,3297,2168,1088,890,992,969,900,777,764,1031,862,642,403,257,165,138
2022-02-22,260,422149,528317,613676,495685,501773,515448,537014,487658,494156,584508,595730,519232,436629,316847,200080,200103,0,345,36,33,32,33,22,16,21,18,18,4,10,9,6,3,1,84,265414,496586,577063,467611,478676,493385,520638,475303,479717,569688,587575,513775,433562,317878,200729,198949,1,2703,178,66,69,74,61,40,38,38,40,26,14,20,10,8,15,7,148,16049,197368,174957,205830,238188,288260,288783,313197,417606,487691,459832,397662,302030,188893,181990,0,1,1265,765,545,690,626,674,588,687,844,691,556,303,205,135,176,0,3,41,925,502,668,917,1284,2271,2703,4260,3762,4279,4228,2945,1137,734,0,0,0,5,1,2,7,9,28,25,36,33,35,45,31,22,26,0,1,0,31,10,27,17,23,30,32,86,57,105,108,56,10,3,0,0,0,0,0,0,0,0,0,0,1,0,3,2,0,0,0,351,687715,1040993,1389063,1138765,1186974,1247955,1347219,1254045,1289805,1576148,1674815,1497223,1272189,939756,590849,581779,1,3049,1479,869,647,799,716,739,675,768,939,754,618,379,252,168,218
2022-02-23,262,422463,528358,613703,495712,501797,515465,537034,487675,494164,584518,595740,519241,436631,316851,200082,200106,2,314,41,27,27,24,17,20,17,8,10,10,9,2,4,2,3,84,268055,496833,577161,467699,478768,493466,520699,475343,479764,569730,587603,513799,433583,317894,200734,198959,0,2641,247,98,88,92,81,61,40,47,42,28,24,21,16,5,10,7,149,17624,198003,175501,206399,238770,288926,289378,313862,418331,488305,460339,397941,302259,189013,182115,0,1,1575,635,544,569,582,666,595,665,725,614,507,279,229,120,125,0,3,42,929,505,670,922,1295,2291,2721,4299,3799,4315,4269,2977,1152,738,0,0,1,4,3,2,5,11,20,18,39,37,36,41,32,15,4,0,1,0,31,10,27,17,23,30,32,87,58,105,109,56,10,3,0,0,0,0,0,0,0,0,0,0,1,1,0,1,0,0,0,353,690671,1042857,1389827,1139427,1187661,1248640,1347977,1254717,1290543,1576965,1675505,1497799,1272533,940037,590991,581921,2,2956,1864,764,662,687,685,758,672,738,817,690,576,344,281,142,142
2022-02-24,262,422800,528400,613754,495769,501862,515513,537080,487698,494182,584528,595750,519243,436639,316853,200082,200117,0,337,42,51,57,65,48,46,23,18,10,10,2,8,2,0,11,84,270560,497082,577305,467814,478878,493563,520776,475405,479841,569795,587664,513837,433606,317910,200746,198971,0,2505,249,144,115,110,97,77,62,77,65,61,38,23,16,12,12,7,154,20058,198865,176144,207071,239438,289675,290121,314619,419220,489008,460886,398286,302461,189162,182257,0,5,2434,862,643,672,668,749,743,757,889,703,547,345,202,149,142,0,3,45,932,508,676,928,1307,2310,2764,4333,3861,4371,4325,3019,1182,749,0,0,3,3,3,6,6,12,19,43,34,62,56,56,42,30,11,0,1,0,31,10,28,17,23,30,32,87,59,109,110,56,10,3,0,0,0,0,0,1,0,0,0,0,0,1,4,1,0,0,0,353,693518,1045585,1390887,1140245,1188515,1249459,1348861,1255564,1291438,1577963,1676342,1498446,1272966,940299,591182,582097,0,2847,2728,1060,818,854,819,884,847,895,998,837,647,433,262,191,176
2022-02-25,262,423000,528431,613790,495799,501885,515539,537096,487709,494196,584541,595760,519252,436646,316857,200083,200121,0,200,31,36,30,23,26,16,11,14,13,10,9,7,4,1,4,84,272261,497271,577419,467942,479006,493663,520870,475488,479903,569854,587718,513858,433616,317916,200755,198975,0,1701,189,114,128,128,100,94,83,62,59,54,21,10,6,9,4,7,160,22473,199827,176869,207925,240303,290654,291055,315642,420418,489926,461446,398572,302646,189270,182341,0,6,2415,962,725,854,865,979,934,1023,1198,918,560,286,185,108,84,0,3,46,939,512,685,939,1325,2328,2794,4385,3910,4441,4381,3056,1210,763,0,0,1,7,4,9,11,18,18,30,52,49,70,56,37,28,14,0,1,0,31,11,28,17,23,30,33,88,59,112,110,56,11,3,0,0,0,0,1,0,0,0,0,1,1,0,3,0,0,1,0,353,695425,1048221,1392006,1141133,1189529,1250461,1349968,1256610,1292568,1579286,1677373,1499109,1273325,940531,591329,582203,0,1907,2636,1119,888,1014,1002,1107,1046,1130,1323,1031,663,359,232,147,106
2022-02-26,262,423326,528483,613814,495825,501921,515561,537118,487717,494214,584554,595772,519263,436650,316860,200086,200122,0,326,52,24,26,36,22,22,8,18,13,12,11,4,3,3,1,84,274038,497522,577506,468034,479097,493734,520927,475527,479935,569898,587753,513882,433634,317927,200762,198983,0,1777,251,87,92,91,71,57,39,32,44,35,24,18,11,7,8,7,160,26131,200989,177590,208664,241101,291644,291947,316538,421378,490610,461853,398794,302777,189356,182407,0,0,3658,1162,721,739,798,990,892,896,960,684,407,222,131,86,66,0,3,48,942,515,691,942,1335,2345,2820,4418,3942,4472,4409,3077,1222,769,0,0,2,3,3,6,3,10,17,26,33,32,31,28,21,12,6,0,1,0,32,11,28,17,23,30,34,88,61,113,111,56,11,3,0,0,0,1,0,0,0,0,0,1,0,2,1,1,0,0,0,353,697528,1052184,1393283,1141975,1190401,1251355,1351047,1257566,1293541,1580336,1678138,1499583,1273598,940697,591437,582284,0,2103,3963,1277,842,872,894,1079,956,973,1050,765,474,273,166,108,81
2022-02-27,262,423473,528515,613833,495850,501932,515569,537127,487718,494219,584563,595775,519268,436655,316861,200087,200123,0,147,32,19,25,11,8,9,1,5,9,3,5,5,1,1,1,84,275071,497696,577581,468095,479160,493775,520972,475568,479966,569927,587768,513896,433638,317935,200772,198986,0,1033,174,75,61,63,41,45,41,31,29,15,14,4,8,10,3,7,160,28169,201544,177937,209001,241505,292077,292322,316989,421853,491049,462046,398933,302836,189395,182440,0,0,2038,555,347,337,404,433,375,451,475,439,193,139,59,39,33,0,3,49,948,516,695,949,1341,2356,2839,4435,3966,4498,4439,3093,1228,774,0,0,1,6,1,4,7,6,11,19,17,24,26,30,16,6,5,0,1,0,32,11,28,17,23,31,34,89,61,113,111,56,12,3,0,0,0,0,0,0,0,0,1,0,1,0,0,0,0,1,0,353,698708,1054429,1393938,1142409,1190816,1251815,1351540,1257995,1294047,1580867,1678619,1499821,1273776,940781,591494,582326,0,1180,2245,655,434,415,460,493,429,506,531,481,238,178,84,57,42
2022-02-28,262,423638,528552,613866,495878,501959,515594,537145,487731,494228,584577,595780,519273,436655,316865,200088,200125,0,165,37,33,28,27,25,18,13,9,14,5,5,0,4,1,2,84,275937,497824,577667,468185,479258,493850,521026,475615,480009,569974,587811,513919,433652,317946,200780,198992,0,866,128,86,90,98,75,54,47,43,47,43,23,14,11,8,6,7,160,30391,202336,178403,209519,242021,292635,292935,317592,422546,491763,462586,399276,303009,189503,182536,0,0,2222,792,466,518,516,558,613,603,693,714,540,343,173,108,96,0,3,49,956,523,699,957,1351,2368,2853,4467,3995,4529,4468,3121,1235,778,0,0,0,8,7,4,8,10,12,14,32,29,31,29,28,7,4,0,1,0,32,11,28,17,24,32,34,89,61,113,113,56,12,3,0,0,0,0,0,0,0,1,1,0,0,0,0,2,0,0,0,353,699739,1056816,1394857,1143000,1191463,1252439,1352181,1258681,1294716,1581653,1679410,1500420,1274164,940997,591618,582434,0,1031,2387,919,591,647,624,641,686,669,786,791,599,388,216,124,108
2022-03-01,262,423730,528574,613888,495902,501979,515617,537159,487735,494237,584583,595785,519279,436658,316869,200090,200126,0,92,22,22,24,20,23,14,4,9,6,5,6,3,4,2,1,84,276649,497930,577744,468259,479339,493916,521089,475676,480031,570007,587845,513946,433670,317956,200791,199001,0,712,106,77,74,81,66,63,61,22,33,34,27,18,10,11,9,7,160,31540,202837,178705,209853,242324,292986,293278,317949,422976,492172,462880,399501,303129,189595,182646,0,0,1149,501,302,334,303,351,343,357,430,409,294,225,120,92,110,0,3,50,964,526,701,964,1353,2380,2865,4499,4025,4566,4505,3143,1244,781,0,0,1,8,3,2,7,2,12,12,32,30,37,37,22,9,3,0,1,0,33,11,28,17,24,32,34,89,61,113,113,56,12,3,0,0,0,1,0,0,0,0,0,0,0,0,0,0,0,0,0,353,700543,1058094,1395466,1143403,1191900,1252838,1352611,1259101,1295116,1582154,1679888,1500784,1274447,941153,591732,582557,0,804,1278,609,403,437,399,430,420,400,501,478,364,283,156,114,123
2022-03-02,262,423808,528606,613920,495926,502000,515635,537175,487750,494243,584591,595790,519284,436659,316875,200093,200135,0,78,32,32,24,21,18,16,15,6,8,5,5,1,6,3,9,84,277339,498076,577836,468326,479418,493985,521146,475736,480078,570053,587879,513979,433692,317965,200795,199016,0,690,146,92,67,79,69,57,60,47,46,34,33,22,9,4,15,7,162,32738,203348,179011,210173,242683,293319,293623,318309,423360,492618,463197,399681,303271,189682,182771,0,2,1198,511,306,320,359,333,345,360,384,446,317,180,142,87,125,0,3,50,970,528,705,968,1358,2388,2884,4528,4065,4607,4566,3177,1261,794,0,0,0,6,2,4,4,5,8,19,29,40,41,61,34,17,13,0,1,0,34,11,28,17,25,32,34,90,61,113,113,56,12,3,0,0,0,1,0,0,0,1,0,0,1,0,0,0,0,0,0,353,701313,1059470,1396108,1143802,1192324,1253288,1353023,1259529,1295548,1582622,1680413,1501180,1274711,941344,591843,582719,0,770,1376,642,399,424,450,412,428,432,468,525,396,264,191,111,162
2022-03-03,263,423937,528635,613945,495941,502014,515653,537185,487769,494258,584602,595795,519288,436667,316877,200097,200138,1,129,29,25,15,14,18,10,19,15,11,5,4,8,2,4,3,84,278178,498226,577954,468442,479509,494061,521215,475794,480128,570110,587933,514017,433715,317981,200809,199029,0,839,150,118,116,91,76,69,58,50,57,54,38,23,16,14,13,7,163,34191,203893,179410,210573,243049,293706,294056,318724,423831,493075,463518,399864,303408,189781,182915,0,1,1453,545,399,400,366,387,433,415,471,457,321,183,137,99,144,0,3,50,977,533,712,974,1365,2400,2913,4578,4112,4692,4644,3234,1278,806,0,0,0,7,5,7,6,7,12,29,50,47,85,78,57,17,12,0,1,0,34,11,28,17,25,32,35,91,63,115,114,57,12,3,0,0,0,0,0,0,0,0,0,1,1,2,2,1,1,0,0,354,702282,1061102,1396803,1144337,1192836,1253754,1353496,1260051,1296058,1583212,1680978,1501630,1275004,941557,591977,582891,1,969,1632,695,535,512,466,473,522,510,590,565,450,293,213,134,172
2022-03-04,263,424086,528667,613973,495965,502039,515677,537200,487779,494273,584612,595804,519290,436669,316881,200099,200139,0,149,32,28,24,25,24,15,10,15,10,9,2,2,4,2,1,84,279183,498378,578055,468535,479609,494144,521284,475869,480180,570173,587969,514053,433728,317996,200821,199033,0,1005,152,101,93,100,83,69,75,52,63,36,36,13,15,12,4,7,164,35533,204405,179804,211015,243458,294208,294546,319254,424422,493588,463840,400034,303515,189846,182963,0,1,1342,512,394,442,409,502,490,530,591,513,322,170,107,65,48,0,3,52,986,535,713,983,1376,2408,2938,4616,4157,4743,4700,3273,1283,813,0,0,2,9,2,1,9,11,8,25,38,45,51,56,39,5,7,0,1,0,34,11,28,17,25,32,35,93,64,116,114,57,12,3,0,0,0,0,0,0,0,0,0,0,2,1,1,0,0,0,0,354,703437,1062630,1397453,1144850,1193404,1254279,1354093,1260634,1296680,1583916,1681582,1502042,1275245,941722,592061,582951,0,1155,1528,650,513,568,525,597,583,622,704,604,412,241,165,84,60
2022-03-05,263,424318,528707,613999,495988,502055,515696,537210,487786,494285,584625,595814,519292,436672,316883,200100,200141,0,232,40,26,23,16,19,10,7,12,13,10,2,3,2,1,2,84,281180,498603,578137,468626,479694,494237,521357,475919,480251,570243,588012,514082,433745,318020,200828,199041,0,1997,225,82,91,85,93,73,50,71,70,43,29,17,24,7,8,7,168,37071,204965,180221,211454,243911,294777,295074,319796,424998,494041,464120,400163,303614,189919,183009,0,4,1538,560,417,439,453,569,528,542,576,453,280,129,99,73,46,0,3,53,992,536,715,989,1387,2425,2958,4681,4187,4788,4742,3308,1299,822,0,0,1,6,1,2,6,11,17,20,65,30,45,42,35,16,9,0,1,0,34,11,28,17,25,32,36,94,66,117,114,57,12,3,0,0,0,0,0,0,0,0,0,1,1,2,1,0,0,0,0,354,705670,1064434,1398127,1145382,1193946,1254850,1354756,1261236,1297326,1584641,1682120,1502399,1275436,941882,592158,583016,0,2233,1804,674,532,542,571,663,602,646,725,538,357,191,160,97,65
2022-03-06,263,424378,528725,614011,495996,502063,515702,537218,487789,494289,584626,595814,519296,436673,316885,200101,200141,0,60,18,12,8,8,6,8,3,4,1,0,4,1,2,1,0,84,281966,498740,578184,468677,479764,494284,521385,475953,480286,570277,588028,514092,433756,318027,200834,199041,0,786,137,47,51,70,47,28,34,35,34,16,10,11,7,6,0,7,168,37976,205227,180409,211666,244133,295059,295328,320032,425269,494247,464217,400224,303656,189938,183025,0,0,905,262,188,212,222,282,254,236,271,206,97,61,42,19,16,0,3,54,993,539,717,993,1391,2439,2976,4699,4209,4819,4784,3340,1314,827,0,0,1,1,3,2,4,4,14,18,18,22,31,42,32,15,5,0,1,0,34,11,28,17,25,32,36,94,66,117,114,57,12,3,0,0,0,0,0,0,0,0,0,0,0,0,0,0,0,0,0,354,706516,1065495,1398449,1145632,1194238,1255129,1355078,1261541,1297619,1584965,1682364,1502541,1275551,941965,592199,583037,0,846,1061,322,250,292,279,322,305,293,324,244,142,115,83,41,21
2022-03-07,263,424446,528739,614027,496013,502076,515710,537235,487796,494296,584629,595819,519300,436676,316887,200102,200146,0,68,14,16,17,13,8,17,7,7,3,5,4,3,2,1,5,84,282437,498816,578252,468734,479834,494339,521425,475989,480330,570318,588056,514123,433771,318036,200841,199047,0,471,76,68,57,70,55,40,36,44,41,28,31,15,9,7,6,7,168,38544,205510,180607,211866,244332,295321,295521,320271,425579,494549,464456,400350,303721,189976,183067,0,0,568,283,198,200,199,262,193,239,310,302,239,126,65,38,42,0,4,55,996,543,723,993,1399,2455,2995,4736,4242,4859,4844,3379,1327,838,0,1,1,3,4,6,0,8,16,19,37,33,40,60,39,13,11,0,1,0,35,11,29,17,25,32,37,95,66,119,114,57,12,3,0,0,0,1,0,1,0,0,0,1,1,0,2,0,0,0,0,354,707056,1066154,1398820,1145908,1194528,1255391,1355405,1261793,1297929,1585357,1682732,1502857,1275755,942080,592258,583101,0,540,659,371,276,290,262,327,252,310,392,368,316,204,115,59,64
2022-03-08,263,424500,528754,614044,496029,502097,515724,537247,487804,494300,584632,595822,519307,436678,316887,200104,200150,0,54,15,17,16,21,14,12,8,4,3,3,7,2,0,2,4,84,282907,498898,578325,468811,479904,494404,521466,476028,480363,570365,588095,514153,433787,318050,200852,199054,0,470,82,73,77,70,65,41,39,33,47,39,30,16,14,11,7,7,170,39029,205843,180829,212141,244584,295589,295778,320501,425846,494842,464691,400464,303812,190035,183152,0,2,485,333,222,275,252,268,257,230,267,293,235,114,91,59,85,0,4,57,1001,544,726,997,1406,2472,3016,4774,4274,4900,4890,3424,1339,845,0,0,2,5,1,3,4,7,17,21,38,32,41,46,45,12,7,0,1,0,36,11,29,17,26,32,38,96,67,119,114,57,12,3,0,0,0,1,0,0,0,1,0,1,1,1,0,0,0,0,0,354,707582,1066738,1399249,1146224,1194897,1255726,1355734,1262114,1298218,1585713,1683100,1503170,1275933,942230,592342,583204,0,526,584,429,316,369,335,329,321,289,356,368,313,178,150,84,103
2022-03-09,263,424593,528763,614076,496077,502134,515749,537274,487819,494314,584638,595832,519312,436681,316894,200105,200155,0,93,9,32,48,37,25,27,15,14,6,10,5,3,7,1,5,84,284068,499011,578396,468893,479979,494468,521536,476082,480409,570434,588153,514200,433829,318079,200872,199060,0,1161,113,71,82,75,64,70,54,46,69,58,47,42,29,20,6,7,172,39730,206211,181060,212443,244882,295903,296043,320802,426210,495164,464927,400614,303906,190118,183229,0,2,701,368,231,302,298,314,265,301,364,322,236,150,94,83,77,0,4,57,1004,545,728,1000,1412,2482,3027,4825,4313,4951,4955,3474,1356,851,0,0,0,3,1,2,3,6,10,11,51,39,51,65,50,17,6,0,1,0,36,11,29,17,26,32,38,98,67,119,115,58,12,3,0,0,0,0,0,0,0,0,0,0,2,0,0,1,1,0,0,354,708838,1067561,1399723,1146586,1195313,1256116,1356151,1262458,1298590,1586205,1683529,1503509,1276194,942411,592463,583298,0,1256,823,474,362,416,390,417,344,372,492,429,339,261,181,121,94
2022-03-10,264,424715,528788,614108,496121,502176,515772,537296,487832,494329,584648,595841,519319,436684,316899,200107,200161,1,122,25,32,44,42,23,22,13,15,10,9,7,3,5,2,6,84,285017,499173,578502,469000,480092,494559,521613,476152,480476,570520,588226,514254,433873,318107,200891,199077,0,949,162,106,107,113,91,77,70,67,86,73,54,44,28,19,17,7,173,41017,206585,181384,212779,245218,296282,296421,321139,426611,495536,465209,400777,304015,190218,183347,0,1,1287,374,324,336,336,379,378,337,401,372,282,163,109,100,118,0,4,61,1007,548,731,1011,1424,2500,3049,4875,4362,5021,5039,3536,1385,865,0,0,4,3,3,3,11,12,18,22,50,49,70,84,62,29,14,0,1,0,36,11,29,17,26,32,38,99,67,119,116,58,12,3,0,0,0,0,0,0,0,0,0,0,1,0,0,1,0,0,0,355,709910,1069039,1400238,1147064,1195807,1256577,1356641,1262937,1299031,1586753,1684032,1503922,1276489,942615,592613,583453,1,1072,1478,515,478,494,461,490,479,441,548,503,413,295,204,150,155
2022-03-11,264,424871,528810,614136,496145,502198,515791,537313,487846,494341,584657,595850,519325,436691,316904,200109,200163,0,156,22,28,24,22,19,17,14,12,9,9,6,7,5,2,2,84,286302,499366,578602,469123,480209,494671,521694,476211,480551,570591,588301,514304,433927,318135,200902,199087,0,1285,193,100,123,117,112,81,59,75,71,75,50,54,28,11,10,7,175,41986,207026,181712,213194,245657,296780,296873,321623,427122,495960,465472,400926,304111,190281,183415,0,2,969,441,328,415,439,498,452,484,511,424,263,149,96,63,68,0,4,64,1013,551,738,1014,1431,2522,3080,4944,4407,5082,5111,3611,1418,877,0,0,3,6,3,7,3,7,22,31,69,45,61,72,75,33,12,0,1,0,36,11,30,17,26,32,38,101,67,119,116,58,12,3,0,0,0,0,0,1,0,0,0,0,2,0,0,0,0,0,0,355,711353,1070226,1400813,1147542,1196369,1257150,1357244,1263484,1299633,1587415,1684585,1504302,1276771,942819,592722,583545,0,1443,1187,575,478,562,573,603,547,602,662,553,380,282,204,109,92
2022-03-12,264,425069,528840,614153,496156,502215,515807,537321,487852,494345,584662,595856,519328,436696,316906,200110,200163,0,198,30,17,11,17,16,8,6,4,5,6,3,5,2,1,0,84,288800,499608,578718,469255,480336,494790,521810,476294,480619,570670,588363,514351,433965,318154,200911,199096,0,2498,242,116,132,127,119,116,83,68,79,62,47,38,19,9,9,7,179,43401,207430,182057,213569,246090,297342,297357,322073,427567,496290,465684,401022,304166,190315,183439,0,4,1415,404,345,375,433,562,484,450,445,330,212,96,55,34,24,0,4,64,1021,551,744,1021,1438,2538,3107,5027,4457,5125,5170,3656,1435,883,0,0,0,8,0,6,7,7,16,27,83,50,43,59,45,17,6,0,1,0,36,11,30,17,26,32,38,101,67,119,116,58,12,3,0,0,0,0,0,0,0,0,0,0,0,0,0,0,0,0,0,355,714053,1071913,1401358,1148030,1196894,1257725,1357937,1264073,1300182,1588027,1685033,1504607,1276969,942940,592783,583584,0,2700,1687,545,488,525,575,693,589,549,612,448,305,198,121,61,39
2022-03-13,264,425132,528858,614163,496161,502225,515814,537328,487861,494348,584665,595856,519328,436697,316906,200110,200165,0,63,18,10,5,10,7,7,9,3,3,0,0,1,0,0,2,84,289654,499719,578769,469306,480381,494841,521853,476329,480650,570717,588407,514368,433983,318165,200914,199101,0,854,111,51,51,45,51,43,35,31,47,44,17,18,11,3,5,7,179,44097,207645,182220,213748,246280,297561,297556,322259,427729,496424,465756,401067,304193,190335,183451,0,0,696,215,163,179,190,219,199,186,162,134,72,45,27,20,12,0,4,68,1025,554,745,1024,1445,2550,3116,5059,4475,5147,5200,3675,1450,884,0,0,4,4,3,1,3,7,12,9,32,18,22,30,19,15,1,0,1,0,36,11,30,17,26,32,38,102,67,119,118,58,12,3,0,0,0,0,0,0,0,0,0,0,1,0,0,2,0,0,0,355,714970,1072742,1401638,1148252,1197129,1257976,1358213,1264328,1300411,1588272,1685229,1504718,1277065,942997,592821,583604,0,917,829,280,222,235,251,276,255,229,245,196,111,96,57,38,20
2022-03-14,264,425200,528869,614176,496173,502237,515832,537337,487868,494360,584670,595860,519329,436701,316908,200111,200167,0,68,11,13,12,12,18,9,7,12,5,4,1,4,2,1,2,84,290049,499776,578820,469358,480430,494890,521895,476359,480684,570750,588431,514395,433999,318177,200926,199108,0,395,57,51,52,49,49,42,30,34,33,24,27,16,12,12,7,7,179,44419,207864,182396,213933,246479,297768,297746,322427,427925,496648,465917,401165,304253,190372,183492,0,0,322,219,176,185,199,207,190,168,196,224,161,98,60,37,41,0,4,69,1029,554,747,1026,1452,2559,3133,5091,4507,5189,5256,3711,1469,889,0,0,1,4,0,2,2,7,9,17,32,32,42,56,36,19,5,0,1,0,37,11,30,17,26,32,38,102,68,120,118,58,12,3,0,0,0,1,0,0,0,0,0,0,0,1,1,0,0,0,0,355,715433,1073133,1401926,1148492,1197377,1258244,1358478,1264564,1300642,1588538,1685514,1504950,1277239,943107,592890,583659,0,463,391,288,240,248,268,265,236,231,266,285,232,174,110,69,55
2022-03-15,264,425233,528877,614191,496188,502249,515846,537348,487876,494364,584676,595866,519331,436704,316910,200112,200171,0,33,8,15,15,12,14,11,8,4,6,6,2,3,2,1,4,84,290425,499846,578896,469425,480480,494966,521952,476401,480732,570794,588471,514438,434023,318197,200939,199118,0,376,70,76,67,50,76,57,42,48,44,40,43,24,20,13,10,7,180,44827,208121,182623,214123,246683,298005,297961,322665,428191,496910,466129,401305,304350,190421,183580,0,1,408,257,227,190,204,237,215,238,266,262,212,140,97,49,88,0,4,70,1031,556,749,1030,1459,2563,3144,5140,4552,5240,5315,3750,1493,896,0,0,1,2,2,2,4,7,4,11,49,45,51,59,39,24,7,0,1,0,37,11,30,17,26,32,38,102,68,121,118,59,12,3,0,0,0,0,0,0,0,0,0,0,0,0,1,0,1,0,0,355,715843,1073620,1402276,1148803,1197631,1258542,1358790,1264833,1300943,1588903,1685867,1505259,1277465,943266,592977,583768,0,410,487,350,311,254,298,312,269,301,365,353,309,226,159,87,109
2022-03-16,265,425318,528893,614220,496208,502263,515867,537358,487884,494375,584683,595869,519336,436709,316912,200115,200175,1,85,16,29,20,14,21,10,8,11,7,3,5,5,2,3,4,84,291108,499921,578964,469483,480538,495027,522008,476447,480780,570844,588508,514468,434043,318226,200951,199138,0,683,75,68,58,58,61,56,46,48,50,37,30,20,29,12,20,7,181,45390,208489,182861,214391,246969,298302,298224,322943,428501,497245,466398,401473,304471,190531,183705,0,1,563,368,238,268,286,297,263,278,310,335,269,168,121,110,125,0,4,70,1037,559,753,1036,1465,2582,3163,5196,4597,5327,5412,3821,1534,915,0,0,0,6,3,4,6,6,19,19,56,45,87,97,71,41,19,0,1,0,37,11,31,17,26,32,38,104,68,124,119,59,12,3,0,0,0,0,0,1,0,0,0,0,2,0,3,1,0,0,0,356,716612,1074274,1402747,1149122,1197976,1258916,1359159,1265169,1301299,1589328,1686287,1505653,1277756,943489,593143,583936,1,769,654,471,319,345,374,369,336,356,425,420,394,291,223,166,168
2022-03-17,265,425451,528910,614245,496221,502280,515882,537367,487889,494383,584688,595878,519337,436713,316914,200119,200177,0,133,17,25,13,17,15,9,5,8,5,9,1,4,2,4,2,84,292121,500025,579030,469566,480616,495097,522049,476491,480828,570889,588565,514506,434075,318242,200962,199151,0,1013,104,66,83,78,70,41,44,48,45,57,38,32,16,11,13,7,182,46049,208821,183077,214678,247304,298652,298505,323260,428832,497581,466655,401633,304603,190635,183869,0,1,659,332,216,287,335,350,281,317,331,336,257,160,132,104,164,0,4,71,1039,566,757,1041,1478,2596,3181,5266,4644,5403,5502,3902,1573,931,0,0,1,2,7,4,5,13,14,18,70,47,76,90,81,39,16,0,1,0,37,11,31,17,26,33,38,104,69,126,119,59,12,3,0,0,0,0,0,0,0,0,1,0,0,1,2,0,0,0,0,356,717759,1075055,1403172,1149441,1198362,1259341,1359572,1265514,1301690,1589779,1686737,1506027,1278042,943720,593301,584131,0,1147,781,425,319,386,425,413,345,391,451,450,374,286,231,158,195
2022-03-18,265,425586,528937,614261,496241,502303,515895,537389,487902,494394,584697,595887,519346,436717,316920,200120,200177,0,135,27,16,20,23,13,22,13,11,9,9,9,4,6,1,0,84,293128,500132,579086,469635,480691,495163,522112,476539,480883,570950,588617,514543,434091,318254,200974,199164,0,1007,107,56,69,75,66,63,48,55,61,52,37,16,12,12,13,7,184,46885,209139,183374,214992,247647,299062,298863,323681,429253,497930,466888,401749,304680,190687,183931,0,2,836,318,297,314,343,410,358,421,421,349,233,116,77,52,62,0,4,74,1048,572,760,1045,1488,2612,3207,5332,4703,5471,5574,3972,1614,945,0,0,3,9,6,3,4,10,16,26,66,59,68,72,70,41,14,0,1,0,37,11,31,18,26,33,38,106,69,126,120,59,12,3,0,0,0,0,0,0,1,0,0,0,2,0,0,1,0,0,0,356,718903,1076028,1403571,1149833,1198777,1259768,1360077,1265949,1302203,1590338,1687206,1506374,1278251,943885,593407,584220,0,1144,973,399,392,415,427,505,435,513,559,469,347,209,165,106,89
2022-03-19,265,425814,528983,614282,496259,502327,515915,537405,487910,494405,584706,595892,519349,436722,316921,200120,200177,0,228,46,21,18,24,20,16,8,11,9,5,3,5,1,0,0,84,295381,500364,579160,469712,480777,495241,522198,476614,480941,571034,588681,514579,434122,318268,200987,199179,0,2253,232,74,77,86,78,86,75,58,84,64,36,31,14,13,15,7,188,48431,209555,183718,215337,248140,299640,299418,324272,429801,498373,467118,401865,304754,190737,183976,0,4,1546,416,344,345,493,578,555,591,548,443,230,116,74,50,45,0,4,77,1053,579,763,1052,1502,2637,3250,5423,4768,5552,5690,4070,1651,960,0,0,3,5,7,3,7,14,25,43,91,65,81,116,98,37,15,0,1,0,37,12,31,18,26,33,38,108,69,128,121,59,12,3,0,0,0,0,1,0,0,0,0,0,2,0,2,1,0,0,0,356,721388,1077855,1404087,1150280,1199235,1260366,1360771,1266612,1302906,1591072,1687783,1506726,1278520,944072,593507,584295,0,2485,1827,516,447,458,598,694,663,703,734,577,352,269,187,100,75
2022-03-20,265,425905,529004,614293,496268,502334,515925,537413,487918,494410,584708,595894,519351,436723,316921,200121,200178,0,91,21,11,9,7,10,8,8,5,2,2,2,1,0,1,1,84,296032,500450,579194,469754,480819,495279,522235,476643,480964,571075,588703,514595,434138,318277,200992,199181,0,651,86,34,42,42,38,37,29,23,41,22,16,16,9,5,2,7,191,48947,209731,183853,215490,248340,299853,299626,324464,429995,498545,467217,401912,304779,190753,183987,0,3,516,176,135,153,200,213,208,192,194,172,99,47,25,16,11,0,4,78,1055,580,768,1056,1504,2646,3269,5460,4796,5581,5735,4114,1685,970,0,0,1,2,1,5,4,2,9,19,37,28,29,45,44,34,10,0,1,0,37,12,31,18,26,33,38,111,70,128,121,59,12,3,0,0,0,0,0,0,0,0,0,0,3,1,0,0,0,0,0,356,722133,1078479,1404310,1150467,1199442,1260618,1361031,1266866,1303145,1591349,1688008,1506872,1278629,944150,593563,584319,0,745,624,223,187,207,252,260,254,239,277,225,146,109,78,56,24
2022-03-21,265,425947,529012,614302,496288,502346,515944,537420,487926,494416,584713,595900,519353,436723,316923,200121,200179,0,42,8,9,20,12,19,7,8,6,5,6,2,0,2,0,1,84,296326,500506,579230,469790,480873,495328,522270,476674,480997,571115,588727,514619,434157,318283,201001,199194,0,294,56,36,36,54,49,35,31,33,40,24,24,19,6,9,13,7,191,49178,209948,184039,215689,248579,300065,299815,324653,430232,498779,467370,402044,304854,190801,184046,0,0,231,217,186,199,239,212,189,189,237,234,153,132,75,48,59,0,4,79,1059,587,776,1063,1517,2658,3284,5510,4842,5651,5810,4193,1721,987,0,0,1,4,7,8,7,13,12,15,50,46,70,75,79,36,17,0,1,0,37,13,32,18,27,33,38,111,71,129,121,60,12,3,0,0,0,0,1,1,0,1,0,0,0,1,1,0,1,0,0,356,722469,1078775,1404576,1150717,1199716,1260932,1361299,1267106,1303388,1591681,1688319,1507122,1278855,944313,593656,584409,0,336,296,266,250,274,314,268,240,243,332,311,250,226,163,93,90
2022-03-22,265,426003,529027,614314,496300,502357,515956,537430,487930,494421,584717,595904,519358,436727,316925,200122,200180,0,56,15,12,12,11,12,10,4,5,4,4,5,4,2,1,1,84,296651,500553,579265,469834,480924,495374,522310,476709,481024,571147,588756,514640,434175,318292,201008,199209,0,325,47,35,44,51,46,40,35,27,32,29,21,18,9,7,15,7,192,49412,210155,184244,215888,248771,300242,299962,324825,430432,498957,467510,402137,304926,190842,184116,0,1,234,207,205,199,192,177,147,172,200,178,140,93,72,41,70,0,4,79,1061,588,778,1069,1528,2677,3299,5553,4894,5730,5883,4256,1749,1015,0,0,0,2,1,2,6,11,19,15,43,52,79,73,63,28,28,0,1,0,37,14,32,18,27,33,38,112,71,131,122,60,12,3,0,0,0,0,1,0,0,0,0,0,1,0,2,1,0,0,0,356,722851,1079071,1404832,1150980,1199979,1261188,1361537,1267311,1303607,1591961,1688582,1507369,1279044,944459,593733,584523,0,382,296,256,263,263,256,238,205,219,280,263,247,189,146,77,114
2022-03-23,265,426071,529035,614337,496311,502370,515973,537438,487938,494426,584719,595911,519361,436732,316926,200123,200183,0,68,8,23,11,13,17,8,8,5,2,7,3,5,1,1,3,84,297280,500638,579311,469907,480978,495446,522359,476753,481059,571184,588785,514671,434203,318300,201015,199226,0,629,85,46,73,54,72,49,44,35,37,29,31,28,8,7,17,7,194,49839,210486,184466,216164,249016,300512,300228,325099,430759,499279,467722,402286,305036,190932,184223,0,2,427,331,222,276,245,270,266,274,327,322,212,149,110,90,107,0,4,80,1063,591,785,1072,1538,2705,3339,5609,4966,5831,6025,4410,1819,1051,0,0,1,2,3,7,3,10,28,40,56,72,101,142,154,70,36,0,1,0,37,14,32,18,28,34,40,112,71,131,123,61,12,3,0,0,0,0,0,0,0,1,1,2,0,0,0,1,1,0,0,356,723550,1079592,1405234,1151289,1200329,1261525,1361875,1267658,1303963,1592383,1689012,1507716,1279369,944733,593901,584686,0,699,521,402,309,350,337,338,347,356,422,430,347,325,274,168,163
2022-03-24,265,426205,529060,614354,496331,502398,515990,537453,487950,494440,584726,595913,519366,436738,316927,200127,200185,0,134,25,17,20,28,17,15,12,14,7,2,5,6,1,4,2,84,298118,500753,579360,469955,481039,495513,522416,476792,481088,571239,588814,514709,434225,318314,201022,199239,0,838,115,49,48,61,67,57,39,29,55,29,38,22,14,7,13,7,196,50716,210909,184748,216517,249367,300951,300654,325544,431221,499644,468020,402472,305151,190995,184305,0,2,877,423,282,353,351,439,426,445,462,365,298,186,115,63,82,0,4,80,1069,593,795,1082,1558,2742,3385,5742,5110,6034,6290,4647,1983,1132,0,0,0,6,2,10,10,20,37,46,133,144,203,265,237,164,81,0,1,0,37,14,33,18,28,34,40,112,71,132,124,61,12,3,0,0,0,0,0,1,0,0,0,0,0,0,1,1,0,0,0,356,724524,1080609,1405729,1151641,1200782,1261970,1362406,1268172,1304497,1593040,1689552,1508261,1279849,945100,594139,584864,0,974,1017,495,352,453,445,531,514,534,657,540,545,480,367,238,178
2022-03-25,265,426328,529094,614372,496350,502425,516012,537472,487963,494450,584732,595919,519371,436747,316931,200127,200189,0,123,34,18,19,27,22,19,13,10,6,6,5,9,4,0,4,84,299117,500877,579418,470003,481113,495577,522478,476836,481141,571298,588854,514728,434241,318326,201034,199252,0,999,124,58,48,74,64,62,44,53,59,40,19,16,12,12,13,7,197,51548,211305,185081,216912,249829,301502,301191,326019,431736,500113,468318,402616,305252,191058,184406,0,1,832,396,333,395,462,551,537,475,515,469,298,144,101,63,101,0,4,81,1077,605,807,1097,1584,2775,3451,5864,5223,6206,6507,4869,2222,1241,0,0,1,8,12,12,15,26,33,66,122,113,172,217,222,239,109,0,1,0,37,14,33,18,28,34,40,114,71,133,125,61,12,4,0,0,0,0,0,0,0,0,0,0,2,0,1,1,0,0,1,356,725647,1081600,1406209,1152053,1201290,1262533,1363064,1268799,1305101,1593744,1690180,1508756,1280236,945439,594453,585092,0,1123,991,480,412,508,563,658,627,604,704,628,495,387,339,314,228
2022-03-26,266,426583,529145,614386,496364,502441,516038,537482,487977,494456,584737,595926,519380,436755,316935,200127,200192,1,255,51,14,14,16,26,10,14,6,5,7,9,8,4,0,3,84,301335,501164,579492,470080,481222,495669,522572,476938,481224,571388,588931,514772,434272,318351,201046,199266,0,2218,287,74,77,109,92,94,102,83,90,77,44,31,25,12,14,8,199,53083,211849,185482,217358,250352,302198,301850,326715,432420,500638,468616,402773,305352,191120,184450,1,2,1535,544,401,446,523,696,659,696,684,525,298,157,100,62,44,0,4,83,1081,610,814,1120,1605,2821,3501,5966,5327,6380,6780,5110,2475,1365,0,0,2,4,5,7,23,21,46,50,102,104,174,273,241,253,124,0,1,0,37,14,33,18,28,34,40,114,74,135,126,62,13,4,0,0,0,0,0,0,0,0,0,0,0,3,2,1,1,1,0,358,728122,1083475,1406845,1152550,1201868,1263197,1363885,1269620,1305936,1594625,1690896,1509283,1280706,945810,594781,585277,2,2475,1875,636,497,578,664,821,821,835,881,716,527,470,371,328,185
2022-03-27,266,426662,529158,614398,496372,502450,516042,537490,487986,494461,584739,595929,519382,436756,316935,200128,200192,0,79,13,12,8,9,4,8,9,5,2,3,2,1,0,1,0,84,302085,501260,579515,470115,481261,495712,522615,476969,481251,571410,588947,514791,434283,318360,201051,199270,0,750,96,23,35,39,43,43,31,27,22,16,19,11,9,5,4,8,199,53654,212074,185654,217558,250600,302450,302108,326967,432674,500851,468741,402843,305388,191137,184470,0,0,571,225,172,200,248,252,258,252,254,213,125,70,36,17,20,0,4,84,1083,612,818,1125,1615,2840,3520,6033,5382,6473,6885,5227,2611,1445,0,0,1,2,2,4,5,10,19,19,67,55,93,105,117,136,80,0,1,0,37,15,33,19,28,35,41,116,75,138,126,63,13,4,0,0,0,0,1,0,1,0,1,1,2,1,3,0,1,0,0,358,728951,1084156,1407107,1152768,1202120,1263498,1364198,1269938,1306240,1594972,1691184,1509525,1280893,945973,594940,585381,0,829,681,262,218,252,301,313,318,304,347,288,242,187,163,159,104
2022-03-28,266,426714,529168,614415,496384,502466,516055,537503,487993,494470,584744,595931,519385,436759,316937,200128,200194,0,52,10,17,12,16,13,13,7,9,5,2,3,3,2,0,2,85,302368,501304,579545,470154,481296,495733,522644,476999,481264,571426,588961,514805,434295,318367,201055,199272,1,283,44,30,39,35,21,29,30,13,16,14,14,12,7,4,2,8,200,53856,212274,185866,217753,250835,302658,302313,327181,432876,501059,468882,402939,305444,191184,184515,0,1,202,200,212,195,235,208,205,214,202,208,141,96,56,47,45,0,4,84,1088,617,819,1136,1624,2864,3542,6112,5461,6597,7073,5473,2888,1683,0,0,0,5,5,1,11,9,24,22,79,79,124,188,246,277,238,0,1,0,37,15,33,19,28,36,42,118,76,139,128,63,13,4,0,0,0,0,0,0,0,0,1,1,2,1,1,2,0,0,0,359,729287,1084412,1407359,1153036,1202367,1263778,1364457,1270205,1306499,1595276,1691488,1509808,1281194,946284,595268,585668,1,336,256,252,268,247,280,259,267,259,304,304,283,301,311,328,287
2022-03-29,266,426782,529182,614435,496396,502492,516068,537517,488004,494478,584750,595934,519387,436761,316943,200129,200195,0,68,14,20,12,26,13,14,11,8,6,3,2,2,6,1,1,85,302791,501347,579583,470196,481338,495772,522675,477034,481286,571458,588987,514828,434306,318377,201064,199282,0,423,43,38,42,42,39,31,35,22,32,26,23,11,10,9,10,8,204,54360,212531,186087,218015,251132,302949,302610,327465,433142,501343,469067,403063,305528,191251,184626,0,4,504,257,221,262,297,291,297,284,266,284,185,124,84,67,111,0,4,86,1092,620,823,1150,1641,2898,3603,6259,5666,6934,7598,6227,4644,2801,0,0,2,4,3,4,14,17,34,61,147,205,337,525,754,1756,1118,0,1,0,37,15,33,19,28,36,44,121,76,143,129,63,13,4,0,0,0,0,0,0,0,0,0,2,3,0,4,1,0,0,0,359,729782,1084975,1407678,1153314,1202701,1264141,1364810,1270582,1306876,1595730,1692006,1510359,1281857,947138,597101,586908,0,495,563,319,278,334,363,353,377,377,454,518,551,663,854,1833,1240
2022-03-30,266,426875,529214,614456,496412,502509,516085,537536,488016,494490,584759,595940,519393,436769,316945,200130,200202,0,93,32,21,16,17,17,19,12,12,9,6,6,8,2,1,7,85,303291,501426,579628,470241,481410,495814,522712,477064,481312,571505,589013,514858,434322,318394,201070,199296,0,500,79,45,45,72,42,37,30,26,47,26,30,16,17,6,14,8,205,55176,212877,186389,218324,251448,303284,302956,327768,433522,501715,469335,403219,305654,191359,184744,0,1,816,346,302,309,316,335,346,303,380,372,268,156,126,108,118,0,4,89,1099,630,838,1177,1669,2966,3690,6502,6055,7563,8587,7816,9219,5938,0,0,3,7,10,15,27,28,68,87,243,389,629,989,1589,4575,3137,0,1,0,37,15,33,19,29,37,46,123,79,148,130,67,18,8,0,0,0,0,0,0,0,1,1,2,2,3,5,1,4,5,4,359,730376,1085905,1408097,1153687,1203114,1264543,1365230,1271039,1307306,1596411,1692802,1511297,1283027,948876,601796,590188,0,594,930,419,373,413,402,420,457,430,681,796,938,1170,1738,4695,3280
2022-03-31,266,427006,529251,614481,496431,502533,516095,537557,488034,494495,584774,595949,519396,436776,316948,200134,200203,0,131,37,25,19,24,10,21,18,5,15,9,3,7,3,4,1,85,303932,501537,579675,470298,481474,495868,522773,477114,481351,571543,589049,514901,434354,318402,201077,199312,0,641,111,47,57,64,54,61,50,39,38,36,43,32,8,7,16,8,209,56211,213321,186780,218809,251944,303808,303554,328248,434097,502187,469654,403414,305805,191480,184951,0,4,1035,444,391,485,496,524,598,480,575,472,319,195,151,121,207,0,4,95,1106,649,867,1204,1721,3057,3830,6827,6700,8534,9982,9745,14109,9424,0,0,6,7,19,29,27,52,91,140,325,645,971,1395,1929,4890,3486,0,1,0,37,15,33,20,30,37,46,127,82,156,140,80,23,8,0,0,0,0,0,0,1,1,0,0,4,3,8,10,13,5,0,359,731152,1087094,1408620,1154173,1203716,1265131,1365889,1271796,1307970,1597368,1693967,1512641,1284666,950980,606823,593898,0,776,1189,523,486,602,588,659,757,664,957,1165,1344,1639,2104,5027,3710
2022-04-01,266,427125,529289,614497,496453,502546,516124,537574,488052,494508,584789,595957,519404,436781,316950,200138,200206,0,119,38,16,22,13,29,17,18,13,15,8,8,5,2,4,3,85,304621,501644,579713,470348,481516,495913,522817,477142,481385,571570,589067,514909,434360,318413,201081,199325,0,689,107,38,50,42,45,44,28,34,27,18,8,6,11,4,13,8,213,57068,213679,187096,219222,252344,304274,304036,328698,434506,502526,469896,403562,305901,191571,185087,0,4,857,358,316,413,400,466,482,450,409,339,242,148,96,91,136,0,4,100,1121,670,895,1236,1770,3144,4002,7142,7265,9443,11397,11570,17994,12367,0,0,5,15,21,28,32,49,87,172,315,565,909,1415,1825,3885,2943,0,1,0,38,15,33,20,30,39,47,131,85,163,150,82,23,9,0,0,0,1,0,0,0,0,2,1,4,3,7,10,2,0,1,359,731964,1088101,1409048,1154582,1204212,1265637,1366465,1272413,1308640,1598138,1694900,1513815,1286250,952916,610807,596994,0,812,1007,428,409,496,506,576,617,670,770,933,1174,1584,1936,3984,3096
2022-04-02,266,427365,529334,614509,496469,502568,516140,537587,488059,494517,584796,595962,519409,436791,316953,200140,200207,0,240,45,12,16,22,16,13,7,9,7,5,5,10,3,2,1,85,305992,501812,579747,470384,481566,495963,522859,477184,481420,571600,589093,514932,434370,318417,201087,199333,0,1371,168,34,36,50,50,42,42,35,30,26,23,10,4,6,8,8,221,58365,214042,187397,219570,252787,304796,304576,329216,434991,502959,470121,403723,305985,191643,185163,0,8,1297,363,301,348,443,522,540,518,485,433,225,161,84,72,76,0,4,109,1139,686,916,1259,1846,3239,4177,7497,7927,10301,12765,13504,22261,15000,0,0,9,18,16,21,23,76,95,175,355,662,858,1368,1934,4267,2633,0,1,0,38,15,33,20,32,40,51,134,86,167,160,91,27,11,0,0,0,0,0,0,0,2,1,4,3,1,4,10,9,4,2,359,733583,1089620,1409475,1154951,1204653,1266169,1367120,1273098,1309381,1599018,1696027,1514930,1287809,954950,615158,599714,0,1619,1519,427,369,441,532,655,685,741,880,1127,1115,1559,2034,4351,2720
2022-04-03,266,427446,529352,614514,496478,502577,516145,537597,488061,494519,584799,595963,519410,436793,316955,200140,200207,0,81,18,5,9,9,5,10,2,2,3,1,1,2,2,0,0,85,306385,501884,579766,470405,481598,495980,522872,477199,481439,571617,589103,514939,434376,318420,201093,199334,0,393,72,19,21,32,17,13,15,19,17,10,7,6,3,6,1,8,221,58868,214236,187564,219747,252974,305000,304806,329440,435180,503117,470213,403779,306027,191676,185201,0,0,503,194,167,177,187,204,230,224,189,158,92,56,42,33,38,0,4,110,1146,694,925,1281,1869,3283,4256,7689,8227,10733,13428,14406,24008,16199,0,0,1,7,8,9,22,23,44,79,192,300,432,663,902,1747,1199,0,1,0,38,15,34,20,33,40,51,135,86,174,160,91,27,12,0,0,0,0,0,1,0,1,0,0,1,0,7,0,0,0,1,359,734057,1090214,1409700,1155156,1204881,1266400,1367371,1273389,1309705,1599420,1696496,1515469,1288536,955899,616944,600953,0,474,594,225,205,228,231,251,291,324,402,469,539,727,949,1786,1239
2022-04-04,266,427477,529366,614522,496497,502596,516155,537608,488071,494532,584809,595971,519410,436794,316959,200145,200210,0,31,14,8,19,19,10,11,10,13,10,8,0,1,4,5,3,85,306542,501919,579787,470434,481640,496016,522892,477209,481454,571636,589111,514952,434385,318427,201102,199342,0,157,35,21,29,42,36,20,10,15,19,8,13,9,7,9,8,8,221,59120,214440,187752,219966,253192,305194,304975,329635,435375,503353,470379,403882,306140,191795,185383,0,0,252,204,188,219,218,194,169,195,195,236,166,103,113,119,182,0,4,112,1149,708,939,1307,1902,3334,4357,7920,8688,11496,14593,16082,27090,19282,0,0,2,3,14,14,26,33,51,101,231,461,763,1165,1676,3082,3083,0,1,0,38,17,35,20,34,40,51,140,88,179,160,93,28,16,0,0,0,0,2,1,0,1,0,0,5,2,5,0,2,1,4,359,734245,1090517,1409936,1155408,1205176,1266690,1367630,1273629,1310029,1599880,1697211,1516416,1289814,957701,620160,604233,0,188,303,236,252,295,290,259,240,324,460,715,947,1278,1802,3216,3280
2022-04-05,268,427519,529377,614535,496509,502610,516175,537623,488084,494542,584813,595977,519415,436802,316965,200150,200220,2,42,11,13,12,14,20,15,13,10,4,6,5,8,6,5,10,85,306722,501948,579812,470466,481668,496044,522911,477238,481475,571655,589124,514971,434397,318438,201113,199353,0,180,29,25,32,28,28,19,29,21,19,13,19,12,11,11,11,8,223,59841,214737,187982,220215,253434,305452,305198,329874,435638,503618,470582,404050,306302,191924,185656,0,2,721,297,230,249,242,258,223,239,263,265,203,168,162,129,273,0,4,117,1160,719,962,1331,1940,3401,4476,8249,9368,12736,16710,18906,31599,23305,0,0,5,11,11,23,24,38,67,119,329,680,1240,2117,2824,4509,4023,0,1,0,39,17,35,20,34,40,51,142,91,184,165,100,30,25,0,0,0,1,0,0,0,0,0,0,2,3,5,5,7,2,9,361,734469,1091283,1410283,1155693,1205490,1267004,1367960,1273961,1310418,1600497,1698178,1517888,1292124,960711,624816,608559,2,224,766,347,285,314,314,330,332,389,617,967,1472,2310,3010,4656,4326
2022-04-06,268,427591,529408,614547,496539,502636,516193,537634,488095,494556,584824,595984,519424,436812,316972,200159,200230,0,72,31,12,30,26,18,11,11,14,11,7,9,10,7,9,10,85,306992,502006,579838,470496,481700,496069,522937,477258,481489,571674,589148,514980,434409,318449,201124,199382,0,270,58,26,30,32,25,26,20,14,19,24,9,12,11,11,29,8,225,60677,215042,188248,220494,253711,305711,305452,330119,435906,503891,470795,404234,306474,192128,186100,0,2,836,305,266,279,277,259,254,245,268,273,213,184,172,204,444,0,4,123,1188,734,991,1381,2001,3498,4674,8674,10343,14574,23627,25179,36818,29011,0,0,6,28,15,29,50,61,97,198,425,975,1838,6917,6273,5219,5706,0,1,0,39,17,35,20,35,40,52,144,96,189,178,108,36,35,0,0,0,0,0,0,0,1,0,1,2,5,5,13,8,6,10,361,734813,1092214,1410654,1156034,1205856,1267374,1368318,1274343,1310890,1601222,1699462,1519962,1299260,967182,630265,614758,0,344,931,371,341,366,370,358,382,472,725,1284,2074,7136,6471,5449,6199
2022-04-07,268,427674,529440,614569,496559,502669,516220,537658,488108,494566,584836,595991,519430,436814,316975,200161,200235,0,83,32,22,20,33,27,24,13,10,12,7,6,2,3,2,5,85,307437,502085,579869,470532,481742,496115,522973,477289,481520,571697,589173,515007,434424,318463,201130,199399,0,445,79,31,36,42,46,36,31,31,23,25,27,15,14,6,17,8,230,61558,215340,188488,220805,254019,306047,305814,330432,436296,504166,471034,404425,306641,192271,186329,0,5,881,298,240,311,308,336,362,313,390,275,239,191,167,143,229,0,4,128,1203,752,1013,1423,2073,3593,4870,9128,11450,16424,32331,32899,42253,33901,0,0,5,15,18,22,42,72,95,196,454,1107,1850,8704,7720,5435,4890,0,1,0,40,17,35,20,35,43,55,153,104,195,219,141,45,39,0,0,0,1,0,0,0,0,3,3,9,8,6,41,33,9,4,361,735346,1093211,1411021,1156348,1206264,1267797,1368786,1274847,1311443,1602110,1700884,1522090,1308213,975119,635860,619903,0,533,997,367,314,408,423,468,504,553,888,1422,2128,8953,7937,5595,5145
2022-04-08,268,427821,529472,614591,496580,502691,516246,537674,488126,494577,584841,595996,519436,436818,316981,200161,200244,0,147,32,22,21,22,26,16,18,11,5,5,6,4,6,0,9,85,307904,502165,579909,470566,481792,496152,522998,477310,481544,571715,589192,515022,434441,318474,201136,199424,0,467,80,40,34,50,37,25,21,24,18,19,15,17,11,6,25,8,235,62325,215667,188755,221122,254383,306422,306149,330793,436670,504438,471214,404588,306811,192408,186591,0,5,767,327,267,317,364,375,335,361,374,272,180,163,170,137,262,0,4,132,1217,773,1048,1482,2149,3679,5058,9592,12540,18149,40454,40132,46542,38246,0,0,4,14,21,35,59,76,86,188,464,1090,1725,8123,7233,4289,4345,0,1,0,40,17,36,20,36,47,56,158,116,201,234,148,50,48,0,0,0,0,0,1,0,1,4,1,5,12,6,15,7,5,9,361,735965,1094094,1411424,1156691,1206689,1268283,1369279,1275311,1312028,1602976,1702282,1524022,1316535,982546,640297,624553,0,619,883,403,343,425,486,493,464,585,866,1398,1932,8322,7427,4437,4650
2022-04-09,268,428093,529536,614606,496599,502708,516270,537690,488135,494583,584849,596002,519440,436824,316985,200162,200245,0,272,64,15,19,17,24,16,9,6,8,6,4,6,4,1,1,85,309167,502308,579958,470609,481844,496199,523035,477344,481573,571751,589212,515043,434451,318485,201141,199434,0,1263,143,49,43,52,47,37,34,29,36,20,21,10,11,5,10,8,240,63375,216023,189029,221424,254718,306877,306576,331238,437077,504757,471420,404723,306903,192466,186646,0,5,1050,356,274,302,335,455,427,445,407,319,206,135,92,58,55,0,5,139,1228,796,1077,1524,2215,3788,5265,10073,13594,19842,48415,46925,50254,40681,0,1,7,11,23,29,42,66,109,207,481,1054,1693,7961,6793,3712,2435,0,1,0,40,17,36,21,37,47,58,163,125,215,270,180,58,50,0,0,0,0,0,0,1,1,0,2,5,9,14,36,32,8,2,361,737506,1095358,1411855,1157050,1207089,1268732,1369854,1275890,1312717,1603913,1703690,1525960,1324683,989478,644081,627056,0,1541,1264,431,359,400,449,575,579,689,937,1408,1938,8148,6932,3784,2503
2022-04-10,268,428177,529556,614614,496606,502717,516278,537698,488139,494586,584857,596002,519442,436827,316989,200164,200245,0,84,20,8,7,9,8,8,4,3,8,0,2,3,4,2,0,85,309530,502359,579978,470623,481857,496219,523054,477349,481580,571768,589222,515053,434457,318488,201144,199435,0,363,51,20,14,13,20,19,5,7,17,10,10,6,3,3,1,8,240,63803,216174,189153,221573,254858,307066,306712,331381,437229,504877,471491,404770,306940,192488,186677,0,0,428,151,124,149,140,189,136,143,152,120,71,47,37,22,31,0,5,144,1233,803,1083,1539,2257,3843,5347,10282,14091,20725,52120,49929,51734,41817,0,0,5,5,7,6,15,42,55,82,209,497,883,3705,3004,1480,1136,0,1,0,40,17,37,22,39,47,60,164,129,215,278,190,59,50,0,0,0,0,0,1,1,2,0,2,1,4,0,8,10,1,0,361,737953,1095862,1412039,1157202,1207267,1268916,1370114,1276090,1312954,1604300,1704321,1526926,1328452,992536,645589,628224,0,447,504,184,152,178,184,260,200,237,387,631,966,3769,3058,1508,1168
2022-04-11,268,428213,529576,614627,496611,502727,516295,537706,488145,494593,584870,596007,519453,436832,316993,200170,200248,0,36,20,13,5,10,17,8,6,7,13,5,11,5,4,6,3,85,309675,502384,580000,470637,481889,496240,523070,477360,481593,571778,589229,515062,434461,318497,201153,199454,0,145,25,22,14,32,21,16,11,13,10,7,9,4,9,9,19,8,240,64157,216371,189327,221753,255001,307227,306892,331526,437381,505022,471608,404871,307028,192588,186888,0,0,354,197,174,180,143,161,180,145,152,145,117,101,88,100,211,0,5,146,1253,828,1102,1578,2321,3934,5489,10638,16751,24449,57859,54763,54542,45214,0,0,2,20,25,19,39,64,91,142,356,2660,3724,5739,4834,2808,3397,0,1,0,40,17,40,24,41,52,63,165,136,225,291,200,62,53,0,0,0,0,0,3,2,2,5,3,1,7,10,13,10,3,3,361,738134,1096263,1412291,1157420,1207511,1269138,1370365,1276383,1313264,1604832,1707145,1530797,1334314,997481,648515,631857,0,181,401,252,218,244,222,251,293,310,532,2824,3871,5862,4945,2926,3633
2022-04-12,268,428244,529602,614647,496632,502758,516323,537727,488158,494603,584878,596018,519458,436836,316994,200173,200259,0,31,26,20,21,31,28,21,13,10,8,11,5,4,1,3,11,86,309784,502406,580025,470661,481914,496266,523084,477376,481604,571793,589237,515071,434473,318510,201161,199466,1,109,22,25,24,25,26,14,16,11,15,8,9,12,13,8,12,8,240,64798,216551,189493,221917,255146,307396,307068,331695,437568,505236,471814,405000,307181,192720,187159,0,0,641,180,166,164,145,169,176,169,187,214,206,129,153,132,271,0,5,147,1264,843,1124,1616,2385,4057,5689,11161,21474,31416,66761,62403,58393,49172,0,0,1,11,15,22,38,64,123,200,523,4723,6967,8902,7640,3851,3958,0,1,0,40,18,42,24,42,55,64,173,142,249,303,218,67,60,0,0,0,0,1,2,0,1,3,1,8,6,24,12,18,5,7,362,738274,1096953,1412527,1157647,1207755,1269375,1370634,1276714,1313655,1605573,1712107,1538008,1343373,1005306,652514,636116,1,140,690,236,227,244,237,269,331,391,741,4962,7211,9059,7825,3999,4259
2022-04-13,268,428300,529627,614663,496651,502777,516336,537748,488168,494612,584888,596029,519465,436840,316998,200174,200268,0,56,25,16,19,19,13,21,10,9,10,11,7,4,4,1,9,86,309939,502467,580054,470681,481942,496286,523103,477396,481616,571810,589249,515084,434480,318518,201175,199493,0,155,61,29,20,28,20,19,20,12,17,12,13,7,8,14,27,8,240,66364,216779,189685,222126,255375,307592,307268,331901,437799,505452,472025,405164,307337,192871,187460,0,0,1566,228,192,209,229,196,200,206,231,216,211,164,156,151,301,0,5,150,1282,866,1167,1679,2485,4207,5928,11776,26997,39678,77260,70981,62482,53287,0,0,3,18,23,43,63,100,150,239,615,5523,8262,10499,8578,4089,4115,0,1,0,40,18,42,27,46,58,68,186,163,266,327,242,79,78,0,0,0,0,0,0,3,4,3,4,13,21,17,24,24,12,18,362,738485,1098608,1412818,1157901,1208054,1269703,1370974,1277097,1314125,1606459,1717890,1546518,1354071,1014076,656781,640586,0,211,1655,291,254,299,328,340,383,470,886,5783,8510,10698,8770,4267,4470
2022-04-14,268,428407,529661,614680,496667,502804,516356,537771,488184,494623,584901,596038,519473,436853,317005,200179,200273,0,107,34,17,16,27,20,23,16,11,13,9,8,13,7,5,5,86,310269,502525,580099,470712,481979,496327,523125,477421,481649,571832,589267,515105,434496,318531,201180,199509,0,330,58,45,31,37,41,22,25,33,22,18,21,16,13,5,16,8,244,67375,217111,189907,222368,255659,307901,307538,332127,438097,505748,472258,405322,307466,192986,187695,0,4,1011,332,222,242,284,309,270,226,298,296,233,158,129,115,235,0,5,157,1315,893,1210,1754,2609,4382,6211,12510,33285,48528,86916,78913,66451,57206,0,0,7,33,27,43,75,124,175,283,734,6288,8850,9656,7932,3969,3919,0,1,0,42,18,44,30,49,61,73,200,178,295,394,281,91,89,0,0,0,2,0,2,3,3,3,5,14,15,29,67,39,12,11,362,738926,1099718,1413247,1158197,1208405,1270126,1371455,1277586,1314683,1607540,1724516,1555659,1363981,1022196,660887,644772,0,441,1110,429,296,351,423,481,489,558,1081,6626,9141,9910,8120,4106,4186
2022-04-15,268,428529,529694,614695,496684,502824,516376,537787,488209,494634,584913,596048,519485,436854,317007,200181,200280,0,122,33,15,17,20,20,16,25,11,12,10,12,1,2,2,7,86,310654,502586,580122,470733,482005,496354,523140,477432,481663,571850,589280,515114,434502,318535,201185,199514,0,385,61,23,21,26,27,15,11,14,18,13,9,6,4,5,5,8,252,68017,217381,190075,222577,255871,308131,307760,332364,438316,505948,472393,405432,307554,193032,187741,0,8,642,270,168,209,212,230,222,237,219,200,135,110,88,46,46,0,5,162,1332,912,1247,1806,2694,4477,6411,13109,38374,55059,94234,84567,68870,59126,0,0,5,17,19,37,52,85,95,200,599,5089,6531,7318,5654,2419,1920,0,1,0,42,18,47,30,55,61,75,205,193,317,411,290,94,93,0,0,0,0,0,3,0,6,0,2,5,15,22,17,9,3,4,362,739441,1100459,1413572,1158422,1208700,1270437,1371807,1277939,1315147,1608393,1729843,1562368,1371433,1027953,663362,646754,0,515,741,325,225,295,311,352,353,464,853,5327,6709,7452,5757,2475,1982
2022-04-16,268,428693,529730,614705,496704,502842,516403,537805,488226,494655,584929,596060,519498,436862,317010,200182,200282,0,164,36,10,20,18,27,18,17,21,16,12,13,8,3,1,2,86,311352,502672,580147,470756,482039,496379,523153,477450,481679,571866,589289,515122,434508,318537,201187,199515,0,698,86,25,23,34,25,13,18,16,16,9,8,6,2,2,1,8,257,68677,217640,190264,222772,256102,308396,308019,332622,438545,506135,472530,405527,307609,193054,187769,0,5,660,259,189,195,231,265,259,258,229,187,137,95,55,22,28,0,5,171,1349,934,1271,1858,2774,4593,6606,13661,42653,60305,99816,88906,70963,60400,0,0,9,17,22,24,52,80,116,195,552,4279,5246,5582,4339,2093,1274,0,1,1,44,18,47,30,58,65,76,215,201,333,436,331,98,93,0,0,1,2,0,0,0,3,4,1,10,8,16,25,41,4,0,362,740308,1101251,1413885,1158676,1208971,1270772,1372186,1278353,1315638,1609216,1734338,1567788,1377149,1032393,665484,648059,0,867,792,313,254,271,335,379,414,491,823,4495,5420,5716,4440,2122,1305
2022-04-17,268,428702,529734,614705,496706,502843,516403,537807,488230,494657,584930,596062,519499,436863,317010,200182,200282,0,9,4,0,2,1,0,2,4,2,1,2,1,1,0,0,0,86,311362,502672,580147,470759,482041,496380,523154,477452,481679,571866,589291,515123,434508,318537,201187,199515,0,10,0,0,3,2,1,1,2,0,0,2,1,0,0,0,0,8,257,68690,217662,190284,222792,256117,308414,308035,332638,438553,506142,472537,405530,307611,193057,187771,0,0,13,22,20,20,15,18,16,16,8,7,7,3,2,3,2,0,5,171,1351,935,1271,1859,2776,4595,6613,13682,42847,60491,100085,89123,71045,60467,0,0,0,2,1,0,1,2,2,7,21,194,186,269,217,82,67,0,1,1,44,18,47,30,58,65,76,215,202,335,437,331,98,93,0,0,0,0,0,0,0,0,0,0,0,1,2,1,0,0,0,362,740327,1101268,1413909,1158702,1208994,1270789,1372209,1278377,1315663,1609246,1734544,1567985,1377423,1032612,665569,648128,0,19,17,24,26,23,17,23,24,25,30,206,197,274,219,85,69
2022-04-18,268,428750,529767,614715,496715,502858,516413,537816,488237,494660,584939,596063,519500,436866,317016,200183,200282,0,48,33,10,9,15,10,9,7,3,9,1,1,3,6,1,0,86,311475,502698,580163,470782,482056,496394,523164,477465,481686,571879,589297,515127,434514,318538,201189,199518,0,113,26,16,23,15,14,10,13,7,13,6,4,6,1,2,3,8,257,68952,217758,190380,222888,256223,308502,308135,332723,438655,506219,472592,405572,307647,193079,187804,0,0,262,96,96,96,106,88,100,85,102,77,55,42,36,22,33,0,5,173,1363,949,1287,1885,2814,4644,6702,13936,45431,63791,102658,91094,71939,61238,0,0,2,12,14,16,26,38,49,89,254,2584,3300,2573,1971,894,771,0,1,1,44,19,48,30,58,66,77,218,207,344,442,338,98,95,0,0,0,0,1,1,0,0,1,1,3,5,9,5,7,0,2,362,740488,1101591,1414043,1158845,1209137,1270945,1372354,1278547,1315848,1609627,1737217,1571354,1380052,1034633,666488,648937,0,161,323,134,143,143,156,145,170,185,381,2673,3369,2629,2021,919,809
2022-04-19,268,428789,529790,614731,496725,502879,516422,537834,488245,494668,584943,596071,519507,436870,317023,200187,200289,0,39,23,16,10,21,9,18,8,8,4,8,7,4,7,4,7,86,311547,502734,580182,470802,482080,496414,523177,477474,481702,571889,589314,515134,434518,318542,201196,199534,0,72,36,19,20,24,20,13,9,16,10,17,7,4,4,7,16,8,257,69482,217926,190516,223046,256389,308660,308297,332880,438808,506383,472746,405694,307734,193147,187924,0,0,530,168,136,158,166,158,162,157,153,164,154,122,87,68,120,0,5,174,1376,972,1317,1929,2881,4764,6884,14466,50303,71064,109647,96793,74797,64156,0,0,1,13,23,30,44,67,120,182,530,4872,7273,6989,5699,2858,2918,0,1,1,44,19,50,31,62,67,83,227,227,364,475,359,117,120,0,0,0,0,0,2,1,4,1,6,9,20,20,33,21,19,25,362,740599,1102181,1414259,1159034,1209372,1271185,1372614,1278847,1316217,1610333,1742298,1578815,1387204,1040451,669444,652023,0,111,590,216,189,235,240,260,300,369,706,5081,7461,7152,5818,2956,3086
2022-04-20,268,428846,529817,614751,496755,502904,516438,537845,488256,494681,584951,596079,519515,436877,317028,200195,200293,0,57,27,20,30,25,16,11,11,13,8,8,8,7,5,8,4,86,311693,502778,580218,470832,482112,496440,523194,477488,481715,571899,589320,515143,434527,318548,201206,199552,0,146,44,36,30,32,26,17,14,13,10,6,9,9,6,10,18,8,258,70494,218141,190660,223206,256544,308841,308468,333057,439037,506578,472960,405832,307856,193265,188141,0,1,1012,215,144,160,155,181,171,177,229,195,214,138,122,118,217,0,5,181,1401,1003,1353,1992,2987,4914,7152,15218,56590,80209,118463,103996,78527,68312,0,0,7,25,31,36,63,106,150,268,752,6287,9145,8816,7203,3730,4156,0,1,1,45,19,51,31,65,72,97,243,252,409,518,387,131,138,0,0,0,1,0,1,0,3,5,14,16,25,45,43,28,14,18,362,740803,1103271,1414556,1159269,1209626,1271445,1372932,1279198,1316702,1611348,1748819,1588236,1396217,1047815,673324,656436,0,204,1090,297,235,254,260,318,351,485,1015,6521,9421,9013,7364,3880,4413
2022-04-21,268,428916,529846,614772,496778,502927,516463,537863,488271,494693,584959,596085,519525,436885,317036,200198,200297,0,70,29,21,23,23,25,18,15,12,8,6,10,8,8,3,4,86,311952,502833,580255,470872,482150,496466,523218,477509,481723,571912,589339,515165,434534,318561,201216,199571,0,259,55,37,40,38,26,24,21,8,13,19,22,7,13,10,19,8,260,71034,218372,190889,223476,256747,309071,308661,333275,439308,506823,473185,405993,308022,193399,188370,0,2,540,231,229,270,203,230,193,218,271,245,225,161,166,134,229,0,5,183,1425,1039,1420,2068,3114,5085,7417,16018,62717,88617,126294,110327,82258,72324,0,0,2,24,36,67,76,127,171,265,800,6127,8408,7831,6331,3731,4012,0,1,1,45,20,51,34,65,81,104,256,279,445,565,431,143,144,0,0,0,0,1,0,3,0,9,7,13,27,36,47,44,12,6,362,741134,1103897,1414869,1159598,1210024,1271778,1373331,1279607,1317212,1612453,1755243,1596937,1404271,1054377,677214,660706,0,331,626,313,329,398,333,399,409,510,1105,6424,8701,8054,6562,3890,4270
2022-04-22,268,429013,529884,614793,496800,502961,516487,537896,488288,494706,584974,596098,519536,436893,317044,200200,200299,0,97,38,21,22,34,24,33,17,13,15,13,11,8,8,2,2,86,312235,502902,580279,470900,482172,496493,523248,477530,481737,571938,589358,515177,434541,318569,201222,199581,0,283,69,24,28,22,27,30,21,14,26,19,12,7,8,6,10,8,261,71689,218582,191079,223664,257005,309345,308875,333501,439573,507048,473366,406109,308115,193526,188509,0,1,655,210,190,188,258,274,214,226,265,225,181,116,93,127,139,0,5,187,1444,1067,1471,2140,3246,5260,7727,16809,68925,96640,133215,115996,85261,75496,0,0,4,19,28,51,72,132,175,310,791,6208,8023,6921,5669,3003,3172,0,1,1,46,20,52,37,67,88,111,268,301,470,589,446,149,147,0,0,0,1,0,1,3,2,7,7,12,22,25,24,15,6,3,362,741515,1104663,1415144,1159866,1210320,1272162,1373802,1280041,1317782,1613562,1761730,1605189,1411347,1060170,680358,664032,0,381,766,275,268,296,384,471,434,570,1109,6487,8252,7076,5793,3144,3326
2022-04-23,268,429216,529931,614819,496824,502985,516521,537927,488318,494737,584995,596112,519545,436898,317045,200205,200302,0,203,47,26,24,24,34,31,30,31,21,14,9,5,1,5,3,86,313118,503022,580320,470956,482203,496519,523276,477545,481762,571958,589373,515184,434545,318573,201223,199586,0,883,120,41,56,31,26,28,15,25,20,15,7,4,4,1,5,8,265,72358,218829,191258,223862,257250,309668,309150,333758,439818,507242,473501,406195,308178,193569,188542,0,4,669,247,179,198,245,323,275,257,245,194,135,86,63,43,33,0,6,190,1493,1094,1529,2209,3345,5429,8017,17479,74059,102354,138067,119783,87133,77010,0,1,3,49,27,58,69,99,169,290,670,5134,5714,4852,3787,1872,1514,0,1,1,47,20,54,37,72,90,117,280,312,485,619,466,155,149,0,0,0,1,0,2,0,5,2,6,12,11,15,30,20,6,2,362,742606,1105502,1415508,1160152,1210633,1272536,1374288,1280532,1318391,1614530,1767098,1611069,1416324,1064045,682285,665589,0,1091,839,364,286,313,374,486,491,609,968,5368,5880,4977,3875,1927,1557
2022-04-24,268,429270,529955,614839,496833,502995,516529,537932,488323,494741,584999,596117,519547,436902,317045,200205,200303,0,54,24,20,9,10,8,5,5,4,4,5,2,4,0,0,1,86,313455,503065,580346,470972,482227,496529,523286,477548,481774,571970,589379,515186,434550,318574,201224,199587,0,337,43,26,16,24,10,10,3,12,12,6,2,5,1,1,1,8,269,72673,218967,191350,223937,257356,309813,309263,333884,439926,507331,473546,406240,308196,193593,188567,0,4,315,138,92,75,106,145,113,126,108,89,45,45,18,24,25,0,6,190,1504,1109,1558,2247,3394,5507,8142,17795,76273,104816,140293,121462,88181,77918,0,0,0,11,15,29,38,49,78,125,316,2214,2462,2226,1679,1048,908,0,1,1,47,20,54,37,73,92,118,286,314,495,629,470,155,149,0,0,0,0,0,0,0,1,2,1,6,2,10,10,4,0,0,362,743001,1105884,1415703,1160284,1210771,1272698,1374498,1280733,1318659,1614976,1769414,1613590,1418614,1065747,683358,666524,0,395,382,195,132,138,162,210,201,268,446,2316,2521,2290,1702,1073,935
2022-04-25,268,429302,529966,614861,496844,503013,516542,537939,488332,494745,585002,596126,519557,436909,317047,200205,200304,0,32,11,22,11,18,13,7,9,4,3,9,10,7,2,0,1,86,313568,503087,580370,470990,482252,496545,523303,477559,481788,571979,589386,515192,434558,318580,201224,199594,0,113,22,24,18,25,16,17,11,14,9,7,6,8,6,0,7,8,270,73282,219130,191482,224067,257466,309939,309376,333979,440027,507445,473647,406334,308265,193663,188686,0,1,609,163,132,130,110,126,113,95,101,114,101,94,69,70,119,0,6,192,1514,1128,1591,2286,3445,5603,8314,18238,79780,109373,144330,124858,90183,80342,0,0,2,10,19,33,39,51,96,172,443,3507,4557,4037,3396,2002,2424,0,1,1,48,21,55,38,74,94,119,297,325,518,640,484,161,153,0,0,0,1,1,1,1,1,2,1,11,11,23,11,14,6,4,362,743147,1106528,1415923,1160465,1210978,1272877,1374700,1280964,1318945,1615543,1773062,1618287,1422771,1069234,685436,669079,0,146,644,220,181,207,179,202,231,286,567,3648,4697,4157,3487,2078,2555
2022-04-26,269,429334,529981,614885,496855,503023,516552,537944,488347,494749,585006,596133,519564,436915,317051,200207,200310,1,32,15,24,11,10,10,5,15,4,4,7,7,6,4,2,6,86,313671,503108,580395,471002,482277,496567,523322,477568,481797,571992,589396,515196,434563,318589,201230,199604,0,103,21,25,12,25,22,19,9,9,13,10,4,5,9,6,10,8,270,73783,219347,191624,224218,257611,310092,309511,334116,440165,507610,473789,406442,308356,193741,188830,0,0,501,217,142,151,145,153,135,137,138,165,142,108,91,78,144,0,6,194,1529,1153,1635,2330,3522,5712,8532,18850,84308,115678,149930,129597,92869,83394,0,0,2,15,25,44,44,77,109,218,612,4528,6305,5600,4739,2686,3052,0,1,1,48,21,56,38,78,100,125,304,334,537,659,506,167,157,0,0,0,0,0,1,0,4,6,6,7,9,19,19,22,6,4,363,743282,1107067,1416204,1160655,1211209,1273098,1374958,1281238,1319319,1616317,1777781,1624764,1428509,1074099,688214,672295,1,135,539,281,190,231,221,258,274,374,774,4719,6477,5738,4865,2778,3216
2022-04-27,269,429380,529994,614903,496870,503055,516568,537964,488358,494757,585011,596140,519574,436923,317052,200210,200314,0,46,13,18,15,32,16,20,11,8,5,7,10,8,1,3,4,86,313836,503134,580423,471026,482304,496599,523340,477584,481817,572000,589409,515207,434569,318592,201235,199617,0,165,26,28,24,27,32,18,16,20,8,13,11,6,3,5,13,8,270,74042,219562,191775,224418,257763,310278,309680,334240,440351,507786,473928,406568,308471,193829,188996,0,0,259,215,151,200,152,186,169,124,186,176,139,126,115,88,166,0,6,197,1552,1178,1674,2398,3617,5866,8761,19469,89082,122311,156161,134693,95807,87159,0,0,3,23,25,39,68,95,154,229,619,4774,6633,6231,5096,2938,3765,0,1,1,49,21,58,41,80,106,132,316,347,556,682,521,171,163,0,0,0,1,0,2,3,2,6,7,12,13,19,23,15,4,6,363,743493,1107368,1416489,1160870,1211509,1273369,1375279,1281594,1319707,1617147,1782764,1631576,1434903,1079329,691252,676249,0,211,301,285,215,300,271,321,356,388,830,4983,6812,6394,5230,3038,3954
2022-04-28,270,429434,530029,614930,496885,503086,516595,537985,488376,494770,585019,596158,519582,436929,317058,200215,200323,1,54,35,27,15,31,27,21,18,13,8,18,8,6,6,5,9,86,314083,503208,580466,471067,482347,496633,523366,477610,481830,572012,589423,515219,434578,318602,201246,199630,0,247,74,43,41,43,34,26,26,13,12,14,12,9,10,11,13,8,272,74439,219803,191924,224615,257924,310449,309851,334423,440551,507997,474101,406717,308590,193924,189166,0,2,397,241,149,197,161,171,171,183,200,211,173,149,119,95,170,0,6,201,1574,1205,1723,2460,3710,6027,9024,20183,94403,129310,162108,139372,98587,90314,0,0,4,22,27,49,62,93,161,263,714,5321,6999,5947,4679,2780,3155,0,1,1,49,22,59,42,83,110,137,325,371,575,729,554,181,171,0,0,0,0,1,1,1,3,4,5,9,24,19,47,33,10,8,364,743796,1107878,1416822,1161103,1211830,1273654,1375593,1281974,1320184,1618090,1788352,1638787,1441061,1084176,694153,679604,1,303,510,333,233,321,285,314,380,477,943,5588,7211,6158,4847,2901,3355
2022-04-29,270,429512,530059,614950,496904,503120,516613,538012,488389,494778,585026,596170,519593,436935,317066,200219,200326,0,78,30,20,19,34,18,27,13,8,7,12,11,6,8,4,3,86,314393,503259,580497,471104,482380,496667,523394,477635,481844,572026,589436,515227,434585,318608,201251,199641,0,310,51,31,37,33,34,28,25,14,14,13,8,7,6,5,11,8,273,75085,220027,192108,224828,258148,310655,310038,334625,440770,508180,474259,406813,308681,193997,189270,0,1,646,224,184,213,224,206,187,202,219,183,158,96,91,73,104,0,6,205,1599,1246,1779,2524,3818,6172,9288,20862,99617,135679,167219,143467,100873,92849,0,0,4,25,41,56,64,108,145,264,679,5214,6369,5111,4095,2286,2535,0,1,1,49,23,61,44,88,112,144,333,389,604,746,563,182,179,0,0,0,0,1,2,2,5,2,7,8,18,29,17,9,1,8,364,744185,1108609,1417122,1161385,1212168,1273996,1375967,1282346,1320679,1619017,1793792,1645362,1446298,1088385,696522,682265,0,389,731,300,282,338,342,374,372,495,927,5440,6575,5237,4209,2369,2661
2022-04-30,270,429676,530102,614970,496930,503147,516647,538036,488413,494792,585035,596176,519601,436949,317071,200221,200330,0,164,43,20,26,27,34,24,24,14,9,6,8,14,5,2,4,86,314967,503351,580522,471124,482406,496690,523420,477649,481861,572043,589450,515236,434591,318614,201254,199643,0,574,92,25,20,26,23,26,14,17,17,14,9,6,6,3,2,8,277,75717,220268,192266,224983,258359,310877,310267,334820,440968,508336,474355,406886,308725,194020,189302,0,4,632,241,158,155,211,222,229,195,198,156,96,73,44,23,32,0,6,211,1615,1264,1806,2577,3888,6294,9488,21388,103890,140462,170945,146207,102304,93901,0,0,6,16,18,27,53,70,122,200,526,4273,4783,3726,2740,1431,1052,0,1,1,49,23,61,44,90,113,146,343,406,621,780,584,186,179,0,0,0,0,0,0,0,2,1,2,10,17,17,34,21,4,0,364,744927,1109382,1417424,1161607,1212403,1274317,1376311,1282736,1321107,1619777,1798258,1650275,1450151,1091201,697985,683355,0,742,773,302,222,235,321,344,390,428,760,4466,4913,3853,2816,1463,1090
2022-05-01,270,429734,530125,614978,496941,503150,516657,538046,488421,494798,585035,596181,519602,436950,317071,200221,200330,0,58,23,8,11,3,10,10,8,6,0,5,1,1,0,0,0,86,315132,503387,580533,471140,482421,496704,523431,477658,481866,572051,589455,515237,434593,318616,201254,199643,0,165,36,11,16,15,14,11,9,5,8,5,1,2,2,0,0,8,280,75889,220396,192349,225066,258442,310951,310329,334871,441022,508387,474400,406908,308731,194025,189308,0,3,172,128,83,83,83,74,62,51,54,51,45,22,6,5,6,0,6,213,1625,1270,1820,2594,3918,6340,9574,21583,105195,142058,172313,147265,102824,94238,0,0,2,10,6,14,17,30,46,86,195,1305,1596,1368,1058,520,337,0,1,1,49,24,61,47,91,114,150,344,410,630,789,586,187,180,0,0,0,0,1,0,3,1,1,4,1,4,9,9,2,1,1,364,745153,1109615,1417581,1161724,1212518,1274444,1376437,1282862,1321259,1620035,1799628,1651927,1451553,1092269,698511,683699,0,226,233,157,117,115,127,126,126,152,258,1370,1652,1402,1068,526,344
2022-05-02,270,429759,530146,614996,496955,503157,516670,538052,488432,494809,585041,596184,519607,436954,317072,200222,200331,0,25,21,18,14,7,13,6,11,11,6,3,5,4,1,1,1,86,315185,503409,580555,471156,482440,496723,523449,477668,481876,572056,589459,515242,434596,318620,201257,199652,0,53,22,22,16,19,19,18,10,10,5,4,5,3,4,3,9,8,281,76018,220539,192446,225159,258533,311037,310394,334946,441103,508476,474475,406977,308791,194079,189429,0,1,129,143,97,93,91,86,65,75,81,89,75,69,60,54,121,0,6,213,1633,1285,1851,2623,3959,6423,9698,21896,107158,144553,174307,149204,104152,96071,0,0,0,8,15,31,29,41,83,124,313,1963,2495,1994,1939,1328,1833,0,1,1,49,24,63,48,93,116,154,351,422,651,804,596,192,183,0,0,0,0,0,2,1,2,2,4,7,12,21,15,10,5,3,364,745232,1109787,1417772,1161866,1212670,1274597,1376590,1283033,1321483,1620447,1801699,1654528,1453638,1094283,699902,685666,0,79,172,191,142,152,153,153,171,224,412,2071,2601,2085,2014,1391,1967
2022-05-03,270,429784,530164,615015,496972,503189,516690,538067,488447,494825,585045,596188,519614,436958,317073,200224,200332,0,25,18,19,17,32,20,15,15,16,4,4,7,4,1,2,1,86,315271,503426,580588,471182,482466,496741,523474,477685,481894,572065,589464,515251,434603,318625,201265,199663,0,86,17,33,26,26,18,25,17,18,9,5,9,7,5,8,11,8,282,76197,220747,192574,225284,258653,311153,310495,335032,441194,508616,474590,407045,308886,194153,189571,0,1,179,208,128,125,120,116,101,86,91,140,115,68,95,74,142,0,6,213,1650,1310,1879,2662,4036,6499,9837,22315,110125,148600,177457,151804,105647,97959,0,0,0,17,25,28,39,77,76,139,419,2967,4047,3150,2600,1495,1888,0,1,1,51,24,65,49,94,119,158,364,446,670,811,606,196,187,0,0,0,2,0,2,1,1,3,4,13,24,19,7,10,4,4,364,745344,1110001,1418051,1162062,1212883,1274795,1376824,1283245,1321746,1620983,1804839,1658725,1456874,1096994,701485,687712,0,112,214,279,196,213,198,234,212,263,536,3140,4197,3236,2711,1583,2046
2022-05-04,270,429829,530190,615041,496999,503222,516716,538088,488458,494835,585056,596190,519622,436964,317078,200227,200337,0,45,26,26,27,33,26,21,11,10,11,2,8,6,5,3,5,86,315419,503459,580624,471201,482499,496777,523498,477696,481912,572081,589472,515264,434606,318633,201272,199676,0,148,33,36,19,33,36,24,11,18,16,8,13,3,8,7,13,8,285,76330,220947,192714,225418,258804,311269,310605,335139,441297,508740,474720,407132,308963,194227,189737,0,3,133,200,140,134,151,116,110,107,103,124,130,87,77,74,166,0,6,217,1688,1359,1957,2749,4202,6661,10099,22974,113431,152990,180878,154600,107506,100356,0,0,4,38,49,78,87,166,162,262,659,3306,4390,3421,2796,1859,2397,0,1,1,53,27,66,51,96,122,170,376,465,692,827,619,202,191,0,0,0,2,3,1,2,2,3,12,12,19,22,16,13,6,4,364,745540,1110197,1418353,1162300,1213162,1275097,1377153,1283542,1322155,1621784,1808298,1663288,1460407,1099893,703434,690297,0,196,196,302,238,279,302,329,297,409,801,3459,4563,3533,2899,1949,2585
2022-05-05,270,429868,530211,615064,497018,503237,516742,538104,488464,494848,585062,596202,519629,436970,317081,200228,200343,0,39,21,23,19,15,26,16,6,13,6,12,7,6,3,1,6,86,315564,503499,580657,471233,482537,496799,523523,477713,481936,572097,589484,515270,434618,318642,201279,199688,0,145,40,33,32,38,22,25,17,24,16,12,6,12,9,7,12,8,287,76551,221186,192854,225552,258961,311422,310744,335245,441425,508866,474833,407237,309029,194301,189889,0,2,221,239,140,134,157,153,139,106,128,126,113,105,66,74,152,0,6,221,1898,1590,2280,3174,4849,7381,11136,24858,116926,157473,184610,157697,109395,102789,0,0,4,210,231,323,425,647,720,1037,1884,3495,4483,3732,3097,1889,2433,0,1,1,54,28,68,57,97,130,177,397,484,713,863,637,211,195,0,0,0,1,1,2,6,1,8,7,21,19,21,36,18,9,4,364,745726,1110483,1418859,1162723,1213674,1275733,1377995,1284432,1323342,1623839,1811962,1667918,1464298,1103086,705414,692904,0,186,286,506,423,512,636,842,890,1187,2055,3664,4630,3891,3193,1980,2607
2022-05-06,270,429956,530251,615092,497040,503274,516763,538133,488482,494868,585072,596213,519644,436982,317088,200234,200344,0,88,40,28,22,37,21,29,18,20,10,11,15,12,7,6,1,86,315854,503549,580701,471264,482568,496832,523545,477735,481961,572111,589501,515276,434625,318647,201282,199699,0,290,50,44,31,31,33,22,22,25,14,17,6,7,5,3,11,8,288,76834,221407,193008,225730,259124,311589,310929,335397,441587,508986,474943,407316,309099,194349,189981,0,1,283,221,154,178,163,167,185,152,162,120,110,79,70,48,92,0,6,224,2087,1818,2634,3594,5502,8166,12225,27058,120363,161651,187511,160025,110867,104452,0,0,3,189,228,354,420,653,785,1089,2200,3437,4178,2901,2328,1472,1663,0,1,2,55,28,68,57,98,140,184,409,496,730,879,646,216,200,0,0,1,1,0,0,0,1,10,7,12,12,17,16,9,5,5,364,746105,1110860,1419342,1163158,1214274,1276370,1378867,1285452,1324635,1626237,1815559,1672244,1467313,1105505,706948,694676,0,379,377,483,435,600,637,872,1020,1293,2398,3597,4326,3015,2419,1534,1772
2022-05-07,270,430122,530319,615113,497064,503315,516778,538157,488515,494890,585095,596221,519649,436988,317093,200237,200344,0,166,68,21,24,41,15,24,33,22,23,8,5,6,5,3,0,86,316377,503669,580744,471298,482592,496877,523568,477762,481976,572129,589515,515285,434633,318647,201283,199700,0,523,120,43,34,24,45,23,27,15,18,14,9,8,0,1,1,8,292,77364,221633,193161,225895,259296,311779,311089,335560,441734,509099,475009,407380,309124,194367,189996,0,4,530,226,153,165,172,190,160,163,147,113,66,64,25,18,15,0,6,233,2323,2026,2941,4024,6170,9006,13340,29148,123463,164889,189696,161636,111653,104986,0,0,9,236,208,307,430,668,840,1115,2090,3100,3238,2185,1611,786,534,0,1,2,55,29,71,58,105,145,191,425,509,743,900,662,217,200,0,0,0,0,1,3,1,7,5,7,16,13,13,21,16,1,0,364,746798,1111587,1419868,1163578,1214814,1277033,1379779,1286517,1325957,1628531,1818807,1675575,1469597,1107162,707757,695226,0,693,727,526,420,540,663,912,1065,1322,2294,3248,3331,2284,1657,809,550
2022-05-08,270,430171,530344,615124,497077,503331,516794,538162,488527,494896,585105,596225,519652,436992,317093,200237,200344,0,49,25,11,13,16,16,5,12,6,10,4,3,4,0,0,0,86,316538,503694,580765,471310,482607,496887,523573,477769,481993,572134,589519,515286,434634,318647,201283,199701,0,161,25,21,12,15,10,5,7,17,5,4,1,1,0,0,1,8,293,77539,221732,193238,225955,259362,311839,311150,335609,441796,509137,475038,407395,309137,194373,190001,0,1,175,99,77,60,66,60,61,49,62,38,29,15,13,6,5,0,6,236,2431,2143,3087,4219,6423,9325,13806,29867,124377,165978,190642,162313,111943,105192,0,0,3,108,117,146,195,253,319,466,719,914,1089,946,677,290,206,0,1,2,56,29,71,58,106,146,193,429,515,744,901,664,217,200,0,0,0,1,0,0,0,1,1,2,4,6,1,1,2,0,0,364,747009,1111815,1420108,1163797,1215051,1277320,1380103,1286917,1326497,1629331,1819773,1676698,1470564,1107854,708053,695438,0,211,228,240,219,237,287,324,400,540,800,966,1123,967,692,296,212
2022-05-09,270,430214,530375,615136,497093,503345,516807,538180,488533,494902,585111,596225,519653,436997,317095,200238,200346,0,43,31,12,16,14,13,18,6,6,6,0,1,5,2,1,2,86,316658,503718,580783,471329,482627,496909,523583,477784,481997,572140,589522,515290,434635,318648,201284,199706,0,120,24,18,19,20,22,10,15,4,6,3,4,1,1,1,5,8,296,77604,221867,193321,226041,259440,311919,311233,335675,441873,509208,475097,407459,309188,194408,190085,0,3,65,135,83,86,78,80,83,66,77,71,59,64,51,35,84,1,6,236,2540,2262,3277,4441,6720,9680,14252,30818,125926,167979,192081,163605,112702,106388,1,0,0,109,119,190,222,297,355,446,951,1549,2001,1439,1292,759,1196,0,1,2,56,30,71,61,110,152,197,444,529,758,911,671,223,211,0,0,0,0,1,0,3,4,6,4,15,14,14,10,7,6,11,365,747175,1111935,1420382,1164035,1215361,1277658,1380512,1287382,1327023,1630386,1821410,1678777,1472083,1109207,708855,696736,1,166,120,274,238,310,338,409,465,526,1055,1637,2079,1519,1353,802,1298
2022-05-10,270,430255,530399,615162,497112,503360,516828,538198,488540,494910,585125,596231,519662,437001,317096,200239,200352,0,41,24,26,19,15,21,18,7,8,14,6,9,4,1,1,6,86,316791,503745,580810,471358,482647,496929,523595,477799,482005,572146,589528,515292,434644,318652,201287,199720,0,133,27,27,29,20,20,12,15,8,6,6,2,9,4,3,14,8,297,77740,222042,193443,226175,259551,312021,311344,335763,441991,509309,475204,407531,309257,194476,190220,0,1,136,175,122,134,111,102,111,88,118,101,107,72,69,68,135,1,6,237,2695,2452,3570,4807,7222,10276,15065,32481,128235,171076,194365,165636,114047,108158,0,0,1,155,190,293,366,502,596,813,1663,2309,3097,2284,2031,1345,1770,0,1,2,57,30,74,61,113,160,201,458,545,775,936,687,229,221,0,0,0,1,0,3,0,3,8,4,14,16,17,25,16,6,10,365,747350,1112123,1420766,1164395,1215826,1278176,1381149,1288119,1327944,1632201,1823848,1682009,1474477,1111328,710278,698671,0,175,188,384,360,465,518,637,737,921,1815,2438,3232,2394,2121,1423,1935
2022-05-11,270,430310,530422,615181,497135,503383,516838,538215,488553,494914,585135,596239,519668,437008,317101,200245,200355,0,55,23,19,23,23,10,17,13,4,10,8,6,7,5,6,3,86,316973,503789,580840,471371,482670,496956,523614,477816,482025,572157,589535,515296,434652,318659,201293,199729,0,182,44,30,13,23,27,19,17,20,11,7,4,8,7,6,9,8,299,78112,222237,193594,226326,259671,312137,311450,335868,442111,509404,475300,407607,309330,194542,190349,0,2,372,195,151,151,120,116,106,105,120,95,96,76,73,66,129,1,6,241,2857,2631,3836,5166,7674,10809,15889,34050,130466,174014,196697,167586,115264,109745,0,0,4,162,179,266,359,452,533,824,1569,2231,2938,2332,1950,1217,1587,0,1,2,57,30,76,63,115,165,205,471,561,798,947,692,234,224,0,0,0,0,0,2,2,2,5,4,13,16,23,11,5,5,3,365,747589,1112566,1421172,1164761,1216291,1278694,1381755,1288793,1328901,1633924,1826205,1685076,1476911,1113368,711578,700402,0,239,443,406,366,465,518,606,674,957,1723,2357,3067,2434,2040,1300,1731
2022-05-12,270,430373,530452,615200,497151,503418,516864,538235,488564,494922,585153,596251,519675,437015,317110,200247,200359,0,63,30,19,16,35,26,20,11,8,18,12,7,7,9,2,4,86,317258,503850,580870,471395,482698,496974,523638,477833,482037,572170,589547,515303,434656,318663,201294,199736,0,285,61,30,24,28,18,24,17,12,13,12,7,4,4,1,7,8,306,78378,222438,193761,226460,259809,312269,311554,335991,442225,509485,475401,407685,309388,194598,190446,0,7,266,201,167,134,138,132,104,123,114,81,101,78,58,56,97,1,6,243,3039,2802,4119,5524,8174,11423,16782,35779,132997,177157,199414,169796,116692,111640,0,0,2,182,171,283,358,500,614,893,1729,2531,3143,2717,2210,1428,1895,0,1,2,57,31,76,63,117,167,212,484,580,815,977,709,242,228,0,0,0,0,1,0,0,2,2,7,13,19,17,30,17,8,4,365,747944,1112925,1421604,1165140,1216771,1279234,1382433,1289541,1329944,1635811,1828860,1688351,1479747,1115666,713073,702409,0,355,359,432,379,480,540,678,748,1043,1887,2655,3275,2836,2298,1495,2007
2022-05-13,270,430434,530488,615217,497173,503433,516885,538254,488577,494926,585158,596257,519683,437015,317114,200250,200362,0,61,36,17,22,15,21,19,13,4,5,6,8,0,4,3,3,86,317498,503908,580915,471433,482728,497002,523660,477851,482056,572189,589562,515310,434659,318665,201294,199741,0,240,58,45,38,30,28,22,18,19,19,15,7,3,2,0,5,8,310,78726,222663,193912,226616,259957,312400,311704,336106,442339,509582,475485,407756,309434,194632,190531,0,4,348,225,151,156,148,131,150,115,114,97,84,71,46,34,85,1,6,245,3177,2979,4367,5865,8639,11958,17566,37131,134944,179365,201321,171432,117696,112934,0,0,2,138,177,248,341,465,535,784,1352,1947,2208,1907,1636,1004,1294,0,1,2,60,33,76,67,121,173,218,500,596,827,988,718,245,231,0,0,0,3,2,0,4,4,6,6,16,16,12,11,9,3,3,365,748249,1113369,1422032,1165530,1217220,1279776,1383074,1290263,1330872,1637317,1830941,1690670,1481739,1117363,714117,703799,0,305,444,428,390,449,542,641,722,928,1506,2081,2319,1992,1697,1044,1390
2022-05-14,270,430584,530544,615250,497197,503449,516910,538276,488605,494943,585170,596267,519692,437023,317116,200253,200365,0,150,56,33,24,16,25,22,28,17,12,10,9,8,2,3,3,86,317964,504008,580956,471470,482755,497039,523689,477873,482080,572207,589572,515318,434668,318670,201299,199742,0,466,100,41,37,27,37,29,22,24,18,10,8,9,5,5,1,8,312,79205,222868,194042,226752,260098,312550,311834,336223,442456,509669,475537,407802,309465,194651,190549,0,2,479,205,130,136,141,150,130,117,117,87,52,46,31,19,18,1,6,251,3378,3159,4588,6193,9073,12529,18366,38532,136899,181449,202939,172775,118429,113443,0,0,6,201,180,221,328,434,571,800,1401,1955,2084,1618,1343,733,509,0,1,2,64,33,76,67,123,176,221,514,605,837,999,727,249,233,0,0,0,4,0,0,0,2,3,3,14,9,10,11,9,4,2,365,748867,1114010,1422516,1165901,1217620,1280307,1383711,1291017,1331833,1638879,1833012,1692833,1483431,1118753,714881,704332,0,618,641,484,371,400,531,637,754,961,1562,2071,2163,1692,1390,764,533
2022-05-15,270,430634,530576,615259,497207,503456,516919,538284,488606,494949,585172,596272,519694,437023,317118,200253,200365,0,50,32,9,10,7,9,8,1,6,2,5,2,0,2,0,0,86,318143,504046,580971,471486,482771,497051,523702,477885,482086,572211,589574,515319,434669,318673,201299,199744,0,179,38,15,16,16,12,13,12,6,4,2,1,1,3,0,2,8,314,79322,222964,194126,226805,260160,312623,311894,336273,442490,509699,475557,407811,309472,194652,190554,0,2,117,96,84,53,62,73,60,50,34,30,20,9,7,1,5,1,6,254,3427,3224,4694,6301,9201,12725,18613,38982,137361,181935,203618,173329,118707,113576,0,0,3,49,65,106,108,128,196,247,450,462,486,679,554,278,133,0,1,2,64,33,76,68,124,177,223,518,613,838,1000,728,250,233,0,0,0,0,0,0,1,1,1,2,4,8,1,1,1,1,0,365,749098,1114200,1422685,1166076,1217802,1280499,1383934,1291287,1332144,1639373,1833519,1693343,1484121,1119320,715161,704472,0,231,190,169,175,182,192,223,270,311,494,507,510,690,567,280,140
2022-05-16,270,430672,530596,615275,497218,503463,516931,538297,488617,494953,585174,596279,519699,437028,317121,200253,200370,0,38,20,16,11,7,12,13,11,4,2,7,5,5,3,0,5,86,318237,504067,580992,471509,482792,497074,523723,477894,482096,572222,589580,515324,434671,318675,201301,199749,0,94,21,21,23,21,23,21,9,10,11,6,5,2,2,2,5,8,315,79385,223120,194220,226894,260248,312700,311956,336343,442551,509760,475616,407835,309510,194678,190654,0,1,63,156,94,89,88,77,62,70,61,61,59,24,38,26,100,1,6,254,3496,3299,4833,6442,9380,12961,18928,39614,138347,183165,204710,174363,119467,114675,0,0,0,69,75,139,141,179,236,315,632,986,1230,1092,1034,760,1099,0,1,2,67,34,76,70,126,180,226,526,622,846,1010,730,254,238,0,0,0,3,1,0,2,2,3,3,8,9,8,10,2,4,5,365,749231,1114304,1422950,1166280,1218058,1280765,1384226,1291608,1332546,1640087,1834588,1694650,1485254,1120399,715953,705686,0,133,104,265,204,256,266,292,321,402,714,1069,1307,1133,1079,792,1214
2022-05-17,270,430733,530627,615302,497239,503487,516957,538320,488634,494962,585184,596282,519707,437033,317123,200255,200372,0,61,31,27,21,24,26,23,17,9,10,3,8,5,2,2,2,86,318360,504094,581021,471538,482815,497104,523746,477915,482113,572242,589586,515331,434674,318678,201304,199756,0,123,27,29,29,23,30,23,21,17,20,6,7,3,3,3,7,8,315,79684,223287,194350,227020,260349,312802,312043,336416,442635,509849,475692,407887,309551,194704,190718,0,0,299,167,130,126,101,102,87,73,84,89,76,52,41,26,64,1,6,255,3592,3413,4989,6670,9641,13282,19402,40543,139810,185081,206250,175665,120270,115782,0,0,1,96,114,156,228,261,321,474,929,1463,1916,1540,1302,803,1107,0,1,2,67,35,77,71,127,187,235,540,634,875,1028,744,266,243,0,0,0,0,1,1,1,1,7,9,14,12,29,18,14,12,5,365,749415,1114662,1423269,1166575,1218388,1281151,1384636,1292061,1333128,1641144,1836161,1696686,1486872,1121761,716799,706871,0,184,358,319,295,330,386,410,453,582,1057,1573,2036,1618,1362,846,1185
2022-05-18,270,430786,530669,615327,497275,503529,516983,538347,488648,494973,585192,596286,519716,437038,317125,200257,200372,0,53,42,25,36,42,26,27,14,11,8,4,9,5,2,2,0,86,318562,504129,581065,471567,482851,497137,523766,477935,482126,572250,589598,515335,434678,318680,201305,199768,0,202,35,44,29,36,33,20,20,13,8,12,4,4,2,1,12,8,316,79855,223535,194513,227182,260504,312962,312140,336526,442720,509936,475782,407942,309617,194766,190800,0,1,171,248,163,162,155,160,97,110,85,87,90,55,66,62,82,1,6,257,3706,3534,5160,6903,9935,13657,19905,41521,141386,187134,208047,177272,121339,116967,0,0,2,114,121,171,233,294,375,503,978,1576,2053,1797,1607,1069,1185,0,1,2,67,35,78,76,131,191,245,553,652,891,1044,768,273,256,0,0,0,0,0,1,5,4,4,10,13,18,16,16,24,7,13,365,749671,1114912,1423700,1166924,1218800,1281603,1385141,1292571,1333775,1642236,1837858,1698858,1488749,1123462,717940,708163,0,256,250,431,349,412,452,505,510,647,1092,1697,2172,1877,1701,1141,1292
2022-05-19,270,430827,530703,615355,497292,503541,517004,538357,488664,494979,585200,596293,519724,437040,317132,200261,200375,0,41,34,28,17,12,21,10,16,6,8,7,8,2,7,4,3,86,318724,504177,581096,471600,482883,497159,523792,477947,482141,572258,589603,515342,434684,318683,201312,199772,0,162,48,31,33,32,22,26,12,15,8,5,7,6,3,7,4,8,316,80105,223737,194664,227313,260659,313096,312271,336651,442809,510023,475853,407986,309659,194810,190868,0,0,250,202,151,131,155,134,131,125,89,87,71,44,42,44,68,1,6,257,3808,3629,5323,7116,10174,13974,20369,42455,142727,188891,209559,178522,122197,118188,0,0,0,102,95,163,213,239,317,464,934,1341,1757,1512,1250,858,1221,0,1,2,67,36,79,76,135,193,251,559,665,908,1073,786,287,262,0,0,0,0,1,1,0,4,2,6,6,13,17,29,18,14,6,365,749874,1115244,1424063,1167221,1219139,1282014,1385554,1293049,1334391,1643281,1839311,1700718,1490342,1124782,718867,709465,0,203,332,363,297,339,411,413,478,616,1045,1453,1860,1593,1320,927,1302
2022-05-20,270,430897,530739,615371,497311,503567,517028,538376,488680,494985,585216,596298,519730,437044,317135,200264,200376,0,70,36,16,19,26,24,19,16,6,16,5,6,4,3,3,1,86,318923,504255,581143,471635,482928,497198,523827,477971,482163,572274,589611,515354,434690,318687,201315,199774,0,199,78,47,35,45,39,35,24,22,16,8,12,6,4,3,2,8,317,80511,223975,194815,227463,260802,313240,312429,336784,442936,510110,475923,408032,309698,194828,190902,0,1,406,238,151,150,143,144,158,133,127,87,70,46,39,18,34,1,6,259,3901,3757,5489,7347,10454,14341,20877,43368,144038,190431,210808,179568,122788,118611,0,0,2,93,128,166,231,280,367,508,913,1311,1540,1249,1046,591,423,0,1,2,71,38,81,76,139,201,256,578,674,917,1090,795,289,265,0,0,0,4,2,2,0,4,8,5,19,9,9,17,9,2,3,365,750144,1115766,1424461,1167556,1219528,1282451,1386036,1293622,1335065,1644372,1840731,1702355,1491664,1125883,719484,709928,0,270,522,398,335,389,437,482,573,674,1091,1420,1637,1322,1101,617,463
2022-05-21,270,431010,530791,615391,497331,503582,517056,538398,488697,494992,585237,596302,519736,437046,317139,200268,200379,0,113,52,20,20,15,28,22,17,7,21,4,6,2,4,4,3,86,319321,504395,581182,471669,482980,497239,523855,477996,482196,572290,589623,515358,434695,318689,201315,199777,0,398,140,39,34,52,41,28,25,33,16,12,4,5,2,0,3,8,318,80937,224162,194939,227586,260983,313440,312595,336902,443043,510194,475974,408073,309720,194844,190916,0,1,426,187,124,123,181,200,166,118,107,84,51,41,22,16,14,1,6,262,4028,3886,5650,7559,10768,14689,21365,44220,145143,191702,211784,180307,123271,118917,0,0,3,127,129,161,212,314,348,488,852,1105,1271,976,739,483,306,0,1,2,73,38,82,77,140,204,259,582,682,925,1095,798,290,266,0,0,0,2,0,1,1,1,3,3,4,8,8,5,3,1,1,365,750656,1116387,1424836,1167863,1219880,1282914,1386601,1294181,1335714,1645372,1841944,1703695,1492693,1126653,719988,710255,0,512,621,375,307,352,463,565,559,649,1000,1213,1340,1029,770,504,327
2022-05-22,270,431056,530803,615397,497339,503589,517061,538403,488700,494994,585241,596304,519736,437047,317140,200268,200379,0,46,12,6,8,7,5,5,3,2,4,2,0,1,1,0,0,86,319449,504437,581198,471678,482988,497248,523865,478007,482201,572294,589623,515359,434697,318689,201315,199777,0,128,42,16,9,8,9,10,11,5,4,0,1,2,0,0,0,8,321,81052,224245,194994,227631,261013,313501,312647,336951,443080,510225,475982,408081,309723,194847,190917,0,3,115,83,55,45,30,61,52,49,37,31,8,8,3,3,1,1,6,263,4065,3920,5697,7619,10842,14773,21496,44461,145473,192104,212145,180572,123458,119012,0,0,1,37,34,47,60,74,84,131,241,330,402,361,265,187,95,0,1,2,73,38,83,77,140,205,260,585,684,928,1098,798,290,266,0,0,0,0,0,1,0,0,1,1,3,2,3,3,0,0,0,365,750833,1116557,1424978,1167969,1219988,1283018,1386751,1294332,1335902,1645661,1842309,1704109,1493068,1126922,720178,710351,0,177,170,142,106,108,104,150,151,188,289,365,414,375,269,190,96
2022-05-23,270,431058,530822,615400,497343,503593,517064,538408,488703,494996,585242,596304,519736,437048,317141,200268,200379,0,2,19,3,4,4,3,5,3,2,1,0,0,1,1,0,0,86,319472,504454,581206,471696,482994,497260,523877,478016,482206,572296,589626,515360,434697,318689,201316,199778,0,23,17,8,18,6,12,12,9,5,2,3,1,0,0,1,1,8,321,81124,224312,195035,227663,261057,313535,312671,336984,443104,510243,476001,408088,309732,194850,190924,0,0,72,67,41,32,44,34,24,33,24,18,19,7,9,3,7,1,6,264,4091,3945,5746,7667,10913,14845,21602,44665,145703,192379,212398,180785,123565,119100,0,0,1,26,25,49,48,71,72,106,204,230,275,253,213,107,88,0,1,2,73,38,83,77,140,205,260,586,689,928,1099,798,291,267,0,0,0,0,0,0,0,0,0,0,1,5,0,1,0,1,1,365,750858,1116666,1425082,1168057,1220079,1283125,1386873,1294440,1336048,1645893,1842565,1704404,1493330,1127145,720290,710448,0,25,109,104,88,91,107,122,108,146,232,256,295,262,223,112,97
2022-05-24,270,431102,530851,615416,497363,503614,517078,538421,488717,495006,585252,596309,519740,437053,317147,200272,200380,0,44,29,16,20,21,14,13,14,10,10,5,4,5,6,4,1,86,319618,504489,581236,471732,483020,497301,523894,478033,482222,572300,589630,515372,434700,318694,201320,199786,0,146,35,30,36,26,41,17,17,16,4,4,12,3,5,4,8,8,321,81368,224508,195141,227766,261176,313640,312802,337067,443195,510297,476052,408131,309765,194875,190988,0,0,244,196,106,103,119,105,131,83,91,54,51,43,33,25,64,1,6,266,4184,4053,5884,7838,11139,15138,21970,45421,146718,193647,213400,181614,124111,119843,0,0,2,93,108,138,171,226,293,368,756,1015,1268,1002,829,546,743,0,1,2,73,39,86,79,144,209,265,592,693,936,1108,801,294,268,0,0,0,0,1,3,2,4,4,5,6,4,8,9,3,3,1,365,751048,1116976,1425417,1168328,1220370,1283472,1387238,1294899,1336530,1646760,1843647,1705747,1494392,1128021,720872,711265,0,190,310,335,271,291,347,365,459,482,867,1082,1343,1062,876,582,817
2022-05-25,270,431135,530876,615440,497395,503632,517091,538440,488733,495011,585261,596314,519743,437055,317148,200273,200383,0,33,25,24,32,18,13,19,16,5,9,5,3,2,1,1,3,86,319782,504536,581267,471762,483059,497329,523913,478049,482242,572306,589637,515385,434707,318697,201322,199790,0,164,47,31,30,39,28,19,16,20,6,7,13,7,3,2,4,8,321,81630,224703,195266,227887,261280,313798,312927,337177,443286,510361,476103,408172,309803,194909,191051,0,0,262,195,125,121,104,158,125,110,91,64,51,41,38,34,63,1,6,266,4268,4150,5998,7987,11333,15384,22359,46179,147678,194859,214420,182490,124648,120506,0,0,0,84,97,114,149,194,246,389,758,960,1212,1020,876,537,663,0,1,2,73,43,87,79,145,212,271,597,705,956,1120,807,299,271,0,0,0,0,4,1,0,1,3,6,5,12,20,12,6,5,3,365,751245,1117310,1425751,1168616,1220663,1283766,1387629,1295305,1337060,1647629,1844695,1707046,1495474,1128945,721451,712001,0,197,334,334,288,293,294,391,406,530,869,1048,1299,1082,924,579,736
2022-05-26,270,431186,530903,615462,497410,503659,517112,538466,488737,495022,585268,596322,519746,437056,317151,200273,200383,0,51,27,22,15,27,21,26,4,11,7,8,3,1,3,0,0,86,319971,504592,581313,471793,483085,497362,523945,478065,482261,572315,589651,515389,434711,318702,201324,199795,0,189,56,46,31,26,33,32,16,19,9,14,4,4,5,2,5,8,324,81796,224883,195369,228009,261393,313922,313020,337284,443363,510427,476167,408220,309837,194929,191087,0,3,166,180,103,122,113,124,93,107,77,66,64,48,34,20,36,1,6,270,4346,4238,6117,8132,11545,15621,22713,46856,148737,196192,215560,183407,125185,121161,0,0,4,78,88,119,145,212,237,354,677,1059,1333,1140,917,537,655,0,1,3,73,43,88,80,147,218,276,603,712,971,1129,816,301,273,0,0,1,0,0,1,1,2,6,5,6,7,15,9,9,2,2,365,751488,1117564,1426077,1168853,1220958,1284079,1388025,1295661,1337556,1648405,1845849,1708465,1496676,1129913,722012,712699,0,243,254,326,237,295,313,396,356,496,776,1154,1419,1202,968,561,698
2022-05-27,270,431247,530944,615484,497431,503675,517140,538485,488750,495028,585273,596324,519756,437059,317152,200275,200383,0,61,41,22,21,16,28,19,13,6,5,2,10,3,1,2,0,86,320207,504698,581347,471823,483125,497393,523975,478100,482285,572327,589664,515395,434714,318707,201326,199798,0,236,106,34,30,40,31,30,35,24,12,13,6,3,5,2,3,8,324,82231,225067,195489,228168,261551,314074,313182,337411,443467,510473,476228,408260,309861,194948,191133,0,0,435,184,120,159,158,152,162,127,104,46,61,40,24,19,46,1,6,271,4411,4325,6251,8312,11776,15927,23105,47557,149735,197349,216520,184068,125606,121651,0,0,1,65,87,134,180,231,306,392,701,998,1157,960,661,421,490,0,1,3,73,44,88,82,151,223,280,608,719,978,1136,823,303,275,0,0,0,0,1,0,2,4,5,4,5,7,7,7,7,2,2,365,751785,1118147,1426382,1169112,1221307,1284478,1388461,1296182,1338109,1649232,1846915,1709706,1497689,1130611,722458,713240,0,297,583,305,259,349,399,436,521,553,827,1066,1241,1013,698,446,541
2022-05-28,270,431355,530998,615509,497460,503703,517166,538508,488768,495047,585284,596333,519758,437064,317153,200276,200383,0,108,54,25,29,28,26,23,18,19,11,9,2,5,1,1,0,86,320583,504841,581388,471854,483165,497442,524010,478149,482314,572345,589674,515398,434721,318710,201328,199800,0,376,143,41,31,40,49,35,49,29,18,10,3,7,3,2,2,8,324,82735,225272,195602,228264,261692,314269,313360,337556,443556,510539,476287,408278,309876,194960,191143,0,0,504,205,113,96,141,195,178,145,89,66,59,18,15,12,10,1,6,271,4496,4417,6372,8450,12025,16216,23509,48151,150592,198303,217303,184616,125972,121881,0,0,0,85,92,121,138,249,289,404,594,857,954,783,548,366,230,0,1,3,74,46,88,82,153,224,281,619,729,988,1140,828,306,276,0,0,0,1,2,0,0,2,1,1,11,10,10,4,5,3,1,365,752269,1118848,1426739,1169379,1221592,1284832,1388965,1296717,1338707,1649955,1847867,1710734,1498506,1131183,722842,713483,0,484,701,357,267,285,354,504,535,598,723,952,1028,817,572,384,243
2022-05-29,270,431381,531012,615519,497463,503707,517170,538511,488770,495048,585288,596333,519760,437065,317153,200276,200385,0,26,14,10,3,4,4,3,2,1,4,0,2,1,0,0,2,86,320719,504886,581396,471862,483175,497457,524032,478154,482321,572356,589677,515399,434721,318711,201328,199800,0,136,45,8,8,10,15,22,5,7,11,3,1,0,1,0,0,8,325,82865,225339,195647,228312,261757,314325,313408,337606,443588,510559,476296,408286,309881,194961,191146,0,1,130,67,45,48,65,56,48,50,32,20,9,8,5,1,3,1,6,274,4523,4447,6403,8498,12095,16326,23653,48368,150916,198658,217603,184825,126121,121994,0,0,3,27,30,31,48,70,110,144,217,324,355,300,209,149,113,0,1,3,74,46,88,82,154,224,281,621,733,991,1142,828,307,277,0,0,0,0,0,0,0,1,0,0,2,4,3,2,0,1,1,365,752432,1119040,1426851,1169465,1221685,1284964,1389117,1296882,1338909,1650221,1848218,1711104,1498817,1131398,722993,713602,0,163,192,112,86,93,132,152,165,202,266,351,370,311,215,151,119
2022-05-30,270,431410,531026,615531,497472,503718,517187,538521,488777,495053,585295,596338,519764,437069,317154,200279,200386,0,29,14,12,9,11,17,10,7,5,7,5,4,4,1,3,1,87,320795,504931,581427,471885,483200,497482,524047,478183,482343,572365,589687,515404,434724,318714,201332,199801,1,76,45,31,23,25,25,15,29,22,9,10,5,3,3,4,1,8,325,82982,225495,195728,228401,261846,314412,313475,337669,443637,510586,476326,408312,309891,194974,191164,0,0,117,156,81,89,89,87,67,63,49,27,30,26,10,13,18,1,6,277,4570,4501,6479,8582,12233,16482,23871,48708,151374,199283,218199,185265,126413,122337,0,0,3,47,54,76,84,138,156,218,340,458,625,596,440,292,343,0,1,3,75,46,89,83,155,227,285,624,739,1001,1147,832,309,277,0,0,0,1,0,1,1,1,3,4,3,6,10,5,4,2,0,366,752537,1119219,1427098,1169632,1221887,1285180,1389368,1297144,1339221,1650629,1848724,1711778,1499451,1131856,723307,713965,1,105,179,247,167,202,216,251,262,312,408,506,674,634,458,314,363
2022-05-31,270,431447,531045,615549,497492,503728,517208,538533,488789,495063,585299,596345,519768,437073,317158,200280,200386,0,37,19,18,20,10,21,12,12,10,4,7,4,4,4,1,0,87,320882,504981,581467,471915,483234,497513,524067,478203,482358,572373,589691,515408,434728,318717,201336,199806,0,87,50,40,30,34,31,20,20,15,8,4,4,4,3,4,5,8,326,83085,225630,195809,228495,261943,314517,313570,337732,443695,510644,476364,408331,309916,194990,191198,0,1,103,135,81,94,97,105,95,63,58,58,38,19,25,16,34,1,6,280,4625,4564,6571,8711,12383,16659,24120,49147,152114,200190,218903,185813,126765,122807,0,0,3,55,63,92,129,150,177,249,439,740,907,704,548,352,470,0,1,3,76,46,90,84,158,230,289,629,746,1007,1152,837,313,279,0,0,0,1,0,1,1,3,3,4,5,7,6,5,5,4,2,366,752662,1119394,1427347,1169826,1222118,1285459,1389658,1297451,1339562,1651143,1849540,1712737,1500187,1132441,723684,714476,0,125,175,249,194,231,279,290,307,341,514,816,959,736,585,377,511
2022-06-01,270,431476,531066,615567,497504,503745,517221,538547,488796,495067,585303,596352,519774,437080,317160,200281,200390,0,29,21,18,12,17,13,14,7,4,4,7,6,7,2,1,4,87,320958,505025,581511,471940,483265,497540,524096,478222,482369,572384,589696,515412,434728,318721,201337,199810,0,76,44,44,25,31,27,29,19,11,11,5,4,0,4,1,4,8,326,83225,225797,195904,228577,262062,314624,313672,337810,443756,510691,476388,408361,309952,195019,191242,0,0,140,167,95,82,119,107,102,78,61,47,24,30,36,29,44,1,6,280,4681,4643,6658,8852,12528,16833,24376,49568,152708,200895,219574,186370,127164,123318,0,0,0,56,79,87,141,145,174,256,421,594,705,671,557,399,511,0,1,3,76,46,90,86,160,232,293,633,752,1016,1162,843,319,287,0,0,0,0,0,0,2,2,2,4,4,6,9,10,6,6,8,366,752767,1119599,1427632,1170037,1222335,1285761,1389955,1297755,1339915,1651644,1850199,1713485,1500905,1133046,724120,715047,0,105,205,285,211,217,302,297,304,353,501,659,748,718,605,436,571
2022-06-02,270,431511,531084,615580,497516,503758,517238,538557,488809,495082,585307,596354,519778,437083,317164,200281,200394,0,35,18,13,12,13,17,10,13,15,4,2,4,3,4,0,4,87,321056,505089,581550,471963,483296,497577,524120,478238,482396,572392,589704,515417,434732,318724,201339,199816,0,98,64,39,23,31,37,24,16,27,8,8,5,4,3,2,6,8,326,83395,225951,195987,228648,262167,314715,313758,337891,443824,510730,476419,408389,309972,195039,191279,0,0,170,154,83,71,105,91,86,81,68,39,31,28,20,20,37,1,6,280,4726,4707,6737,8933,12644,16993,24577,49931,153213,201547,220130,186785,127435,123583,0,0,0,45,64,79,81,116,160,201,363,505,652,556,415,271,265,0,1,3,76,46,91,86,162,234,295,637,760,1025,1166,846,322,290,0,0,0,0,0,1,0,2,2,2,4,8,9,4,3,3,3,366,752900,1119851,1427883,1170219,1222530,1286001,1390198,1298032,1340241,1652091,1850761,1714186,1501500,1133491,724416,715362,0,133,252,251,182,195,240,243,277,326,447,562,701,595,445,296,315
2022-06-03,270,431562,531107,615601,497530,503770,517262,538582,488824,495092,585316,596361,519781,437087,317166,200281,200397,0,51,23,21,14,12,24,25,15,10,9,7,3,4,2,0,3,87,321244,505192,581590,471995,483328,497608,524149,478266,482424,572401,589707,515422,434735,318725,201342,199819,0,188,103,40,32,32,31,29,28,28,9,3,5,3,1,3,3,8,327,83631,226094,196106,228745,262279,314870,313892,338010,443906,510776,476453,408421,309991,195057,191295,0,1,236,143,119,97,112,155,134,119,82,46,34,32,19,18,16,1,6,284,4796,4769,6816,9049,12784,17176,24780,50295,153739,202174,220614,187190,127699,123800,0,0,4,70,62,79,116,140,183,203,364,526,627,484,405,264,217,0,1,3,76,46,92,87,164,238,303,643,772,1035,1173,848,324,291,0,0,0,0,0,1,1,2,4,8,6,12,10,7,2,2,1,366,753140,1120217,1428157,1170446,1222751,1286285,1390549,1298396,1340609,1652561,1851355,1714865,1502030,1133920,724703,715602,0,240,366,274,227,221,284,351,364,368,470,594,679,530,429,287,240
2022-06-04,270,431674,531141,615618,497547,503787,517284,538592,488844,495109,585324,596365,519785,437091,317167,200282,200397,0,112,34,17,17,17,22,10,20,17,8,4,4,4,1,1,0,87,321643,505361,581629,472028,483374,497649,524190,478305,482451,572421,589715,515428,434742,318729,201345,199820,0,399,169,39,33,46,41,41,39,27,20,8,6,7,4,3,1,8,327,84036,226270,196192,228848,262411,315059,314070,338133,444008,510826,476476,408435,310003,195064,191302,0,0,405,176,86,103,132,189,178,123,102,50,23,14,12,7,7,1,6,289,4870,4842,6899,9160,12978,17353,25025,50663,154267,202683,221010,187484,127859,123880,0,0,5,74,73,83,111,194,177,245,368,528,509,396,294,160,80,0,1,3,77,47,93,88,165,242,304,646,776,1042,1178,850,324,291,0,0,0,1,1,1,1,1,4,1,3,4,7,5,2,0,0,366,753651,1120830,1428464,1170656,1223001,1286592,1390984,1298814,1341022,1653062,1851949,1715414,1502456,1134233,724874,715690,0,511,613,307,210,250,307,435,418,413,501,594,549,426,313,171,88
2022-06-05,270,431700,531155,615621,497551,503788,517285,538592,488846,495111,585324,596365,519785,437092,317167,200282,200398,0,26,14,3,4,1,1,0,2,2,0,0,0,1,0,0,1,87,321738,505409,581641,472036,483379,497653,524204,478319,482460,572421,589715,515429,434743,318729,201345,199820,0,95,48,12,8,5,4,14,14,9,0,0,1,1,0,0,0,8,329,84136,226309,196223,228880,262441,315104,314123,338168,444020,510831,476480,408439,310007,195068,191306,0,2,100,39,31,32,30,45,53,35,12,5,4,4,4,4,4,1,6,290,4894,4869,6932,9189,13037,17412,25108,50803,154477,202916,221220,187669,127949,123928,0,0,1,24,27,33,29,59,59,83,140,210,233,210,185,90,48,0,1,3,77,48,93,88,165,242,305,646,778,1042,1179,851,325,292,0,0,0,0,1,0,0,0,0,1,0,2,0,1,1,1,1,366,753774,1120993,1428542,1170727,1223072,1286656,1391102,1298942,1341152,1653214,1852166,1715652,1502673,1134423,724969,715744,0,123,163,78,71,71,64,118,128,130,152,217,238,217,190,95,54
2022-06-06,270,431708,531169,615635,497572,503800,517294,538602,488856,495119,585329,596371,519791,437095,317169,200283,200400,0,8,14,14,21,12,9,10,10,8,5,6,6,3,2,1,2,87,321772,505448,581667,472052,483401,497676,524231,478339,482468,572427,589720,515432,434746,318729,201346,199820,0,34,39,26,16,22,23,27,20,8,6,5,3,3,0,1,0,8,330,84238,226444,196303,228956,262539,315191,314202,338222,444082,510858,476501,408457,310017,195076,191312,0,1,102,135,80,76,98,87,79,54,62,27,21,18,10,8,6,1,6,291,4938,4928,7011,9279,13176,17547,25265,51137,154831,203422,221607,187989,128114,124065,0,0,1,44,59,79,90,139,135,157,334,354,506,387,320,165,137,0,1,3,77,48,94,90,166,246,309,651,782,1053,1189,862,332,293,0,0,0,0,0,1,2,1,4,4,5,4,11,10,11,7,1,366,753817,1121149,1428761,1170903,1223262,1286878,1391366,1299190,1341383,1653626,1852562,1716199,1503094,1134766,725151,715890,0,43,156,219,176,190,222,264,248,231,412,396,547,421,343,182,146
2022-06-07,271,431735,531190,615650,497595,503835,517327,538614,488870,495126,585333,596377,519795,437100,317171,200284,200401,1,27,21,15,23,35,33,12,14,7,4,6,4,5,2,1,1,87,321849,505496,581714,472078,483434,497704,524257,478358,482479,572438,589724,515436,434746,318732,201348,199821,0,77,48,47,26,33,28,26,19,11,11,4,4,0,3,2,1,8,331,84369,226611,196387,229028,262631,315305,314303,338284,444130,510885,476535,408478,310033,195089,191340,0,1,131,167,84,72,92,114,101,62,48,27,34,21,16,13,28,1,6,291,4993,4970,7092,9361,13287,17713,25455,51485,155381,204060,222146,188408,128369,124370,0,0,0,55,42,81,82,111,166,190,348,550,638,539,419,255,305,0,1,3,78,49,94,91,167,249,317,657,795,1064,1198,874,341,297,0,0,0,1,1,0,1,1,3,8,6,13,11,9,12,9,4,367,753922,1121349,1429046,1171079,1223483,1287114,1391630,1299493,1341661,1654043,1853162,1716890,1503668,1135218,725431,716229,1,105,200,285,176,221,236,264,303,278,417,600,691,574,452,280,339
2022-06-08,271,431764,531212,615665,497606,503849,517339,538618,488883,495134,585336,596383,519799,437101,317171,200286,200402,0,29,22,15,11,14,12,4,13,8,3,6,4,1,0,2,1,87,321930,505558,581746,472101,483454,497728,524284,478367,482494,572448,589729,515437,434747,318734,201350,199822,0,81,62,32,23,20,24,27,9,15,10,5,1,1,2,2,1,8,331,84492,226759,196463,229126,262718,315410,314418,338361,444181,510921,476567,408505,310050,195103,191372,0,0,123,148,76,98,87,105,115,77,51,36,32,27,17,14,32,1,6,293,5043,5032,7169,9466,13426,17883,25665,51838,155828,204568,222578,188771,128627,124659,0,0,2,50,62,77,105,139,170,210,353,447,508,432,363,258,289,0,1,3,79,50,96,91,167,251,317,662,807,1070,1214,881,348,302,0,0,0,1,1,2,0,0,2,0,5,12,6,16,7,7,5,367,754032,1121558,1429292,1171252,1223694,1287342,1391905,1299802,1341971,1654465,1853668,1717441,1504145,1135607,725714,716557,0,110,209,246,173,211,228,275,309,310,422,506,551,477,389,283,328
2022-06-09,271,431795,531230,615683,497618,503860,517357,538626,488895,495141,585345,596389,519799,437105,317175,200287,200403,0,31,18,18,12,11,18,8,12,7,9,6,0,4,4,1,1,87,322053,505641,581771,472144,483478,497761,524307,478397,482507,572466,589738,515447,434751,318736,201350,199833,0,123,83,25,43,24,33,23,30,13,18,9,10,4,2,0,11,8,333,84682,226893,196547,229220,262796,315524,314501,338453,444236,510965,476599,408533,310069,195121,191388,0,2,190,134,84,94,78,114,83,92,55,44,32,28,19,18,16,1,6,295,5090,5088,7245,9549,13540,18032,25860,52203,156380,205294,223156,189262,128918,124972,0,0,2,47,56,76,83,114,149,195,365,552,726,578,491,291,313,0,1,3,79,52,96,91,170,255,319,665,816,1082,1226,888,359,307,0,0,0,0,2,0,0,3,4,2,3,9,12,12,7,11,5,367,754188,1121851,1429516,1171449,1223899,1287554,1392167,1300080,1342280,1654915,1854288,1718221,1504771,1136130,726035,716903,0,156,293,224,197,205,212,262,278,309,450,620,780,626,523,321,346
2022-06-10,272,431845,531263,615699,497643,503885,517375,538649,488914,495153,585355,596389,519805,437108,317175,200287,200403,1,50,33,16,25,25,18,23,19,12,10,0,6,3,0,0,0,87,322218,505759,581807,472174,483512,497787,524347,478422,482523,572480,589747,515455,434756,318737,201351,199834,0,165,118,36,30,34,26,40,25,16,14,9,8,5,1,1,1,8,335,84921,227045,196639,229327,262907,315668,314634,338554,444309,511017,476628,408561,310092,195129,191398,0,2,239,152,92,107,111,144,133,101,73,52,29,28,23,8,10,1,6,297,5133,5146,7347,9655,13695,18233,26108,52631,157014,206029,223755,189708,129165,125207,0,0,2,43,58,102,106,155,201,248,428,634,735,599,446,247,235,0,1,3,79,53,98,91,171,257,319,673,830,1089,1233,895,360,307,0,0,0,0,1,2,0,1,2,0,8,14,7,7,7,1,0,368,754405,1122243,1429763,1171655,1224169,1287815,1392530,1300460,1342657,1655448,1854997,1719006,1505413,1136607,726292,717149,1,217,392,247,206,270,261,363,380,377,533,709,785,642,477,257,246
2022-06-11,272,431917,531299,615713,497653,503895,517391,538670,488923,495165,585365,596394,519811,437114,317179,200287,200405,0,72,36,14,10,10,16,21,9,12,10,5,6,6,4,0,2,87,322514,505909,581846,472197,483540,497828,524378,478451,482551,572499,589758,515460,434761,318737,201353,199835,0,296,150,39,23,28,41,31,29,28,19,11,5,5,0,2,1,8,336,85275,227165,196712,229409,263008,315783,314752,338648,444367,511047,476647,408574,310102,195140,191403,0,1,354,120,73,82,101,115,118,94,58,30,19,13,10,11,5,1,6,299,5181,5199,7411,9739,13836,18427,26341,52993,157506,206524,224200,190025,129332,125312,0,0,2,48,53,64,84,141,194,233,362,492,495,445,317,167,105,0,1,3,80,54,98,91,172,260,320,680,832,1093,1237,899,360,307,0,0,0,1,1,0,0,1,3,1,7,2,4,4,4,0,0,368,754774,1122785,1429985,1171815,1224353,1288057,1392839,1300813,1343025,1655904,1855537,1719535,1505886,1136942,726472,717262,0,369,542,222,160,184,242,309,353,368,456,540,529,473,335,180,113
2022-06-12,272,431940,531307,615724,497657,503899,517395,538676,488925,495168,585366,596396,519812,437115,317180,200287,200405,0,23,8,11,4,4,4,6,2,3,1,2,1,1,1,0,0,87,322599,505963,581857,472205,483549,497844,524391,478466,482565,572506,589761,515463,434761,318738,201353,199836,0,85,54,11,8,9,16,13,15,14,7,3,3,0,1,0,1,8,340,85362,227220,196758,229442,263053,315830,314805,338699,444385,511051,476654,408576,310104,195142,191403,0,4,87,55,46,33,45,47,53,51,18,4,7,2,2,2,0,1,6,302,5202,5217,7443,9775,13890,18487,26415,53124,157688,206748,224413,190203,129424,125356,0,0,3,21,18,32,36,54,60,74,131,182,224,213,178,92,44,0,1,3,80,54,98,91,172,260,321,681,833,1093,1238,900,360,307,0,0,0,0,0,0,0,0,0,1,1,1,0,1,1,0,0,368,754886,1122937,1430083,1171891,1224431,1288158,1392959,1300943,1343168,1656062,1855729,1719770,1506103,1137125,726566,717307,0,112,152,98,76,78,101,120,130,143,158,192,235,217,183,94,45
2022-06-13,272,431954,531318,615739,497669,503910,517399,538687,488928,495175,585371,596401,519816,437116,317183,200288,200406,0,14,11,15,12,11,4,11,3,7,5,5,4,1,3,1,1,87,322652,506013,581894,472217,483569,497869,524412,478476,482584,572513,589761,515466,434764,318743,201353,199838,0,53,50,37,12,20,25,21,10,19,7,0,3,3,5,0,2,8,343,85467,227370,196846,229518,263127,315910,314877,338765,444422,511089,476671,408593,310119,195160,191420,0,3,105,150,88,76,74,80,72,66,37,38,17,17,15,18,17,1,6,302,5244,5264,7509,9843,13992,18614,26560,53364,158042,207226,224817,190476,129585,125497,0,0,0,42,47,66,68,102,127,145,240,354,478,404,273,161,141,0,1,3,80,54,99,92,178,262,324,687,846,1107,1254,906,370,317,0,0,0,0,0,1,1,6,2,3,6,13,14,16,6,10,10,368,754956,1123103,1430327,1172050,1224605,1288330,1393179,1301157,1343408,1656357,1856139,1720286,1506544,1137427,726756,717478,0,70,166,244,159,174,172,220,214,240,295,410,516,441,302,190,171
2022-06-14,272,431981,531326,615755,497678,503920,517405,538693,488934,495181,585378,596405,519820,437120,317184,200289,200406,0,27,8,16,9,10,6,6,6,6,7,4,4,4,1,1,0,87,322742,506059,581921,472241,483584,497885,524426,478492,482598,572519,589768,515472,434765,318744,201355,199839,0,90,46,27,24,15,16,14,16,14,6,7,6,1,1,2,1,8,343,85581,227507,196920,229607,263232,316028,314966,338828,444475,511127,476693,408610,310134,195183,191448,0,0,114,137,74,89,105,118,89,63,53,38,22,17,15,23,28,1,6,302,5292,5312,7579,9911,14137,18751,26755,53652,158463,207730,225268,190824,129881,125923,0,0,0,48,48,70,68,145,137,195,288,421,504,451,348,296,426,0,1,3,80,55,99,92,180,263,325,694,851,1115,1266,918,376,324,0,0,0,0,1,0,0,2,1,1,7,5,8,12,12,6,7,368,755073,1123271,1430555,1172206,1224789,1288525,1393464,1301406,1343687,1656718,1856614,1720830,1507029,1137804,727084,717940,0,117,168,228,156,184,195,285,249,279,361,475,544,485,377,328,462
2022-06-15,272,432017,531338,615767,497688,503930,517412,538699,488939,495187,585382,596406,519820,437121,317186,200291,200406,0,36,12,12,10,10,7,6,5,6,4,1,0,1,2,2,0,87,322823,506108,581938,472257,483599,497894,524439,478510,482609,572524,589772,515479,434768,318746,201356,199843,0,81,49,17,16,15,9,13,18,11,5,4,7,3,2,1,4,8,343,85709,227656,197012,229689,263303,316108,315053,338910,444545,511158,476722,408637,310154,195196,191473,0,0,128,149,92,82,71,80,87,82,70,31,29,27,20,13,25,1,6,304,5349,5361,7641,9998,14264,18880,26971,54003,158995,208399,225819,191244,130125,126245,0,0,2,57,49,62,87,127,129,216,351,532,669,551,420,244,322,0,1,3,80,58,100,94,180,265,332,708,854,1124,1276,933,383,338,0,0,0,0,3,1,2,0,2,7,14,3,9,10,15,7,14,368,755190,1123462,1430790,1172376,1224959,1288701,1393690,1301647,1344009,1657162,1857185,1721544,1507621,1138263,727351,718305,0,117,191,235,170,170,176,226,241,322,444,571,714,592,459,267,365
2022-06-16,272,432045,531351,615782,497700,503941,517420,538711,488943,495193,585387,596409,519822,437122,317189,200292,200406,0,28,13,15,12,11,8,12,4,6,5,3,2,1,3,1,0,87,322923,506146,581961,472279,483619,497911,524451,478525,482617,572536,589778,515491,434772,318746,201357,199849,0,100,38,23,22,20,17,12,15,8,12,6,12,4,0,1,6,8,344,85833,227791,197092,229764,263370,316196,315144,338969,444591,511205,476747,408656,310171,195214,191497,0,1,124,135,80,75,67,88,91,59,46,47,25,19,17,18,24,1,6,305,5395,5413,7704,10091,14377,19029,27186,54361,159515,209004,226334,191692,130428,126714,0,0,1,46,52,63,93,113,149,215,358,520,605,515,448,303,469,0,1,4,80,58,100,96,181,266,336,720,866,1140,1289,946,386,344,0,0,1,0,0,0,2,1,1,4,12,12,16,13,13,3,6,368,755319,1123639,1431009,1172542,1225128,1288888,1393916,1301907,1344301,1657595,1857773,1722204,1508173,1138744,727677,718810,0,129,177,219,166,169,187,226,260,292,433,588,660,552,481,326,505
2022-06-17,272,432086,531363,615792,497722,503963,517434,538721,488950,495198,585394,596413,519826,437128,317193,200293,200408,0,41,12,10,22,22,14,10,7,5,7,4,4,6,4,1,2,87,323065,506213,581986,472295,483641,497938,524481,478545,482633,572542,589784,515495,434774,318747,201357,199851,0,142,67,25,16,22,27,30,20,16,6,6,4,2,1,0,2,8,345,86063,227945,197201,229849,263493,316312,315254,339046,444656,511246,476776,408671,310182,195219,191506,0,1,230,154,109,85,123,116,110,77,65,41,29,15,11,5,9,1,6,307,5463,5460,7817,10230,14560,19228,27428,54783,160113,209683,226836,192084,130610,126891,0,0,2,68,47,113,139,183,199,242,422,598,679,502,392,182,177,0,1,4,81,58,100,97,183,269,339,729,869,1148,1297,950,389,344,0,0,0,1,0,0,1,2,3,3,9,3,8,8,4,3,0,368,755503,1123950,1431267,1172736,1225370,1289192,1394257,1302246,1344644,1658104,1858425,1722928,1508706,1139156,727868,719000,0,184,311,258,194,242,304,341,339,343,509,652,724,533,412,191,190
2022-06-18,272,432183,531381,615803,497728,503974,517440,538726,488956,495203,585398,596422,519830,437131,317194,200294,200408,0,97,18,11,6,11,6,5,6,5,4,9,4,3,1,1,0,87,323398,506325,582029,472319,483669,497961,524517,478569,482652,572572,589793,515501,434781,318748,201358,199851,0,333,112,43,24,28,23,36,24,19,30,9,6,7,1,1,0,8,350,86358,228082,197281,229929,263603,316427,315393,339134,444737,511279,476802,408693,310187,195226,191512,0,5,295,137,80,80,110,115,139,88,81,33,26,22,5,7,6,1,6,310,5515,5517,7911,10357,14728,19461,27707,55161,160542,210184,227241,192370,130759,126988,0,0,3,52,57,94,127,168,233,279,378,429,501,405,286,149,97,0,1,4,82,59,100,99,185,272,340,737,873,1154,1303,953,391,347,0,0,0,1,1,0,2,2,3,1,8,4,6,6,3,2,3,368,755938,1124378,1431511,1172904,1225583,1289460,1394583,1302651,1345036,1658605,1858909,1723471,1509149,1139452,728028,719106,0,435,428,244,168,213,268,326,405,392,501,484,543,443,296,160,106
2022-06-19,272,432203,531383,615815,497730,503975,517442,538726,488958,495208,585401,596423,519832,437131,317195,200295,200408,0,20,2,12,2,1,2,0,2,5,3,1,2,0,1,1,0,87,323480,506360,582038,472330,483680,497971,524522,478572,482656,572574,589796,515504,434782,318748,201358,199851,0,82,35,9,11,11,10,5,3,4,2,3,3,1,0,0,0,8,352,86450,228126,197323,229957,263647,316485,315430,339162,444763,511292,476810,408696,310192,195230,191513,0,2,92,44,42,28,44,58,37,28,26,13,8,3,5,4,1,1,6,310,5533,5546,7935,10394,14773,19528,27787,55273,160714,210421,227425,192513,130836,127028,0,0,0,18,29,24,37,45,67,80,112,172,237,184,143,77,40,0,1,4,82,59,100,99,186,273,340,737,874,1154,1303,953,391,348,0,0,0,0,0,0,0,1,1,0,0,1,0,0,0,0,1,368,756042,1124507,1431594,1172988,1225647,1289553,1394692,1302761,1345153,1658748,1859099,1723721,1509337,1139601,728110,719148,0,104,129,83,84,64,93,109,110,117,143,190,250,188,149,82,42
2022-06-20,272,432214,531390,615825,497736,503981,517444,538729,488962,495211,585406,596425,519835,437136,317198,200298,200408,0,11,7,10,6,6,2,3,4,3,5,2,3,5,3,3,0,87,323507,506386,582055,472344,483694,497985,524527,478580,482663,572578,589798,515507,434783,318751,201359,199852,0,27,26,17,14,14,14,5,8,7,4,2,3,1,3,1,1,8,353,86608,228244,197396,230024,263721,316551,315489,339202,444798,511314,476833,408711,310201,195238,191523,0,1,158,118,73,67,74,66,59,40,35,22,23,15,9,8,10,1,6,311,5587,5585,7998,10479,14875,19634,27944,55493,161030,210797,227767,192762,131029,127310,0,0,1,54,39,63,85,102,106,157,220,316,376,342,249,193,282,0,1,4,82,60,101,99,186,276,344,739,881,1160,1308,954,392,351,0,0,0,0,1,1,0,0,3,4,2,7,6,5,1,1,3,368,756081,1124699,1431793,1173121,1225798,1289728,1394868,1302941,1345364,1659014,1859448,1724132,1509705,1139866,728316,719444,0,39,192,199,133,151,175,176,180,211,266,349,411,368,265,206,296
2022-06-21,272,432247,531397,615836,497750,503993,517456,538740,488969,495214,585411,596427,519844,437139,317200,200298,200411,0,33,7,11,14,12,12,11,7,3,5,2,9,3,2,0,3,87,323582,506427,582073,472363,483712,497998,524543,478596,482669,572589,589802,515513,434785,318753,201359,199854,0,75,41,18,19,18,13,16,16,6,11,4,6,2,2,0,2,8,355,86813,228375,197492,230090,263811,316651,315580,339275,444831,511348,476851,408720,310216,195243,191541,0,2,205,131,96,66,90,100,91,73,33,34,18,9,15,5,18,1,6,314,5642,5633,8079,10563,14972,19786,28115,55830,161491,211358,228234,193136,131229,127601,0,0,3,55,48,81,84,97,152,171,337,461,561,467,374,200,291,0,1,4,82,60,101,99,188,278,345,741,885,1166,1314,961,394,356,0,0,0,0,0,0,0,2,2,1,2,4,6,6,7,2,5,368,756191,1124955,1432008,1173298,1225975,1289927,1395094,1303209,1345618,1659402,1859953,1724732,1510192,1140266,728523,719763,0,110,256,215,177,177,199,226,268,254,388,505,600,487,400,207,319
2022-06-22,272,432286,531405,615850,497756,504005,517464,538748,488976,495215,585414,596431,519849,437143,317203,200301,200415,0,39,8,14,6,12,8,8,7,1,3,4,5,4,3,3,4,87,323661,506491,582093,472387,483736,498014,524570,478604,482679,572596,589806,515518,434788,318757,201362,199862,0,79,64,20,24,24,16,27,8,10,7,4,5,3,4,3,8,8,358,87038,228504,197577,230162,263897,316737,315648,339340,444874,511386,476876,408754,310241,195256,191562,0,3,225,129,85,72,86,86,68,65,43,38,25,34,25,13,21,1,6,314,5692,5677,8150,10647,15101,19928,28282,56160,161916,211853,228678,193479,131475,127814,0,0,0,50,44,71,84,129,142,167,330,425,495,444,343,246,213,0,1,4,83,61,102,99,190,281,347,748,891,1176,1324,963,398,360,0,0,0,1,1,1,0,2,3,2,7,6,10,10,2,4,4,368,756312,1125252,1432222,1173458,1226155,1290121,1395346,1303437,1345863,1659792,1860430,1725272,1510687,1140643,728792,720013,0,121,297,214,160,180,194,252,228,245,390,477,540,495,377,269,250
2022-06-23,272,432334,531408,615865,497766,504021,517471,538762,488980,495222,585419,596436,519850,437143,317204,200302,200415,0,48,3,15,10,16,7,14,4,7,5,5,1,0,1,1,0,87,323819,506567,582114,472401,483754,498041,524587,478617,482688,572605,589811,515522,434789,318758,201362,199865,0,158,76,21,14,18,27,17,13,9,9,5,4,1,1,0,3,8,359,87299,228655,197666,230250,263988,316834,315735,339414,444939,511423,476899,408769,310251,195270,191573,0,1,261,151,89,88,91,97,87,74,65,37,23,15,10,14,11,1,6,314,5750,5743,8244,10733,15250,20103,28534,56528,162341,212372,229148,193801,131699,128070,0,0,0,58,66,94,86,149,175,252,368,425,519,470,322,224,256,0,1,4,83,62,102,100,192,283,350,753,899,1189,1333,968,403,363,0,0,0,0,1,0,1,2,2,3,5,8,13,9,5,5,3,368,756519,1125592,1432467,1173638,1226371,1290333,1395625,1303718,1346208,1660244,1860910,1725832,1511182,1140982,729036,720286,0,207,340,245,180,216,212,279,281,345,452,480,560,495,339,244,273
2022-06-24,273,432338,531410,615869,497767,504025,517475,538767,488983,495222,585420,596436,519850,437143,317204,200302,200415,1,4,2,4,1,4,4,5,3,0,1,0,0,0,0,0,0,87,323829,506576,582122,472406,483760,498047,524592,478621,482690,572610,589812,515523,434789,318761,201363,199865,0,10,9,8,5,6,6,5,4,2,5,1,1,0,3,1,0,8,359,87323,228672,197671,230261,263999,316849,315750,339428,444946,511432,476902,408770,310251,195271,191575,0,0,24,17,5,11,11,15,15,14,7,9,3,1,0,1,2,1,6,314,5756,5749,8259,10743,15269,20119,28551,56558,162372,212390,229170,193811,131709,128077,0,0,0,6,6,15,10,19,16,17,30,31,18,22,10,10,7,0,1,4,83,62,102,100,192,284,351,754,900,1191,1333,969,403,363,0,0,0,0,0,0,0,0,1,1,1,1,2,0,1,0,0,369,756533,1125627,1432502,1173655,1226407,1290364,1395669,1303757,1346242,1660288,1860952,1725856,1511205,1140996,729048,720295,1,14,35,35,17,36,31,44,39,34,44,42,24,23,14,12,9
2022-06-25,274,432399,531421,615882,497775,504027,517485,538771,488992,495229,585426,596440,519851,437145,317205,200302,200415,1,61,11,13,8,2,10,4,9,7,6,4,1,2,1,0,0,87,323992,506659,582143,472431,483781,498077,524622,478642,482706,572622,589819,515525,434792,318763,201365,199865,0,163,83,21,25,21,30,30,21,16,12,7,2,3,2,2,0,8,360,87555,228778,197742,230336,264081,316950,315839,339524,444997,511455,476923,408785,310262,195281,191579,0,1,232,106,71,75,82,101,89,96,51,23,21,15,11,10,4,1,6,317,5806,5793,8326,10803,15404,20262,28727,56775,162711,212741,229444,194028,131803,128140,0,0,3,50,44,67,60,135,143,176,217,339,351,274,217,94,63,0,1,4,83,62,102,100,193,288,354,755,903,1196,1337,970,408,363,0,0,0,0,0,0,0,1,4,3,1,3,5,4,1,5,0,370,756758,1125956,1432692,1173803,1226572,1290546,1395940,1304023,1346540,1660575,1861328,1726236,1511503,1141228,729159,720362,1,225,329,190,148,165,182,271,266,298,287,376,380,298,232,111,67
2022-06-26,274,432425,531425,615884,497778,504031,517485,538775,488992,495229,585426,596440,519851,437146,317206,200302,200415,0,26,4,2,3,4,0,4,0,0,0,0,0,1,1,0,0,87,324054,506692,582150,472440,483793,498081,524627,478652,482711,572626,589822,515526,434793,318763,201365,199865,0,62,33,7,9,12,4,5,10,5,4,3,1,1,0,0,0,8,361,87641,228819,197770,230360,264106,316980,315875,339554,445019,511463,476930,408790,310269,195284,191581,0,1,86,41,28,24,25,30,36,30,22,8,7,5,7,3,2,1,6,317,5822,5815,8353,10856,15454,20318,28794,56873,162826,212880,229572,194107,131835,128163,0,0,0,16,22,27,53,50,56,67,98,115,139,128,79,32,23,0,1,4,83,62,102,100,194,288,354,756,905,1197,1338,970,408,364,0,0,0,0,0,0,0,1,0,0,1,2,1,1,0,0,1,370,756847,1126079,1432758,1173865,1226639,1290628,1396030,1304125,1346642,1660700,1861456,1726384,1511639,1141315,729194,720388,0,89,123,66,62,67,82,90,102,102,125,128,148,136,87,35,26
2022-06-27,279,432437,531431,615888,497782,504037,517488,538780,488996,495234,585429,596445,519855,437152,317208,200304,200416,5,12,6,4,4,6,3,5,4,5,3,5,4,6,2,2,1,87,324107,506747,582162,472455,483803,498092,524639,478661,482723,572633,589825,515528,434794,318763,201366,199866,0,53,55,12,15,10,11,12,9,12,7,3,2,1,0,1,1,8,361,87806,228924,197849,230439,264182,317064,315939,339604,445057,511481,476947,408804,310271,195291,191586,0,0,165,105,79,79,76,84,64,50,38,18,17,14,2,7,5,1,6,318,5864,5862,8411,10934,15556,20422,28932,57088,163128,213240,229847,194288,131962,128271,0,0,1,42,47,58,78,102,104,138,215,302,360,275,181,127,108,0,1,4,83,63,103,101,195,289,355,760,912,1204,1343,975,411,364,0,0,0,0,1,1,1,1,1,1,4,7,7,5,5,3,0,375,756912,1126306,1432921,1174011,1226793,1290797,1396234,1304307,1346848,1660967,1861791,1726774,1511940,1141505,729334,720503,5,65,227,163,146,154,169,204,182,206,267,335,390,301,190,140,115
2022-06-28,279,432467,531438,615894,497786,504045,517498,538787,488999,495239,585430,596452,519863,437153,317210,200305,200417,0,30,7,6,4,8,10,7,3,5,1,7,8,1,2,1,1,87,324222,506814,582188,472474,483825,498109,524657,478676,482734,572633,589834,515532,434798,318766,201366,199867,0,115,67,26,19,22,17,18,15,11,0,9,4,4,3,0,1,8,362,88034,229048,197938,230511,264254,317161,316036,339670,445109,511507,476968,408815,310285,195302,191599,0,1,228,124,89,72,72,97,97,66,52,26,21,11,14,11,13,1,6,319,5912,5917,8484,11038,15680,20551,29130,57373,163571,213780,230214,194592,132173,128569,0,0,1,48,55,73,104,124,129,198,285,443,540,367,304,211,298,0,1,4,84,64,103,103,196,290,357,763,922,1209,1348,980,414,369,0,0,0,1,1,0,2,1,1,2,3,10,5,5,5,3,5,375,757058,1126609,1433126,1174179,1226968,1291002,1396481,1304552,1347130,1661308,1862286,1727352,1512328,1141833,729560,720821,0,146,303,205,168,175,205,247,245,282,341,495,578,388,328,226,318
2022-06-29,281,432527,531451,615914,497799,504069,517524,538801,489006,495246,585436,596455,519871,437159,317217,200309,200422,2,60,13,20,13,24,26,14,7,7,6,3,8,6,7,4,5,87,324381,506899,582215,472486,483837,498124,524678,478696,482744,572642,589839,515533,434803,318767,201369,199871,0,159,85,27,12,12,15,21,20,10,9,5,1,5,1,3,4,8,364,88307,229224,198056,230614,264360,317298,316131,339772,445177,511544,477006,408843,310305,195317,191621,0,2,273,176,118,103,106,137,95,102,68,37,38,28,20,15,22,1,6,328,5987,5997,8620,11177,15870,20812,29466,57868,164245,214541,230840,195071,132461,128850,0,0,9,75,80,136,139,190,261,336,495,674,761,626,479,288,281,0,1,5,85,64,103,105,202,301,361,777,938,1224,1369,993,418,373,0,0,1,1,0,0,2,6,11,4,14,16,15,21,13,4,4,377,757279,1126990,1433425,1174402,1227243,1291290,1396849,1304946,1347589,1661900,1863021,1728175,1513014,1142353,729874,721137,2,221,381,299,223,275,288,368,394,459,592,735,823,686,520,314,316
2022-06-30,283,432589,531465,615921,497809,504080,517535,538808,489017,495252,585440,596462,519876,437162,317221,200310,200423,2,62,14,7,10,11,11,7,11,6,4,7,5,3,4,1,1,87,324585,507007,582245,472507,483860,498156,524710,478713,482757,572656,589848,515536,434808,318768,201369,199872,0,204,108,30,21,23,32,32,17,13,14,9,3,5,1,0,1,8,367,88608,229386,198177,230714,264489,317450,316267,339885,445263,511601,477050,408871,310334,195326,191630,0,3,301,162,121,100,129,152,136,113,86,57,44,28,29,9,9,1,6,333,6072,6084,8749,11370,16127,21177,29878,58565,165257,215562,231679,195632,132779,129108,0,0,5,85,87,129,193,257,365,412,697,1012,1021,839,561,318,258,0,1,5,85,65,103,106,203,305,376,795,970,1254,1381,1009,428,379,0,0,0,0,1,0,1,1,4,15,18,32,30,12,16,10,6,379,757548,1127418,1433709,1174642,1227506,1291656,1397298,1305479,1348148,1662719,1864138,1729278,1513901,1142964,730212,721412,2,269,428,284,240,263,366,449,533,559,819,1117,1103,887,611,338,275
2022-07-01,283,432592,531466,615922,497810,504084,517539,538809,489018,495254,585440,596462,519876,437162,317221,200311,200423,0,3,1,1,1,4,4,1,1,2,0,0,0,0,0,1,0,87,324603,507019,582250,472510,483861,498158,524713,478723,482759,572661,589848,515538,434809,318768,201369,199872,0,18,12,5,3,1,2,3,10,2,5,0,2,1,0,0,0,8,367,88649,229408,198194,230732,264503,317476,316291,339897,445270,511608,477053,408873,310336,195329,191630,0,0,41,22,17,18,14,26,24,12,7,7,3,2,2,3,0,1,6,333,6077,6099,8759,11385,16160,21209,29937,58638,165340,215618,231723,195669,132798,129119,0,0,0,5,15,10,15,33,32,59,73,83,56,44,37,19,11,0,1,5,85,66,103,106,205,305,379,798,970,1256,1382,1012,429,379,0,0,0,0,1,0,0,2,0,3,3,0,2,1,3,1,0,379,757569,1127472,1433742,1174679,1227539,1291691,1397363,1305546,1348226,1662807,1864228,1729341,1513949,1143006,730236,721423,0,21,54,33,37,33,35,65,67,78,88,90,63,48,42,24,11
2022-07-02,283,432669,531474,615930,497817,504094,517544,538821,489026,495261,585451,596469,519883,437166,317223,200311,200423,0,77,8,8,7,10,5,12,8,7,11,7,7,4,2,0,0,87,324808,507111,582276,472531,483891,498180,524741,478752,482773,572670,589855,515544,434815,318768,201371,199872,0,205,92,26,21,30,22,28,29,14,9,7,6,6,0,2,0,8,369,88967,229569,198293,230818,264619,317615,316462,340027,445343,511646,477073,408888,310348,195335,191637,0,2,318,161,99,86,116,139,171,130,73,38,20,15,12,6,7,1,6,341,6180,6180,8872,11554,16453,21518,30395,59185,166124,216364,232293,196049,132981,129244,0,0,8,103,81,113,169,293,309,458,547,784,746,570,380,183,125,0,1,5,85,66,103,110,211,310,389,812,987,1275,1404,1034,442,380,0,0,0,0,0,0,4,6,5,10,14,17,19,22,22,13,1,379,757853,1127898,1434040,1174887,1227778,1292007,1397841,1306068,1348845,1663461,1865081,1730139,1514566,1143422,730440,721556,0,284,426,298,208,239,316,478,522,619,654,853,798,617,416,204,133
2022-07-03,283,432687,531479,615932,497818,504098,517546,538826,489029,495265,585457,596470,519883,437166,317223,200311,200423,0,18,5,2,1,4,2,5,3,4,6,1,0,0,0,0,0,87,324883,507144,582288,472538,483901,498183,524750,478761,482778,572670,589857,515544,434815,318768,201371,199872,0,75,33,12,7,10,3,9,9,5,0,2,0,0,0,0,0,8,370,89060,229638,198338,230845,264653,317675,316510,340062,445366,511658,477077,408894,310351,195337,191637,0,1,93,69,45,27,34,60,48,35,23,12,4,6,3,2,0,1,6,345,6218,6204,8914,11612,16539,21619,30520,59372,166368,216597,232500,196173,133038,129284,0,0,4,38,24,42,58,86,101,125,187,244,233,207,124,57,40,0,1,5,86,66,104,112,213,311,390,819,993,1282,1411,1039,443,382,0,0,0,1,0,1,2,2,1,1,7,6,7,7,5,1,2,379,757947,1128033,1434162,1174964,1227862,1292106,1398003,1306230,1349015,1663684,1865346,1730383,1514786,1143554,730500,721598,0,94,135,122,77,84,99,162,162,170,223,265,244,220,132,60,42
2022-07-04,283,432709,531487,615940,497827,504103,517558,538837,489034,495269,585463,596477,519898,437173,317228,200312,200424,0,22,8,8,9,5,12,11,5,4,6,7,15,7,5,1,1,87,324914,507186,582326,472551,483911,498200,524760,478769,482786,572671,589859,515545,434817,318771,201371,199873,0,31,42,38,13,10,17,10,8,8,1,2,1,2,3,0,1,8,372,89226,229755,198437,230942,264748,317777,316613,340136,445426,511692,477091,408904,310360,195349,191647,0,2,166,117,99,97,95,102,103,74,60,34,14,10,9,12,10,1,6,349,6271,6280,9018,11730,16717,21807,30780,59726,166900,217139,232980,196495,133209,129397,0,0,4,53,76,104,118,178,188,260,354,532,542,480,322,171,113,0,1,5,87,68,105,114,217,316,394,828,1008,1300,1425,1049,451,388,0,0,0,1,2,1,2,4,5,4,9,15,18,14,10,8,6,379,758002,1128253,1434379,1175163,1228079,1292350,1398308,1306539,1349365,1664114,1865936,1730973,1515299,1143903,730692,721729,0,55,220,217,199,217,244,305,309,350,430,590,590,513,349,192,131
2022-07-05,285,432743,531497,615947,497839,504119,517571,538846,489038,495274,585472,596481,519905,437179,317233,200313,200424,2,34,10,7,12,16,13,9,4,5,9,4,7,6,5,1,0,87,325011,507241,582361,472571,483932,498216,524775,478781,482799,572677,589862,515547,434818,318775,201372,199876,0,97,55,35,20,21,16,15,12,13,6,3,2,1,4,1,3,8,372,89449,229904,198552,231067,264863,317896,316724,340224,445493,511740,477121,408925,310377,195358,191654,0,0,223,149,115,125,115,119,111,88,67,48,30,21,17,9,7,1,6,356,6346,6388,9142,11888,16964,22103,31175,60344,167775,218046,233694,196980,133465,129588,0,0,7,75,108,124,158,247,296,395,618,875,907,714,485,256,191,0,1,5,87,68,108,115,220,325,402,841,1024,1334,1449,1066,462,391,0,0,0,0,0,3,1,3,9,8,13,16,34,24,17,11,3,381,758133,1128548,1434645,1175418,1228368,1292653,1398701,1306971,1349874,1664827,1866882,1731953,1516065,1144431,730970,721933,2,131,295,266,255,289,303,393,432,509,713,946,980,766,528,278,204
2022-07-06,288,432793,531509,615961,497853,504130,517584,538849,489049,495291,585484,596489,519913,437184,317236,200315,200424,3,50,12,14,14,11,13,3,11,17,12,8,8,5,3,2,0,87,325122,507307,582388,472581,483953,498229,524800,478796,482810,572684,589866,515551,434822,318777,201374,199877,0,111,66,27,10,21,13,25,15,11,7,4,4,4,2,2,1,8,374,89682,230049,198683,231183,264991,318023,316839,340340,445587,511802,477164,408947,310393,195370,191665,0,2,233,145,131,116,128,127,115,116,94,62,43,22,16,12,11,1,6,365,6437,6503,9307,12100,17239,22434,31617,60985,168659,219036,234486,197536,133762,129873,0,0,9,91,115,165,212,275,331,442,641,884,990,792,556,297,285,0,1,5,90,69,112,119,223,328,412,853,1048,1363,1465,1085,463,392,0,0,0,3,1,4,4,3,3,10,12,24,29,16,19,1,1,384,758296,1128868,1434925,1175689,1228685,1293023,1399134,1307446,1350470,1665593,1867864,1733027,1516904,1145027,731284,722231,3,163,320,280,271,317,370,433,475,596,766,982,1074,839,596,314,298
2022-07-07,288,432844,531517,615973,497867,504140,517594,538856,489059,495298,585491,596491,519919,437190,317243,200316,200424,0,51,8,12,14,10,10,7,10,7,7,2,6,6,7,1,0,87,325243,507367,582402,472608,483979,498245,524815,478811,482820,572692,589869,515561,434822,318778,201374,199881,0,121,60,14,27,26,16,15,15,10,8,3,10,0,1,0,4,8,375,89933,230216,198803,231307,265111,318187,316971,340459,445666,511878,477221,408976,310415,195379,191677,0,1,251,167,120,124,120,164,132,119,79,76,57,29,22,9,12,2,6,370,6537,6631,9498,12333,17585,22872,32219,61978,170105,220575,235740,198407,134145,130230,1,0,5,100,128,191,233,346,438,602,993,1446,1539,1254,871,383,357,0,1,5,90,70,114,124,225,341,421,874,1086,1430,1528,1133,480,403,0,0,0,0,1,2,5,2,13,9,21,38,67,63,48,17,11,385,758469,1129192,1435218,1175979,1229038,1293407,1399668,1308054,1351217,1666701,1869429,1734706,1518256,1145976,731694,722615,1,173,324,293,290,353,384,534,608,747,1108,1565,1679,1352,949,410,384
2022-07-08,288,432921,531534,615992,497879,504155,517611,538874,489063,495306,585500,596503,519930,437195,317246,200317,200426,0,77,17,19,12,15,17,18,4,8,9,12,11,5,3,1,2,87,325424,507428,582430,472631,483990,498262,524834,478832,482831,572699,589879,515564,434826,318780,201375,199882,0,181,61,28,23,11,17,19,21,11,7,10,3,4,2,1,1,8,379,90247,230377,198929,231431,265248,318319,317100,340592,445780,511968,477281,409017,310434,195390,191685,0,4,314,161,126,124,137,132,129,133,114,90,60,41,19,11,8,2,6,381,6660,6797,9708,12610,18001,23378,32876,63167,171941,222516,237203,199438,134626,130530,0,0,11,123,166,210,277,416,506,657,1189,1836,1941,1463,1031,481,300,0,1,6,94,72,114,129,236,351,439,908,1133,1491,1601,1182,528,413,0,0,1,4,2,0,5,11,10,18,34,47,61,73,49,48,10,385,758731,1129596,1435553,1176308,1229398,1293860,1400264,1308724,1352044,1668054,1871424,1736782,1519842,1147080,732236,722936,0,262,404,335,329,360,453,596,670,827,1353,1995,2076,1586,1104,542,321
2022-07-09,290,433014,531550,616003,497898,504162,517617,538885,489068,495315,585505,596517,519940,437203,317249,200319,200426,2,93,16,11,19,7,6,11,5,9,5,14,10,8,3,2,0,87,325655,507507,582459,472651,484014,498279,524858,478853,482854,572711,589886,515569,434829,318780,201376,199882,0,231,79,29,20,24,17,24,21,23,12,7,5,3,0,1,0,8,387,90577,230527,199045,231563,265403,318486,317254,340743,445865,512052,477323,409051,310450,195404,191696,0,8,330,150,116,132,155,167,154,151,85,84,42,34,16,14,11,2,6,389,6778,6933,9893,12876,18420,23905,33597,64405,173718,224311,238465,200313,135009,130788,0,0,8,118,136,185,266,419,527,721,1238,1777,1795,1262,875,383,258,0,1,8,96,73,116,138,245,362,461,942,1181,1551,1658,1222,550,429,0,0,2,2,1,2,9,9,11,22,34,48,60,57,40,22,16,387,759063,1130031,1435863,1176600,1229748,1294313,1400894,1309442,1352970,1669428,1873354,1738694,1521206,1148014,732658,723221,2,332,435,310,292,350,453,630,718,926,1374,1930,1912,1364,934,422,285
2022-07-10,290,433043,531553,616007,497900,504165,517621,538888,489070,495316,585507,596517,519941,437206,317250,200319,200426,0,29,3,4,2,3,4,3,2,1,2,0,1,3,1,0,0,87,325741,507525,582470,472667,484027,498285,524865,478860,482856,572715,589887,515570,434829,318780,201377,199883,0,86,18,11,16,13,6,7,7,2,4,1,1,0,0,1,1,8,389,90674,230589,199097,231602,265451,318541,317299,340786,445901,512082,477343,409057,310455,195407,191698,0,2,97,62,52,39,48,55,45,43,36,30,20,6,5,3,2,2,6,395,6819,6995,9969,12961,18542,24092,33819,64798,174272,224808,238840,200589,135137,130856,0,0,6,41,62,76,85,122,187,222,393,554,497,375,276,128,68,0,1,8,96,75,116,138,246,365,468,951,1201,1580,1681,1241,572,435,0,0,0,0,2,0,0,1,3,7,9,20,29,23,19,22,6,387,759180,1130155,1435981,1176734,1229879,1294456,1401082,1309686,1353245,1669872,1873959,1739242,1521613,1148315,732812,723298,0,117,124,118,134,131,143,188,244,275,444,605,548,407,301,154,77
2022-07-11,290,433061,531567,616017,497913,504176,517626,538893,489082,495320,585511,596530,519950,437210,317252,200321,200428,0,18,14,10,13,11,5,5,12,4,4,13,9,4,2,2,2,87,325779,507560,582487,472682,484039,498294,524883,478870,482866,572718,589889,515572,434831,318780,201377,199883,0,38,35,17,15,12,9,18,10,10,3,2,2,2,0,0,0,8,390,90831,230721,199216,231691,265561,318646,317370,340876,445984,512132,477376,409089,310479,195419,191708,0,1,157,132,119,89,110,105,71,90,83,50,33,32,24,12,10,2,6,396,6914,7111,10126,13127,18798,24363,34181,65406,175341,225926,239593,201112,135395,131037,0,0,1,95,116,157,166,256,271,362,608,1069,1118,753,523,258,181,0,1,9,96,75,121,140,252,370,478,964,1237,1622,1722,1261,587,450,0,0,1,0,0,5,2,6,5,10,13,36,42,41,20,15,15,387,759237,1130363,1436235,1176997,1230153,1294748,1401472,1310055,1353721,1670583,1875129,1740446,1522445,1148884,733099,723506,0,57,208,254,263,274,292,390,369,476,711,1170,1204,832,569,287,208
2022-07-12,292,433112,531586,616050,497933,504191,517640,538905,489090,495330,585515,596540,519960,437216,317255,200325,200429,2,51,19,33,20,15,14,12,8,10,4,10,10,6,3,4,1,87,325854,507594,582512,472703,484062,498308,524894,478878,482873,572725,589895,515572,434833,318782,201377,199883,0,75,34,25,21,23,14,11,8,7,7,6,0,2,2,0,0,8,391,91079,230922,199381,231836,265708,318792,317499,340986,446084,512197,477414,409113,310500,195430,191719,0,1,248,201,165,145,147,146,129,110,100,65,38,24,21,11,11,2,6,401,7015,7239,10326,13344,19079,24704,34682,66285,176744,227454,240697,201826,135708,131333,0,0,5,101,128,200,217,281,341,501,879,1403,1528,1104,714,313,296,0,1,10,98,76,123,142,260,385,486,999,1278,1680,1758,1303,603,461,0,0,1,2,1,2,2,8,15,8,35,41,58,36,42,16,11,389,759364,1130670,1436597,1177332,1230538,1295142,1401930,1310556,1354357,1671608,1876654,1742080,1523617,1149666,733443,723825,2,127,307,362,335,385,394,458,501,636,1025,1525,1634,1172,782,344,319
2022-07-13,294,433152,531606,616058,497946,504199,517650,538913,489095,495335,585524,596554,519976,437223,317262,200331,200432,2,40,20,8,13,8,10,8,5,5,9,14,16,7,7,6,3,87,325952,507637,582532,472727,484080,498329,524912,478890,482881,572732,589900,515575,434837,318783,201380,199887,0,98,43,20,24,18,21,18,12,8,7,5,3,4,1,3,4,8,394,91300,231091,199515,231975,265836,318924,317619,341113,446176,512263,477477,409156,310529,195459,191746,0,3,221,169,134,139,128,132,120,127,92,66,63,43,29,29,27,2,6,403,7128,7410,10567,13655,19486,25189,35332,67431,178596,229438,242247,202907,136296,131901,0,0,2,113,171,241,311,407,485,650,1146,1852,1984,1550,1081,588,568,0,1,11,98,77,125,148,271,397,499,1025,1326,1734,1821,1366,624,475,0,0,1,0,1,2,6,11,12,13,26,48,54,63,63,21,14,391,759505,1130957,1436907,1177675,1230946,1295618,1402506,1311190,1355160,1672888,1878639,1744200,1525284,1150847,734090,724441,2,141,287,310,343,408,476,576,634,803,1280,1985,2120,1667,1181,647,616
2022-07-14,294,433213,531613,616070,497961,504217,517654,538923,489102,495337,585533,596561,519985,437226,317268,200331,200433,0,61,7,12,15,18,4,10,7,2,9,7,9,3,6,0,1,87,326061,507695,582561,472746,484097,498341,524926,478907,482892,572738,589904,515577,434841,318786,201381,199892,0,109,58,29,19,17,12,14,17,11,6,4,2,4,3,1,5,8,398,91510,231251,199664,232106,265972,319073,317762,341204,446265,512348,477534,409201,310547,195476,191766,0,4,210,160,149,131,136,149,143,91,89,85,57,45,18,17,20,2,6,409,7262,7568,10791,13921,19887,25662,35916,68575,180389,231364,243720,203955,136770,132247,0,0,6,134,158,224,266,401,473,584,1144,1793,1926,1473,1048,474,346,0,1,11,100,81,131,152,280,412,525,1064,1381,1811,1895,1418,652,494,0,0,0,2,4,6,4,9,15,26,39,55,77,74,52,28,19,391,759679,1131238,1437244,1178020,1231342,1296040,1403089,1311845,1355874,1674175,1880583,1746271,1526883,1151974,734610,724832,0,174,281,337,345,396,422,583,655,714,1287,1944,2071,1599,1127,520,391
2022-07-15,295,433273,531629,616087,497973,504232,517664,538937,489118,495345,585538,596564,519996,437237,317270,200333,200435,1,60,16,17,12,15,10,14,16,8,5,3,11,11,2,2,2,87,326197,507756,582585,472761,484110,498360,524945,478920,482904,572743,589907,515583,434842,318789,201382,199892,0,136,61,24,15,13,19,19,13,12,5,3,6,1,3,1,0,8,399,91793,231406,199794,232242,266103,319214,317941,341335,446391,512430,477614,409245,310582,195491,191773,0,1,283,155,130,136,131,141,179,131,126,82,80,44,35,15,7,2,6,420,7412,7739,11030,14212,20329,26159,36591,69842,182293,233326,245220,205009,137220,132607,0,0,11,150,171,239,291,442,497,675,1267,1904,1962,1500,1054,450,360,0,1,11,103,83,134,161,291,422,540,1098,1428,1899,1986,1484,694,515,0,0,0,3,2,3,9,11,10,15,34,47,88,91,66,42,21,392,759876,1131609,1437593,1178350,1231748,1296500,1403716,1312560,1356715,1675612,1882622,1748418,1528530,1153134,735120,725222,1,197,371,349,330,406,460,627,715,841,1437,2039,2147,1647,1160,510,390
2022-07-16,295,433386,531647,616099,497985,504244,517679,538949,489127,495355,585545,596573,520001,437244,317276,200333,200436,0,113,18,12,12,12,15,12,9,10,7,9,5,7,6,0,1,87,326434,507801,582610,472781,484136,498378,524958,478935,482916,572756,589909,515587,434844,318789,201383,199893,0,237,45,25,20,26,18,13,15,12,13,2,4,2,0,1,1,8,407,92100,231558,199924,232373,266247,319346,318081,341458,446514,512522,477668,409278,310611,195498,191788,0,8,307,152,130,131,144,132,140,123,123,92,54,33,29,7,15,2,7,428,7577,7907,11255,14513,20796,26787,37383,71084,184013,235155,246544,205987,137657,132862,0,1,8,165,168,225,301,467,628,792,1242,1720,1829,1324,978,437,255,0,1,13,105,86,138,164,300,442,555,1129,1481,1955,2063,1535,734,525,0,0,2,2,3,4,3,9,20,15,31,53,56,77,51,40,10,392,760235,1131989,1437949,1178683,1232146,1296981,1404349,1313372,1357667,1677028,1884498,1750366,1529973,1154198,735605,725504,0,359,380,356,333,398,481,633,812,952,1416,1876,1948,1443,1064,485,282
2022-07-17,295,433420,531650,616105,497991,504251,517683,538955,489128,495358,585546,596578,520006,437249,317277,200334,200436,0,34,3,6,6,7,4,6,1,3,1,5,5,5,1,1,0,87,326505,507823,582621,472785,484140,498379,524960,478938,482919,572756,589912,515588,434844,318790,201384,199894,0,71,22,11,4,4,1,2,3,3,0,3,1,0,1,1,1,8,407,92189,231598,199986,232412,266288,319386,318128,341491,446537,512537,477675,409283,310613,195500,191791,0,0,89,40,62,39,41,40,47,33,23,15,7,5,2,2,3,2,7,430,7627,7962,11322,14590,20937,26945,37621,71439,184532,235641,246921,206252,137774,132917,0,0,2,50,55,67,77,141,158,238,355,519,486,377,265,117,55,0,1,13,105,86,141,165,302,445,564,1135,1492,1969,2076,1553,740,526,0,0,0,0,0,3,1,2,3,9,6,11,14,13,18,6,1,392,760340,1132105,1438056,1178810,1232266,1297105,1404540,1313584,1357953,1677413,1885051,1750879,1530373,1154485,735732,725564,0,105,116,107,127,120,124,191,212,286,385,553,513,400,287,127,60
2022-07-18,296,433438,531656,616117,497999,504256,517695,538960,489133,495365,585553,596587,520013,437254,317281,200334,200437,1,18,6,12,8,5,12,5,5,7,7,9,7,5,4,0,1,87,326547,507857,582637,472797,484152,498393,524963,478946,482925,572762,589914,515592,434845,318791,201384,199894,0,42,34,16,12,12,14,3,8,6,6,2,4,1,1,0,0,8,414,92317,231707,200089,232508,266381,319461,318202,341568,446597,512583,477706,409308,310628,195514,191796,0,7,128,109,103,96,93,75,74,77,60,46,31,25,15,14,5,2,7,433,7722,8076,11473,14783,21188,27215,38006,72083,185573,236714,247706,206719,137993,133097,0,0,3,95,114,151,193,251,270,385,644,1041,1073,785,467,219,180,0,1,14,105,86,142,167,308,451,569,1151,1516,1997,2109,1575,751,529,0,0,1,0,0,1,2,6,6,5,16,24,28,33,22,11,3,393,760407,1132277,1438288,1179047,1232531,1297419,1404880,1313947,1358433,1678146,1886173,1752022,1531222,1154994,735976,725753,1,67,172,232,237,265,314,340,363,480,733,1122,1143,849,509,244,189
2022-07-19,297,433482,531669,616128,498013,504265,517700,538970,489138,495374,585557,596592,520027,437260,317285,200336,200437,1,44,13,11,14,9,5,10,5,9,4,5,14,6,4,2,0,87,326649,507900,582660,472817,484169,498406,524976,478961,482933,572770,589920,515593,434849,318792,201384,199896,0,102,43,23,20,17,13,13,15,8,8,6,1,4,1,0,2,8,415,92523,231867,200216,232624,266510,319575,318294,341660,446690,512661,477750,409335,310658,195527,191813,0,1,206,160,127,116,129,114,92,92,93,78,44,27,30,13,17,2,7,444,7870,8255,11722,15095,21577,27732,38690,73293,187438,238605,249111,207683,138440,133467,0,0,11,148,179,249,312,389,517,684,1210,1865,1891,1405,964,447,370,0,1,15,106,89,143,172,316,461,580,1186,1566,2054,2169,1623,781,541,0,0,1,1,3,1,5,8,10,11,35,50,57,60,48,30,12,394,760554,1132551,1438631,1179390,1232923,1297883,1405414,1314586,1359237,1679496,1888177,1754029,1532724,1156041,736468,726154,1,147,274,343,343,392,464,534,639,804,1350,2004,2007,1502,1047,492,401
2022-07-20,298,433551,531681,616148,498033,504287,517708,538982,489151,495382,585563,596597,520039,437270,317286,200338,200439,1,69,12,20,20,22,8,12,13,8,6,5,12,10,1,2,2,87,326752,507952,582684,472836,484181,498417,524991,478982,482947,572778,589923,515593,434852,318796,201384,199898,0,103,52,24,19,12,11,15,21,14,8,3,0,3,4,0,2,8,416,92813,232048,200361,232780,266653,319703,318435,341788,446799,512737,477811,409371,310684,195551,191841,0,1,290,181,145,156,143,128,141,128,109,76,61,36,26,24,28,2,7,452,7991,8446,11982,15408,21961,28253,39324,74412,189246,240405,250434,208603,138902,133897,0,0,8,121,191,260,313,384,521,634,1119,1808,1800,1323,920,462,430,0,1,15,111,94,145,178,320,477,597,1219,1617,2104,2233,1676,802,551,0,0,0,5,5,2,6,4,16,17,33,51,50,64,53,21,10,395,760727,1132913,1438982,1179770,1233375,1298364,1405957,1315298,1360038,1680771,1890120,1755952,1534160,1157045,736977,726626,1,173,362,351,380,452,481,543,712,801,1275,1943,1923,1436,1004,509,472
2022-07-21,298,433619,531698,616162,498041,504297,517723,538991,489156,495387,585569,596607,520051,437278,317289,200346,200440,0,68,17,14,8,10,15,9,5,5,6,10,12,8,3,8,1,87,326886,507999,582711,472860,484195,498432,525016,478995,482953,572789,589930,515599,434856,318797,201384,199902,0,134,47,27,24,14,15,25,13,6,11,7,6,4,1,0,4,8,419,93064,232189,200497,232908,266788,319850,318564,341895,446887,512826,477877,409411,310705,195563,191862,0,3,251,141,136,128,135,147,129,107,88,89,66,40,21,12,21,2,7,466,8159,8639,12243,15770,22481,28848,40153,75956,191711,242921,252314,209791,139439,134269,0,0,14,168,193,261,362,520,595,829,1544,2465,2516,1880,1188,537,372,0,1,15,113,96,147,185,327,489,625,1259,1701,2226,2346,1759,854,575,0,0,0,2,2,2,7,7,12,28,40,84,122,113,83,52,24,395,760932,1133242,1439334,1180133,1233790,1298898,1406665,1316052,1361013,1682460,1892775,1758674,1536205,1158341,737586,727048,0,205,329,352,363,415,534,708,754,975,1689,2655,2722,2045,1296,609,422
2022-07-22,301,433711,531716,616172,498049,504315,517732,538996,489160,495394,585575,596614,520064,437282,317295,200347,200441,3,92,18,10,8,18,9,5,4,7,6,7,13,4,6,1,1,87,327036,508050,582731,472870,484210,498441,525033,479007,482960,572796,589930,515605,434860,318798,201384,199902,0,150,51,20,10,15,9,17,12,7,7,0,6,4,1,0,0,8,423,93299,232329,200626,233027,266901,319980,318703,342006,446988,512890,477925,409435,310726,195581,191877,0,4,235,140,129,119,113,130,139,111,101,64,48,24,21,18,15,2,7,475,8316,8823,12547,16141,23029,29427,40978,77341,193688,244823,253636,210697,139863,134530,0,0,9,157,184,304,371,548,579,825,1385,1977,1902,1322,906,424,261,0,1,15,115,97,154,189,338,497,639,1302,1774,2304,2430,1826,896,596,0,0,0,2,1,7,4,11,8,14,43,73,78,84,67,42,21,398,761178,1133555,1439663,1180465,1234253,1299404,1407376,1316794,1361977,1684002,1894896,1760721,1537643,1159342,738071,727346,3,246,313,329,332,463,506,711,742,964,1542,2121,2047,1438,1001,485,298
2022-07-23,301,433815,531721,616183,498065,504329,517749,539010,489171,495404,585585,596622,520077,437287,317300,200351,200444,0,104,5,11,16,14,17,14,11,10,10,8,13,5,5,4,3,87,327183,508091,582750,472889,484221,498449,525059,479025,482969,572803,589933,515612,434864,318800,201384,199902,0,147,41,19,19,11,8,26,18,9,7,3,7,4,2,0,0,8,429,93506,232463,200714,233127,266993,320082,318788,342093,447083,512969,477949,409457,310741,195589,191879,0,6,207,134,88,100,92,102,85,87,95,79,24,22,15,8,2,2,7,478,8488,9025,12792,16419,23441,29921,41686,78512,195360,246296,254684,211412,140149,134717,0,0,3,172,202,245,278,412,494,708,1171,1672,1473,1048,715,286,187,0,1,16,118,98,158,192,346,504,658,1327,1811,2356,2476,1859,908,603,0,0,1,3,1,4,3,8,7,19,25,37,52,46,33,12,7,398,761435,1133812,1440002,1180791,1234627,1299802,1407938,1317409,1362810,1685310,1896695,1762290,1538768,1160112,738381,727545,0,257,257,339,326,374,398,562,615,833,1308,1799,1569,1125,770,310,199
2022-07-24,317,433852,531721,616188,498069,504331,517754,539013,489172,495406,585587,596625,520080,437293,317301,200351,200444,16,37,0,5,4,2,5,3,1,2,2,3,3,6,1,0,0,87,327246,508101,582757,472901,484228,498461,525066,479028,482973,572804,589933,515612,434864,318801,201384,199902,0,63,10,7,12,7,12,7,3,4,1,0,0,0,1,0,0,8,433,93579,232521,200778,233165,267052,320117,318825,342135,447115,512996,477959,409462,310744,195589,191882,0,4,73,58,64,38,59,35,37,42,32,27,10,5,3,0,3,2,7,483,8553,9107,12892,16537,23602,30103,41977,79001,195924,246881,255098,211689,140248,134799,0,0,5,65,82,100,118,161,182,291,489,564,585,414,277,99,82,0,1,16,119,98,158,194,351,511,664,1342,1833,2383,2504,1885,922,609,0,0,0,1,0,0,2,5,7,6,15,22,27,28,26,14,6,414,761539,1133900,1440138,1180953,1234774,1299998,1408149,1317639,1363155,1685849,1897311,1762915,1539221,1160420,738494,727636,16,104,88,136,162,147,196,211,230,345,539,616,625,453,308,113,91
2022-07-25,631,433881,531732,616195,498073,504338,517761,539028,489178,495410,585589,596638,520088,437299,317304,200354,200444,314,29,11,7,4,7,7,15,6,4,2,13,8,6,3,3,0,88,327283,508123,582766,472915,484239,498470,525077,479030,482981,572808,589936,515616,434866,318801,201385,199902,1,37,22,9,14,11,9,11,2,8,4,3,4,2,0,1,0,8,436,93696,232624,200882,233232,267116,320199,318877,342187,447169,513047,477986,409477,310754,195597,191894,0,3,117,103,104,67,64,82,52,52,54,51,27,15,10,8,12,2,7,490,8648,9226,13040,16708,23840,30358,42341,79622,196830,247808,255740,212174,140485,134996,0,0,7,95,119,148,171,238,255,364,621,906,927,642,485,237,197,0,1,16,119,99,159,198,354,515,672,1365,1863,2421,2540,1918,941,617,0,0,0,0,1,1,4,3,4,8,23,30,38,36,33,19,8,729,761608,1134057,1440352,1181195,1235008,1300253,1408498,1317958,1363591,1686553,1898314,1763919,1539922,1160951,738762,727853,315,69,157,214,242,234,255,349,319,436,704,1003,1004,701,531,268,217
2022-07-26,1321,433940,531746,616212,498081,504342,517771,539033,489184,495418,585597,596653,520097,437305,317304,200355,200444,690,59,14,17,8,4,10,5,6,8,8,15,9,6,0,1,0,88,327368,508146,582784,472924,484257,498486,525087,479041,482990,572814,589938,515621,434868,318802,201386,199904,0,85,23,18,9,18,16,10,11,9,6,2,5,2,1,1,2,8,437,93863,232741,200969,233316,267193,320286,318944,342252,447221,513104,478034,409502,310774,195606,191910,0,1,167,117,87,84,77,87,67,65,52,57,48,25,20,9,16,2,7,500,8747,9334,13210,16944,24124,30717,42821,80425,198055,249114,256715,212853,140795,135275,0,0,10,99,108,170,236,284,359,480,803,1225,1306,975,679,310,279,0,1,16,119,99,159,201,359,522,683,1388,1913,2469,2594,1960,959,628,0,0,0,0,0,0,3,5,7,11,23,50,48,54,42,18,11,1419,761753,1134271,1440603,1181407,1235284,1300595,1408889,1318408,1364164,1687445,1899663,1765335,1540984,1161693,739101,728161,690,145,214,251,212,276,342,391,450,573,892,1349,1416,1062,742,339,308
2022-07-27,1712,433998,531763,616221,498096,504351,517780,539039,489194,495426,585603,596661,520105,437308,317308,200357,200448,391,58,17,9,15,9,9,6,10,8,6,8,8,3,4,2,4,88,327459,508183,582801,472949,484277,498504,525097,479053,482995,572822,589941,515626,434874,318804,201388,199907,0,91,37,17,25,20,18,10,12,5,8,3,5,6,2,2,3,8,442,94058,232898,201072,233421,267286,320387,319037,342346,447308,513167,478074,409530,310804,195625,191937,0,5,195,157,103,105,93,101,93,94,87,63,40,28,30,19,27,2,7,516,8889,9483,13423,17254,24520,31146,43368,81467,199527,250638,257785,213671,141230,135660,0,0,16,142,149,213,310,396,429,547,1042,1472,1524,1070,818,435,385,0,1,18,122,101,161,208,367,532,700,1420,1967,2523,2647,1998,978,643,0,0,2,3,2,2,7,8,10,17,32,54,54,53,38,19,15,1810,761907,1134538,1440931,1181701,1235633,1301032,1409410,1318962,1364835,1688620,1901263,1766966,1542144,1162585,739578,728595,391,154,267,328,294,349,437,521,554,671,1175,1600,1631,1160,892,477,434
2022-07-28,2333,434056,531771,616233,498106,504360,517791,539046,489198,495431,585607,596667,520111,437312,317311,200358,200450,621,58,8,12,10,9,11,7,4,5,4,6,6,4,3,1,2,88,327516,508216,582823,472966,484292,498516,525112,479068,483002,572826,589945,515627,434875,318805,201390,199909,0,57,33,22,17,15,12,15,15,7,4,4,1,1,1,2,2,8,445,94228,233005,201150,233527,267377,320467,319108,342404,447369,513212,478112,409551,310826,195633,191968,0,3,170,107,78,106,91,80,71,58,61,45,38,21,22,8,31,2,7,521,9001,9615,13619,17484,24815,31545,43860,82306,200700,251802,258729,214275,141509,135923,0,0,5,112,132,196,230,295,399,492,839,1173,1164,944,604,279,263,0,1,18,125,103,161,209,373,539,711,1453,1993,2589,2697,2036,1013,666,0,0,0,3,2,0,1,6,7,11,33,26,66,50,38,35,23,2431,762025,1134754,1441187,1181940,1235959,1301377,1409813,1319458,1365408,1689561,1902517,1768241,1543164,1163253,739903,728916,621,118,216,256,239,326,345,403,496,573,941,1254,1275,1020,668,325,321
2022-07-29,2938,434152,531785,616244,498120,504381,517800,539059,489207,495439,585612,596674,520119,437318,317313,200358,200450,605,96,14,11,14,21,9,13,9,8,5,7,8,6,2,0,0,88,327617,508263,582841,472987,484311,498536,525130,479081,483010,572832,589955,515633,434877,318807,201390,199910,0,101,47,18,21,19,20,18,13,8,6,10,6,2,2,0,1,8,445,94432,233113,201256,233623,267499,320583,319196,342504,447460,513289,478155,409585,310848,195643,191988,0,0,204,108,106,96,122,116,88,100,91,77,43,34,22,10,20,2,7,530,9122,9781,13862,17796,25224,32065,44539,83486,202265,253265,259812,215000,141832,136184,0,0,9,121,166,243,312,409,520,679,1180,1565,1463,1083,725,323,261,0,1,19,126,103,167,215,380,546,734,1499,2057,2655,2758,2083,1033,682,0,0,1,1,0,6,6,7,7,23,46,64,66,61,47,20,16,3036,762222,1135029,1441446,1182247,1236344,1301846,1410376,1320095,1366226,1690889,1904240,1769827,1544350,1164051,740256,729214,605,197,275,259,307,385,469,563,637,818,1328,1723,1586,1186,798,353,298
2022-07-30,3837,434271,531796,616252,498129,504394,517811,539067,489214,495447,585613,596680,520126,437321,317318,200359,200451,899,119,11,8,9,13,11,8,7,8,1,6,7,3,5,1,1,89,327779,508301,582858,473000,484337,498554,525144,479090,483015,572839,589957,515641,434879,318809,201391,199911,1,162,38,17,13,26,18,14,9,5,7,2,8,2,2,1,1,8,452,94651,233237,201335,233699,267577,320698,319280,342619,447531,513342,478196,409608,310851,195656,191992,0,7,219,124,79,76,78,115,84,115,71,53,41,23,3,13,4,2,7,559,9294,9922,14118,18151,25678,32599,45277,84651,203661,254677,260741,215636,142127,136395,0,0,29,172,141,256,355,454,534,738,1165,1396,1412,929,636,295,211,0,1,19,129,105,168,222,391,553,752,1542,2104,2728,2827,2150,1068,691,0,0,0,3,2,1,7,11,7,18,43,47,73,69,67,35,9,3936,762510,1135326,1441770,1182491,1236716,1302315,1410978,1320736,1367110,1692176,1905744,1771368,1545376,1164764,740601,729440,900,288,297,324,244,372,469,602,641,884,1287,1504,1541,1026,713,345,226
2022-07-31,4164,434316,531796,616255,498132,504397,517814,539071,489218,495450,585614,596686,520129,437323,317319,200359,200451,327,45,0,3,3,3,3,4,4,3,1,6,3,2,1,0,0,89,327835,508311,582868,473010,484339,498558,525146,479093,483015,572840,589958,515642,434879,318812,201391,199911,0,56,10,10,10,2,4,2,3,0,1,1,1,0,3,0,0,8,453,94709,233272,201370,233731,267604,320723,319301,342643,447551,513350,478202,409612,310858,195657,191994,0,1,58,35,35,32,27,25,21,24,20,8,6,4,7,1,2,2,7,563,9328,9962,14187,18257,25801,32728,45457,84960,204065,255039,260970,215787,142202,136439,0,0,4,34,40,69,106,123,129,180,309,404,362,229,151,75,44,0,1,19,130,106,168,224,392,555,757,1545,2117,2747,2835,2155,1072,694,0,0,0,1,1,0,2,1,2,5,3,13,19,8,5,4,3,4263,762612,1135398,1441853,1182580,1236822,1302457,1411133,1320895,1367322,1692510,1906176,1771759,1545619,1164931,740681,729489,327,102,72,83,89,106,142,155,159,212,334,432,391,243,167,80,49
2022-08-01,4466,434338,531804,616268,498138,504404,517822,539080,489224,495456,585621,596690,520133,437328,317324,200362,200455,302,22,8,13,6,7,8,9,6,6,7,4,4,5,5,3,4,89,327862,508329,582884,473020,484350,498567,525151,479097,483022,572841,589958,515645,434879,318814,201392,199912,0,27,18,16,10,11,9,5,4,7,1,0,3,0,2,1,1,8,454,94782,233341,201443,233793,267671,320769,319333,342675,447590,513383,478232,409634,310870,195663,192001,0,1,73,69,73,62,67,46,32,32,39,33,30,22,12,6,7,2,7,565,9387,10059,14323,18401,25998,32922,45733,85384,204532,255497,261330,216032,142362,136594,0,0,2,59,97,136,144,197,194,276,424,467,458,360,245,160,155,0,1,19,131,107,168,228,394,560,767,1558,2133,2771,2859,2167,1081,700,0,0,0,1,1,0,4,2,5,10,13,16,24,24,12,9,6,4565,762662,1135499,1442011,1182767,1237038,1302689,1411392,1321136,1367653,1692994,1906696,1772278,1546030,1165207,740860,729662,302,50,101,158,187,216,232,259,241,331,484,520,519,411,276,179,173
2022-08-02,4808,434382,531809,616282,498146,504415,517830,539088,489234,495460,585625,596700,520140,437339,317327,200365,200455,342,44,5,14,8,11,8,8,10,4,4,10,7,11,3,3,0,89,327934,508356,582899,473029,484364,498575,525163,479105,483027,572846,589964,515646,434881,318816,201392,199912,0,72,27,15,9,14,8,12,8,5,5,6,1,2,2,0,0,8,459,94936,233448,201514,233886,267758,320833,319412,342739,447655,513438,478262,409657,310892,195675,192011,0,5,154,107,71,93,87,64,79,64,65,55,30,23,22,12,10,2,8,575,9506,10184,14530,18654,26326,33286,46230,86238,205625,256465,262072,216540,142651,136833,0,1,10,119,125,207,253,328,364,497,854,1093,968,742,508,289,239,0,1,19,132,109,171,230,410,572,784,1589,2161,2828,2923,2201,1097,709,0,0,0,1,2,3,2,16,12,17,31,28,57,64,34,16,9,4907,762784,1135695,1442267,1182982,1237366,1303047,1411820,1321609,1368240,1693953,1907888,1773341,1546872,1165776,741180,729920,342,122,196,256,215,328,358,428,473,587,959,1192,1063,842,569,320,258
2022-08-03,5283,434438,531817,616291,498163,504429,517840,539096,489238,495468,585633,596709,520147,437345,317329,200366,200457,475,56,8,9,17,14,10,8,4,8,8,9,7,6,2,1,2,90,328025,508384,582911,473048,484384,498595,525172,479108,483038,572853,589966,515649,434882,318819,201392,199914,1,91,28,12,19,20,20,9,3,11,7,2,3,1,3,0,2,8,468,95128,233571,201628,234022,267854,320930,319493,342808,447747,513497,478304,409687,310915,195687,192030,0,9,192,123,114,136,96,97,81,69,92,59,42,30,23,12,19,2,8,591,9653,10341,14790,18964,26722,33732,46797,87187,206744,257587,262904,217105,142962,137153,0,0,16,147,157,260,310,396,446,567,949,1119,1122,832,565,311,320,0,1,19,133,111,173,233,418,584,801,1622,2197,2890,2971,2244,1118,720,0,0,0,1,2,2,3,8,12,17,33,36,62,48,43,21,11,5383,762940,1135939,1442559,1183291,1237798,1303486,1412338,1322155,1368912,1695042,1909113,1774577,1547789,1166412,741525,730274,476,156,244,292,309,432,439,518,546,672,1089,1225,1236,917,636,345,354
2022-08-04,5610,434520,531830,616306,498182,504435,517852,539107,489248,495478,585638,596722,520151,437351,317332,200367,200461,327,82,13,15,19,6,12,11,10,10,5,13,4,6,3,1,4,91,328110,508416,582931,473070,484400,498606,525182,479124,483045,572858,589969,515652,434885,318821,201392,199915,1,85,32,20,22,16,11,10,16,7,5,3,3,3,2,0,1,8,471,95319,233690,201727,234128,267946,321009,319560,342869,447804,513551,478343,409708,310927,195696,192036,0,3,191,119,99,106,92,79,67,61,57,54,39,21,12,9,6,2,8,612,9794,10483,15031,19237,27128,34215,47392,88303,208009,258890,263805,217734,143240,137359,0,0,21,141,142,241,273,406,483,595,1116,1265,1303,901,629,278,206,0,1,19,137,112,175,237,424,596,822,1652,2250,2959,3068,2307,1154,740,0,0,0,4,1,2,4,6,12,21,30,53,69,97,63,36,20,5711,763110,1136196,1442858,1183574,1238169,1303878,1412850,1322743,1369606,1696255,1910501,1775995,1548817,1167121,741849,730511,328,170,257,299,283,371,392,512,588,694,1213,1388,1418,1028,709,324,237
2022-08-05,6049,434597,531844,616315,498200,504452,517862,539114,489255,495482,585644,596724,520161,437354,317334,200368,200461,439,77,14,9,18,17,10,7,7,4,6,2,10,3,2,1,0,91,328208,508440,582952,473086,484411,498621,525197,479135,483053,572864,589974,515655,434887,318822,201393,199916,0,98,24,21,16,11,15,15,11,8,6,5,3,2,1,1,1,8,475,95508,233795,201807,234208,268026,321093,319635,342925,447868,513591,478374,409726,310933,195702,192039,0,4,189,105,80,80,80,84,75,56,64,40,31,18,6,6,3,2,8,628,9936,10631,15277,19538,27529,34701,48043,89306,209136,259802,264551,218204,143464,137578,0,0,16,142,148,246,301,401,486,651,1003,1127,912,746,470,224,219,0,1,19,139,112,178,243,434,612,842,1685,2303,3028,3137,2346,1178,758,0,0,0,2,0,3,6,10,16,20,33,53,69,69,39,24,18,6150,763289,1136439,1443137,1183836,1238526,1304290,1413367,1323338,1370345,1697367,1911728,1777020,1549655,1167639,742105,730752,439,179,243,279,262,357,412,517,595,739,1112,1227,1025,838,518,256,241
2022-08-06,6657,434712,531850,616327,498211,504465,517873,539121,489264,495487,585649,596732,520175,437359,317339,200369,200461,608,115,6,12,11,13,11,7,9,5,5,8,14,5,5,1,0,91,328346,508465,582971,473102,484421,498631,525206,479145,483067,572871,589982,515658,434889,318825,201394,199916,0,138,25,19,16,10,10,9,10,14,7,8,3,2,3,1,0,8,487,95724,233876,201876,234291,268088,321178,319705,342990,447945,513632,478405,409743,310941,195706,192041,0,12,216,81,69,83,62,85,70,65,77,41,31,17,8,4,2,2,9,661,10080,10763,15525,19863,27915,35191,48597,90337,210116,260663,265131,218559,143645,137707,0,1,33,144,132,248,325,386,490,554,1031,980,861,580,355,181,129,0,1,21,139,113,183,247,444,623,861,1712,2336,3075,3188,2381,1203,772,0,0,2,0,1,5,4,10,11,19,27,33,47,51,35,25,14,6758,763555,1136721,1443393,1184065,1238885,1304702,1413864,1323928,1371002,1698514,1912798,1777976,1550310,1168045,742317,730897,608,266,282,256,229,359,412,497,590,657,1147,1070,956,655,406,212,145
2022-08-07,6864,434743,531853,616329,498217,504468,517873,539122,489266,495488,585650,596732,520176,437360,317342,200369,200461,207,31,3,2,6,3,0,1,2,1,1,0,1,1,3,0,0,91,328391,508474,582977,473105,484423,498632,525210,479146,483067,572872,589982,515658,434889,318825,201394,199916,0,45,9,6,3,2,1,4,1,0,1,0,0,0,0,0,0,8,491,95783,233900,201895,234312,268116,321200,319718,343012,447968,513642,478409,409746,310944,195708,192043,0,4,59,24,19,21,28,22,13,22,23,10,4,3,3,2,2,2,9,671,10125,10809,15618,19956,28064,35345,48801,90635,210457,260948,265303,218670,143709,137739,0,0,10,45,46,93,93,149,154,204,298,341,285,172,111,64,32,0,1,22,140,115,187,249,445,626,866,1724,2350,3086,3207,2398,1216,779,0,0,1,1,2,4,2,1,3,5,12,14,11,19,17,13,7,6965,763635,1136803,1443471,1184141,1239008,1304826,1414041,1324101,1371234,1698849,1913163,1778277,1550505,1168179,742396,730938,207,80,82,78,76,123,124,177,173,232,335,365,301,195,134,79,41
2022-08-08,7107,434775,531862,616340,498230,504476,517881,539129,489270,495497,585655,596739,520180,437363,317342,200370,200461,243,32,9,11,13,8,8,7,4,9,5,7,4,3,0,1,0,91,328434,508495,582995,473116,484437,498639,525220,479152,483071,572874,589982,515662,434890,318830,201394,199918,0,43,21,18,11,14,7,10,6,4,2,0,4,1,5,0,2,8,492,95880,233981,201966,234364,268169,321248,319756,343054,448010,513667,478435,409759,310950,195716,192049,0,1,97,81,71,52,53,48,38,42,42,25,26,13,6,8,6,2,9,692,10252,10930,15767,20152,28320,35616,49180,91249,211109,261522,265680,218900,143833,137822,0,0,21,127,121,149,196,256,271,379,614,652,574,377,230,124,83,0,1,23,140,116,187,252,448,632,875,1749,2375,3132,3257,2440,1242,790,0,0,1,0,1,0,3,3,6,9,25,25,46,50,42,26,11,7208,763711,1136952,1443708,1184358,1239231,1305093,1414365,1324426,1371677,1699537,1913872,1778931,1550949,1168462,742555,731040,243,76,149,237,217,223,267,324,325,443,688,709,654,444,283,159,102
2022-08-09,7488,434822,531875,616347,498238,504487,517897,539141,489276,495505,585660,596746,520184,437373,317344,200371,200461,381,47,13,7,8,11,16,12,6,8,5,7,4,10,2,1,0,92,328520,508518,583013,473132,484450,498651,525228,479158,483081,572881,589985,515663,434893,318831,201394,199920,1,86,23,18,16,13,12,8,6,10,7,3,1,3,1,0,2,8,494,96043,234085,202040,234428,268254,321293,319811,343121,448080,513723,478464,409783,310964,195725,192054,0,2,163,104,74,64,85,45,55,67,70,56,29,24,14,9,5,2,9,724,10387,11068,15998,20450,28697,36046,49728,92122,212175,262560,266389,219376,144029,138026,0,0,32,135,138,231,298,377,430,548,873,1066,1038,709,476,196,204,0,1,24,142,118,191,256,452,642,899,1781,2423,3196,3336,2495,1278,802,0,0,1,2,2,4,4,4,10,24,32,48,64,79,55,36,12,7590,763846,1137184,1443974,1184596,1239554,1305508,1414811,1324933,1372334,1700524,1915052,1780067,1551774,1169010,742797,731263,382,135,232,266,238,323,415,446,507,657,987,1180,1136,825,548,242,223
2022-08-10,7895,434883,531887,616359,498254,504495,517904,539147,489287,495511,585668,596752,520191,437377,317347,200372,200461,407,61,12,12,16,8,7,6,11,6,8,6,7,4,3,1,0,97,328620,508541,583029,473156,484464,498663,525244,479170,483084,572887,589991,515667,434896,318831,201398,199920,5,100,23,16,24,14,12,16,12,3,6,6,4,3,0,4,0,8,504,96277,234175,202117,234516,268339,321373,319882,343196,448152,513785,478498,409806,310979,195739,192062,0,10,234,90,77,88,85,80,71,75,72,62,34,23,15,14,8,2,9,758,10564,11238,16255,20828,29138,36528,50410,93220,213379,263640,267201,219889,144279,138208,0,0,34,177,170,257,378,441,482,682,1098,1204,1080,812,513,250,182,0,1,25,142,123,195,263,459,654,921,1822,2498,3287,3436,2592,1338,837,0,0,1,0,5,4,7,7,12,22,41,75,91,100,97,60,35,8002,764017,1137488,1444269,1184888,1239925,1305997,1415361,1325521,1373122,1701749,1916405,1781283,1552716,1169638,743126,731488,412,171,304,295,292,371,489,550,588,788,1225,1353,1216,942,628,329,225
2022-08-11,8486,434967,531896,616369,498259,504510,517913,539155,489293,495514,585673,596760,520199,437380,317350,200374,200461,591,84,9,10,5,15,9,8,6,3,5,8,8,3,3,2,0,97,328731,508566,583045,473171,484482,498672,525250,479179,483094,572889,589991,515669,434896,318832,201399,199922,0,111,25,16,15,18,9,6,9,10,2,0,2,0,1,1,2,8,508,96467,234256,202189,234582,268416,321449,319939,343267,448222,513833,478539,409825,310989,195756,192088,0,4,190,81,72,66,77,76,57,71,70,48,41,19,10,17,26,2,9,797,10717,11404,16534,21189,29607,37088,51164,94397,214585,264692,268005,220380,144529,138429,0,0,39,153,166,279,361,469,560,754,1177,1206,1052,804,491,250,221,0,1,25,142,124,202,273,474,668,945,1875,2617,3422,3620,2714,1420,892,0,0,0,0,1,7,10,15,14,24,53,119,135,184,122,82,55,8593,764216,1137751,1444529,1185147,1240310,1306463,1415935,1326167,1373984,1703056,1917786,1782521,1553726,1170265,743478,731792,591,199,263,260,259,385,466,574,646,862,1307,1381,1238,1010,627,352,304
2022-08-12,8796,435064,531911,616375,498278,504527,517929,539165,489303,495521,585687,596763,520204,437381,317352,200374,200462,310,97,15,6,19,17,16,10,10,7,14,3,5,1,2,0,1,98,328849,508597,583059,473190,484499,498678,525261,479187,483105,572893,589993,515672,434899,318834,201399,199922,1,118,31,14,19,17,6,11,8,11,4,2,3,3,2,0,0,8,514,96672,234349,202266,234674,268492,321533,319991,343334,448272,513885,478569,409843,311005,195759,192089,0,6,205,93,77,92,76,84,52,67,50,52,30,18,16,3,1,2,9,825,10861,11580,16844,21551,30056,37592,51893,95534,215685,265662,268711,220853,144774,138639,0,0,28,144,176,310,362,449,504,729,1137,1100,970,706,473,245,210,0,1,25,142,126,205,278,481,683,964,1918,2718,3549,3801,2869,1504,950,0,0,0,0,2,3,5,7,15,19,43,101,127,181,155,84,58,8904,764437,1138030,1444786,1185440,1240749,1306928,1416496,1326756,1374817,1704304,1919044,1783656,1554635,1170913,743810,732062,311,221,279,257,293,439,465,561,589,833,1248,1258,1135,909,648,332,270
2022-08-13,9469,435202,531917,616381,498290,504545,517938,539173,489308,495530,585695,596769,520213,437389,317354,200376,200463,673,138,6,6,12,18,9,8,5,9,8,6,9,8,2,2,1,100,329022,508634,583073,473204,484512,498689,525274,479193,483111,572896,589997,515676,434900,318834,201399,199922,2,173,37,14,14,13,11,13,6,6,3,4,4,1,0,0,0,8,522,96949,234423,202343,234760,268575,321617,320076,343412,448333,513940,478594,409860,311013,195764,192096,0,8,277,74,77,86,83,84,85,78,61,55,25,17,8,5,7,2,9,857,11055,11766,17131,21978,30571,38185,52685,96685,216755,266618,269264,221279,144982,138762,0,0,32,194,186,287,427,515,593,792,1151,1070,956,553,426,208,123,0,1,25,146,128,209,285,500,705,997,1969,2821,3689,3983,3020,1592,1014,0,0,0,4,2,4,7,19,22,33,51,103,140,182,151,88,64,9579,764756,1138382,1445078,1185731,1241157,1307465,1417135,1327467,1375735,1705578,1920282,1784790,1555396,1171500,744113,732257,675,319,352,292,291,408,537,639,711,918,1274,1238,1134,761,587,303,195
2022-08-14,9581,435244,531918,616384,498294,504545,517939,539174,489310,495531,585697,596770,520216,437390,317354,200376,200463,112,42,1,3,4,0,1,1,2,1,2,1,3,1,0,0,0,100,329063,508643,583076,473207,484515,498693,525275,479196,483111,572896,589997,515679,434900,318834,201399,199922,0,41,9,3,3,3,4,1,3,0,0,0,3,0,0,0,0,8,524,97047,234458,202368,234784,268604,321639,320101,343434,448355,513955,478600,409865,311014,195764,192097,0,2,98,35,25,24,29,22,25,22,22,15,6,5,1,0,1,2,9,863,11110,11814,17221,22098,30746,38351,52923,97039,217088,266894,269447,221406,145047,138812,0,0,6,55,48,90,120,175,166,238,354,333,276,183,127,65,50,0,1,25,149,128,210,288,505,710,1008,1983,2862,3738,4043,3085,1618,1025,0,0,0,3,0,1,3,5,5,11,14,41,49,60,65,26,11,9691,764841,1138496,1445177,1185811,1241275,1307622,1417339,1327668,1376007,1705970,1920672,1785127,1555645,1171693,744204,732319,112,85,114,99,80,118,157,204,201,272,392,390,337,249,193,91,62
2022-08-15,9753,435298,531926,616392,498302,504553,517949,539177,489315,495534,585700,596776,520224,437396,317360,200380,200470,172,54,8,8,8,8,10,3,5,3,3,6,8,6,6,4,7,100,329104,508664,583089,473217,484527,498703,525288,479200,483114,572896,590002,515680,434902,318841,201402,199928,0,41,21,13,10,12,10,13,4,3,0,5,1,2,7,3,6,8,527,97246,234530,202427,234845,268670,321689,320161,343499,448410,514006,478632,409904,311041,195783,192148,0,3,199,72,59,61,66,50,60,65,55,51,32,39,27,19,51,2,9,885,11242,11948,17456,22414,31209,38817,53481,97859,217966,267702,270050,221878,145381,139434,0,0,22,132,134,235,316,463,466,558,820,878,808,603,472,334,622,0,1,25,151,133,221,298,516,746,1042,2070,3041,4014,4467,3757,2448,2710,0,0,0,2,5,11,10,11,36,34,87,179,276,424,672,830,1685,9863,764939,1138746,1445404,1186027,1241602,1308034,1417879,1328239,1376670,1706935,1921791,1786252,1556719,1172877,745394,734690,172,98,250,227,216,327,412,540,571,663,965,1119,1125,1074,1184,1190,2371
2022-08-16,10078,435373,531932,616411,498313,504570,517971,539184,489321,495538,585706,596782,520231,437404,317368,200384,200476,325,75,6,19,11,17,22,7,6,4,6,6,7,8,8,4,6,100,329201,508689,583095,473231,484540,498713,525293,479207,483121,572902,590011,515685,434906,318847,201407,199936,0,97,25,6,14,13,10,5,7,7,6,9,5,4,6,5,8,8,532,97513,234642,202521,234949,268798,321804,320253,343587,448488,514078,478679,409951,311074,195821,192212,0,5,267,112,94,104,128,115,92,88,78,72,47,47,33,38,64,2,9,941,11465,12155,17770,22848,31818,39496,54334,99211,219378,269016,271008,222650,145908,140202,0,0,56,223,207,314,434,609,679,853,1352,1412,1314,958,772,527,768,0,1,26,151,135,227,311,543,781,1111,2189,3368,4494,5100,4783,3566,4671,0,0,1,0,2,6,13,27,35,69,119,327,480,633,1026,1118,1961,10188,765116,1139101,1445764,1186355,1242056,1308641,1418642,1329058,1377691,1708496,1923617,1788105,1558369,1174722,747086,737497,325,177,355,360,328,454,607,763,819,1021,1561,1826,1853,1650,1845,1692,2807
2022-08-17,10310,435449,531950,616424,498322,504583,517985,539186,489330,495543,585708,596784,520239,437410,317371,200387,200486,232,76,18,13,9,13,14,2,9,5,2,2,8,6,3,3,10,101,329307,508718,583116,473247,484564,498727,525311,479211,483128,572910,590020,515688,434912,318854,201418,199954,1,106,29,21,16,24,14,18,4,7,8,9,3,6,7,11,18,8,537,97782,234758,202616,235044,268896,321887,320344,343660,448560,514148,478739,409982,311126,195883,192342,0,5,269,116,95,95,98,83,91,73,72,70,60,31,52,62,130,2,9,989,11719,12375,18137,23288,32437,40291,55321,100604,220815,270288,272043,223687,146607,141328,0,0,48,254,220,367,440,619,795,987,1393,1437,1272,1035,1037,699,1126,0,1,27,156,141,239,331,574,835,1201,2352,3758,5107,6080,6633,5403,7773,0,0,1,5,6,12,20,31,54,90,163,390,613,980,1850,1837,3102,10421,765303,1139466,1446173,1186701,1242567,1309227,1419395,1330011,1378853,1710134,1925525,1790061,1560427,1177671,749698,741883,233,187,365,409,346,511,586,753,953,1162,1638,1908,1956,2058,2949,2612,4386
2022-08-18,10645,435556,531970,616445,498338,504597,517991,539196,489342,495554,585716,596789,520247,437418,317374,200394,200490,335,107,20,21,16,14,6,10,12,11,8,5,8,8,3,7,4,101,329454,508759,583136,473255,484579,498739,525321,479221,483134,572914,590022,515694,434915,318857,201426,199963,0,147,41,20,8,15,12,10,10,6,4,2,6,3,3,8,9,8,544,98142,234873,202699,235141,268993,321982,320440,343756,448645,514216,478796,410021,311173,195925,192415,0,7,360,115,83,97,97,95,96,96,85,68,57,39,47,42,73,2,9,1048,11991,12647,18525,23782,33177,41147,56410,102155,222507,271865,273282,224889,147258,142201,0,0,59,272,272,388,494,740,856,1089,1551,1692,1577,1239,1202,651,873,0,1,27,163,153,247,343,601,885,1277,2529,4204,5819,7139,8559,7064,10004,0,0,0,7,12,8,12,27,50,76,177,446,712,1059,1926,1661,2231,10756,765564,1139946,1446608,1187092,1243089,1309848,1420277,1331035,1380131,1711959,1927738,1792421,1562775,1180852,752067,745073,335,261,480,435,391,522,621,882,1024,1278,1825,2213,2360,2348,3181,2369,3190
2022-08-19,11000,435649,531981,616459,498347,504612,518004,539205,489347,495559,585722,596795,520253,437421,317377,200396,200494,355,93,11,14,9,15,13,9,5,5,6,6,6,3,3,2,4,101,329585,508783,583152,473266,484596,498751,525329,479236,483145,572922,590026,515699,434921,318863,201429,199970,0,131,24,16,11,17,12,8,15,11,8,4,5,6,6,3,7,8,553,98407,234977,202766,235211,269090,322082,320520,343828,448726,514284,478841,410057,311216,195952,192469,0,9,265,104,67,70,97,100,80,72,81,68,45,36,43,27,54,2,9,1092,12198,12879,18835,24266,33834,41917,57362,103443,223782,272945,274125,225772,147770,142810,0,0,44,207,232,310,484,657,770,952,1288,1275,1080,843,883,512,609,0,1,29,166,160,254,360,626,924,1351,2678,4557,6371,7963,10172,8431,11818,0,0,2,3,7,7,17,25,39,74,149,353,552,824,1613,1367,1814,11111,765797,1140292,1446952,1187418,1243508,1310471,1421076,1331944,1381245,1713491,1929444,1794109,1564487,1183400,753978,747561,355,233,346,344,326,419,623,799,909,1114,1532,1706,1688,1712,2548,1911,2488
2022-08-20,11495,435801,531988,616465,498354,504624,518013,539216,489353,495564,585729,596802,520261,437423,317381,200396,200494,495,152,7,6,7,12,9,11,6,5,7,7,8,2,4,0,0,101,329778,508805,583161,473277,484606,498759,525336,479243,483155,572924,590030,515702,434923,318863,201430,199970,0,193,22,9,11,10,8,7,7,10,2,4,3,2,0,1,0,8,562,98686,235057,202818,235277,269166,322144,320584,343883,448784,514330,478865,410072,311231,195962,192476,0,9,279,80,52,66,76,62,64,55,58,46,24,15,15,10,7,2,9,1128,12384,13040,19082,24661,34324,42525,58077,104438,224762,273798,274695,226297,147970,142992,0,0,36,186,161,247,395,490,608,715,995,980,853,570,525,200,182,0,1,30,169,164,260,373,664,952,1394,2757,4787,6699,8416,10893,8916,12105,0,0,1,3,4,6,13,38,28,43,79,230,328,453,721,485,287,11606,766151,1140637,1447236,1187653,1243849,1310972,1421684,1332657,1382073,1714632,1930711,1795325,1565529,1184665,754674,748037,495,354,345,284,235,341,501,608,713,828,1141,1267,1216,1042,1265,696,476
2022-08-21,11596,435860,531993,616470,498361,504627,518017,539216,489359,495565,585732,596804,520262,437423,317381,200398,200494,101,59,5,5,7,3,4,0,6,1,3,2,1,0,0,2,0,102,329842,508819,583169,473278,484615,498768,525338,479245,483156,572926,590030,515704,434923,318864,201430,199970,1,64,14,8,1,9,9,2,2,1,2,0,2,0,1,0,0,8,567,98834,235084,202852,235309,269203,322180,320607,343908,448815,514348,478875,410077,311237,195965,192478,0,5,148,27,34,32,37,36,23,25,31,18,10,5,6,3,2,2,9,1149,12472,13126,19175,24838,34552,42802,58341,104883,225200,274092,274920,226467,148059,143045,0,0,21,88,86,93,177,228,277,264,445,438,294,225,170,89,53,0,1,31,174,164,266,382,673,962,1408,2805,4912,6874,8642,11223,9137,12293,0,0,1,5,0,6,9,9,10,14,48,125,175,226,330,221,188,11708,766279,1140826,1447369,1187781,1243992,1311208,1421959,1332975,1382378,1715161,1931294,1795807,1565985,1185172,754989,748280,102,128,189,133,128,143,236,275,318,305,529,583,482,456,507,315,243
2022-08-22,11745,435909,532003,616484,498369,504634,518027,539225,489363,495573,585739,596813,520265,437426,317383,200402,200495,149,49,10,14,8,7,10,9,4,8,7,9,3,3,2,4,1,107,329940,508839,583178,473289,484621,498775,525345,479252,483161,572929,590032,515708,434927,318867,201430,199979,5,98,20,9,11,6,7,7,7,5,3,2,4,4,3,0,9,8,576,99056,235146,202919,235384,269281,322236,320664,343957,448874,514399,478909,410126,311270,195989,192541,0,9,222,62,67,75,78,56,57,49,59,51,34,49,33,24,63,2,9,1193,12605,13281,19415,25152,35017,43345,58922,105847,226491,275232,275707,227072,148503,143644,0,0,44,133,155,240,314,465,543,581,964,1291,1140,787,605,444,599,0,1,32,178,169,272,396,709,1005,1469,2955,5493,7899,10010,12569,10439,14186,0,0,1,4,5,6,14,36,43,61,150,581,1025,1368,1346,1302,1893,11862,766435,1141123,1447591,1188027,1244326,1311631,1422532,1333629,1383082,1716344,1933228,1798013,1568196,1187161,756763,750845,154,156,297,222,246,334,423,573,654,704,1183,1934,2206,2211,1989,1774,2565
2022-08-23,11977,436009,532023,616495,498384,504650,518031,539230,489371,495576,585745,596821,520272,437433,317389,200404,200500,232,100,20,11,15,16,4,5,8,3,6,8,7,7,6,2,5,108,330067,508859,583194,473298,484632,498782,525354,479258,483168,572943,590039,515712,434930,318871,201431,199983,1,127,20,16,9,11,7,9,6,7,14,7,4,3,4,1,4,8,583,99304,235224,202992,235464,269359,322305,320745,344026,448941,514463,478965,410166,311305,196016,192611,0,7,248,78,73,80,78,69,81,69,67,64,56,40,35,27,70,2,9,1221,12756,13495,19646,25519,35582,43895,59612,106924,228343,277044,277012,228011,149120,144601,0,0,28,151,214,231,367,565,550,690,1077,1852,1812,1305,939,617,957,0,1,32,183,177,286,417,742,1051,1543,3115,6272,9208,11823,14413,12111,16788,0,0,0,5,8,14,21,33,46,74,160,779,1309,1813,1844,1672,2602,12095,766669,1141439,1447852,1188346,1244678,1312108,1423213,1334320,1383925,1717668,1935938,1801201,1571364,1189989,759082,754483,233,234,316,261,319,352,477,681,691,843,1324,2710,3188,3168,2828,2319,3638
2022-08-24,12307,436100,532037,616517,498417,504672,518054,539245,489387,495585,585751,596828,520283,437445,317393,200407,200505,330,91,14,22,33,22,23,15,16,9,6,7,11,12,4,3,5,108,330188,508887,583213,473310,484647,498789,525365,479265,483172,572948,590043,515715,434933,318877,201433,199989,0,121,28,19,12,15,7,11,7,4,5,4,3,3,6,2,6,8,588,99625,235326,203091,235542,269435,322396,320823,344105,449007,514539,479016,410202,311348,196057,192678,0,5,321,102,99,78,76,91,78,79,66,76,51,36,43,41,67,2,9,1260,12976,13752,20018,26014,36248,44594,60455,108210,230259,278881,278400,229045,149753,145457,0,0,39,220,257,372,495,666,699,843,1286,1916,1837,1388,1034,633,856,0,1,35,188,192,306,443,785,1107,1636,3318,7112,10585,13670,16295,13881,19466,0,0,3,5,15,20,26,43,56,93,203,840,1377,1847,1882,1770,2678,12425,766886,1141844,1448220,1188762,1245185,1312735,1424039,1335176,1384953,1719234,1938781,1804480,1574650,1192958,761531,758095,330,217,405,368,416,507,627,826,856,1028,1566,2843,3279,3286,2969,2449,3612
2022-08-25,12554,436209,532051,616533,498439,504690,518069,539267,489398,495593,585756,596837,520295,437447,317399,200412,200507,247,109,14,16,22,18,15,22,11,8,5,9,12,2,6,5,2,109,330321,508919,583221,473330,484659,498799,525376,479275,483178,572956,590051,515717,434940,318886,201441,199999,1,133,32,8,20,12,10,11,10,6,8,8,2,7,9,8,10,8,605,99951,235397,203167,235619,269508,322482,320907,344173,449070,514605,479083,410246,311387,196093,192741,0,17,326,71,76,77,73,86,84,68,63,66,67,44,39,36,63,2,9,1300,13180,13984,20370,26440,36876,45307,61287,109389,232026,280517,279660,229943,150379,146380,0,0,40,204,232,352,426,628,713,832,1179,1767,1636,1260,898,626,923,0,1,37,196,206,319,469,827,1162,1725,3522,7858,11759,15259,17990,15599,22059,0,0,2,8,14,13,26,42,55,89,204,746,1174,1589,1695,1718,2593,12673,767145,1142258,1448527,1189126,1245657,1313285,1424828,1336049,1385956,1720693,1941377,1807371,1577552,1195605,763924,761686,248,259,414,307,364,472,550,789,873,1003,1459,2596,2891,2902,2647,2393,3591
2022-08-26,12978,436330,532065,616554,498456,504714,518083,539287,489410,495608,585766,596845,520309,437454,317403,200415,200512,424,121,14,21,17,24,14,20,12,15,10,8,14,7,4,3,5,111,330441,508954,583235,473353,484677,498810,525388,479289,483188,572961,590061,515718,434946,318891,201442,200003,2,120,35,14,23,18,11,12,14,10,5,10,1,6,5,1,4,8,613,100247,235478,203245,235709,269593,322563,320987,344252,449137,514686,479130,410291,311420,196121,192792,0,8,296,81,78,90,85,81,80,79,67,81,47,45,33,28,51,2,9,1329,13416,14207,20751,26927,37553,46067,62240,110752,233822,282032,280652,230695,150785,146891,0,0,29,236,223,381,487,677,760,953,1363,1796,1515,992,752,406,511,0,1,37,206,218,335,494,867,1212,1808,3685,8610,12835,16685,19579,16997,24000,0,0,0,10,12,16,25,40,50,83,163,752,1076,1426,1589,1398,1941,13099,767394,1142632,1448889,1189479,1246186,1313907,1425658,1336965,1387096,1722301,1944024,1810024,1580028,1197988,765760,764198,426,249,374,362,353,529,622,830,916,1140,1608,2647,2653,2476,2383,1836,2512
2022-08-27,13462,436453,532082,616567,498469,504725,518092,539294,489414,495612,585771,596851,520319,437456,317404,200415,200513,484,123,17,13,13,11,9,7,4,4,5,6,10,2,1,0,1,113,330622,508974,583247,473365,484694,498814,525400,479297,483200,572965,590067,515720,434946,318891,201444,200005,2,181,20,12,12,17,4,12,8,12,4,6,2,0,0,2,2,8,626,100531,235544,203313,235783,269657,322645,321060,344311,449200,514729,479147,410307,311430,196123,192802,0,13,284,66,68,74,64,82,73,59,63,43,17,16,10,2,10,2,9,1359,13614,14366,21015,27324,38115,46693,62986,111766,235006,282920,281201,231057,150969,147032,0,0,30,198,159,264,397,562,626,746,1014,1184,888,549,362,184,141,0,1,40,210,227,341,508,901,1247,1864,3799,9029,13411,17290,20089,17365,24339,0,0,3,4,9,6,14,34,35,56,114,419,576,605,510,368,339,13585,767711,1142986,1449182,1189740,1246558,1314395,1426355,1337711,1387973,1723501,1945682,1811517,1581200,1198871,766316,764691,486,317,354,293,261,372,488,697,746,877,1200,1658,1493,1172,883,556,493
2022-08-28,13610,436488,532091,616574,498474,504734,518095,539296,489416,495612,585773,596853,520322,437459,317405,200416,200513,148,35,9,7,5,9,3,2,2,0,2,2,3,3,1,1,0,114,330695,508985,583256,473370,484699,498817,525403,479299,483202,572968,590068,515721,434946,318892,201445,200005,1,73,11,9,5,5,3,3,2,2,3,1,1,0,1,1,0,8,631,100654,235579,203343,235815,269696,322682,321083,344343,449234,514751,479161,410318,311435,196123,192805,0,5,123,35,30,32,39,37,23,32,34,22,14,11,5,0,3,2,9,1379,13736,14473,21174,27516,38423,47012,63312,112224,235579,283356,281459,231226,151046,147084,0,0,20,122,107,159,192,308,319,326,458,573,436,258,169,77,52,0,1,41,214,228,345,521,912,1269,1896,3852,9239,13719,17649,20419,17611,24519,0,0,1,4,1,4,13,11,22,32,53,210,308,359,330,246,180,13734,767824,1143150,1449359,1189888,1246767,1314645,1426716,1338079,1388365,1724051,1946490,1812279,1581831,1199377,766641,764926,149,113,164,177,148,209,250,361,368,392,550,808,762,631,506,325,235
2022-08-29,13704,436514,532093,616587,498479,504740,518101,539301,489420,495616,585779,596858,520326,437465,317409,200418,200519,94,26,2,13,5,6,6,5,4,4,6,5,4,6,4,2,6,114,330731,508997,583270,473381,484704,498821,525414,479303,483205,572973,590070,515724,434947,318898,201449,200007,0,36,12,14,11,5,4,11,4,3,5,2,3,1,6,4,2,8,637,100766,235652,203398,235869,269747,322721,321132,344398,449277,514791,479195,410345,311458,196141,192847,0,6,112,73,55,54,51,39,49,55,43,40,34,27,23,18,42,3,9,1394,13893,14660,21450,27815,38847,47472,63847,113026,236384,284137,282012,231664,151362,147637,1,0,15,157,187,276,299,424,460,535,802,805,781,553,438,316,553,0,1,41,220,233,355,536,937,1299,1962,3976,9639,14364,18618,21558,18839,26461,0,0,0,6,5,10,15,25,30,66,124,400,645,969,1139,1228,1942,13829,767892,1143291,1449622,1190151,1247118,1315020,1427220,1338626,1389028,1725031,1947742,1813746,1583387,1200987,768209,767471,95,68,141,263,263,351,375,504,547,663,980,1252,1467,1556,1610,1568,2545
2022-08-30,13888,436549,532104,616603,498488,504751,518108,539307,489424,495621,585789,596863,520329,437473,317415,200421,200524,184,35,11,16,9,11,7,6,4,5,10,5,3,8,6,3,5,115,330792,509012,583280,473390,484716,498828,525419,479310,483214,572977,590074,515730,434951,318900,201449,200010,1,61,15,10,9,12,7,5,7,9,4,4,6,4,2,0,3,8,669,100905,235718,203459,235945,269823,322796,321206,344469,449336,514871,479242,410378,311489,196165,192911,0,32,139,66,61,76,76,75,74,71,59,80,47,33,31,24,64,3,9,1407,14124,14888,21839,28241,39480,48203,64729,114410,237896,285563,283092,232349,151834,148423,0,0,13,231,228,389,426,633,731,882,1384,1512,1426,1080,685,472,786,0,1,41,227,245,368,566,975,1366,2057,4181,10312,15483,20245,23330,20671,29141,0,0,0,7,12,13,30,38,67,95,205,673,1119,1627,1772,1832,2680,14014,768020,1143469,1449952,1190470,1247619,1315566,1427977,1339509,1390090,1726693,1950016,1816347,1586139,1203483,770540,771009,185,128,178,330,319,501,546,757,883,1062,1662,2274,2601,2752,2496,2331,3538
2022-08-31,14136,436598,532113,616616,498493,504757,518114,539317,489428,495628,585795,596869,520335,437482,317422,200423,200531,248,49,9,13,5,6,6,10,4,7,6,6,6,9,7,2,7,116,330866,509032,583293,473408,484722,498842,525427,479321,483223,572982,590077,515731,434958,318905,201450,200019,1,74,20,13,18,6,14,8,11,9,5,3,1,7,5,1,9,8,786,101070,235789,203516,236027,269921,322875,321273,344543,449404,514935,479285,410413,311519,196194,192966,0,117,165,71,57,82,98,79,67,74,68,64,43,35,30,29,55,3,9,1415,14344,15115,22219,28735,40121,48964,65602,115821,239465,287064,284164,233113,152385,149242,0,0,8,220,227,380,494,641,761,873,1411,1569,1501,1072,764,551,819,0,1,42,240,256,378,586,1024,1413,2142,4377,11026,16638,21979,25271,22687,31753,0,0,1,13,11,10,20,49,47,85,196,714,1155,1734,1941,2016,2612,14263,768260,1143672,1450282,1190788,1248103,1316198,1428764,1340399,1391138,1728379,1952372,1819053,1588996,1206230,773139,774511,249,240,203,330,318,484,632,787,890,1048,1686,2356,2706,2857,2747,2599,3502
2022-09-01,14275,436633,532120,616631,498503,504770,518121,539326,489431,495633,585799,596876,520342,437485,317428,200425,200535,139,35,7,15,10,13,7,9,3,5,4,7,7,3,6,2,4,117,330911,509038,583305,473426,484734,498849,525433,479327,483229,572985,590080,515734,434960,318908,201453,200029,1,45,6,12,18,12,7,6,6,6,3,3,3,2,3,3,10,8,1000,101174,235856,203594,236091,269983,322943,321317,344608,449463,514985,479333,410441,311544,196225,193042,0,214,104,67,78,64,62,68,44,65,59,50,48,28,25,31,76,3,11,1435,14536,15336,22481,29109,40600,49486,66197,116779,240493,288107,284882,233647,152854,149884,0,2,20,192,221,262,374,479,522,595,958,1028,1043,718,534,469,642,0,1,43,247,260,389,601,1055,1449,2228,4536,11536,17462,23127,26619,24373,34221,0,0,1,7,4,11,15,31,36,86,159,510,824,1148,1348,1686,2468,14403,768556,1143810,1450575,1191119,1248465,1316663,1429357,1341010,1391895,1729562,1953970,1820978,1590895,1208146,775330,777711,140,296,138,293,331,362,465,593,611,757,1183,1598,1925,1899,1916,2191,3200
2022-09-02,14478,436692,532134,616656,498511,504782,518129,539333,489437,495640,585804,596878,520353,437490,317432,200429,200537,203,59,14,25,8,12,8,7,6,7,5,2,11,5,4,4,2,120,330975,509052,583319,473435,484743,498859,525445,479334,483238,572990,590085,515736,434963,318910,201454,200032,3,64,14,14,9,9,10,12,7,9,5,5,2,3,2,1,3,8,1246,101288,235926,203648,236177,270055,323015,321380,344658,449521,515022,479363,410463,311568,196242,193071,0,246,114,70,54,86,72,72,63,50,58,37,30,22,24,17,29,3,11,1448,14720,15546,22758,29503,41073,50013,66802,117630,241370,288821,285393,234038,153154,150362,0,0,13,184,210,277,394,473,527,605,851,877,714,511,391,300,478,0,1,43,250,267,399,620,1085,1488,2300,4681,11912,18081,24027,27648,25511,35798,0,0,0,3,7,10,19,30,39,72,145,376,619,900,1029,1138,1577,14609,768925,1143965,1450871,1191407,1248859,1317166,1429951,1341652,1392638,1730626,1955267,1822354,1592336,1209596,776790,779800,206,369,155,296,288,394,503,594,642,743,1064,1297,1376,1441,1450,1460,2089
2022-09-03,14855,436795,532146,616665,498521,504796,518138,539340,489442,495645,585809,596883,520358,437493,317434,200429,200537,377,103,12,9,10,14,9,7,5,5,5,5,5,3,2,0,0,125,331075,509084,583324,473447,484752,498868,525451,479339,483242,572994,590087,515737,434965,318910,201454,200032,5,100,32,5,12,9,9,6,5,4,4,2,1,2,0,0,0,8,1657,101550,235967,203696,236226,270124,323076,321423,344709,449559,515054,479381,410471,311579,196248,193073,0,411,262,41,48,49,69,61,43,51,38,32,18,8,11,6,2,3,11,1475,14887,15689,22996,29836,41507,50472,67285,118254,241873,289206,285629,234182,153246,150435,0,0,27,167,143,238,333,434,459,483,624,503,385,236,144,92,73,0,1,43,252,272,406,632,1111,1515,2356,4765,12136,18438,24468,28120,26039,36152,0,0,0,2,5,7,12,26,27,56,84,224,357,441,472,528,354,14991,769539,1144298,1451095,1191625,1249176,1317598,1430485,1342191,1393237,1731381,1956033,1823120,1593026,1210225,777416,780229,382,614,333,224,218,317,432,534,539,599,755,766,766,690,629,626,429
2022-09-04,14901,436836,532147,616667,498524,504802,518142,539344,489444,495649,585811,596884,520359,437493,317434,200429,200537,46,41,1,2,3,6,4,4,2,4,2,1,1,0,0,0,0,125,331118,509085,583328,473450,484754,498869,525454,479341,483245,572996,590087,515737,434966,318910,201454,200032,0,43,1,4,3,2,1,3,2,3,2,0,0,1,0,0,0,8,1836,101604,235992,203718,236249,270142,323105,321444,344728,449569,515064,479388,410478,311582,196250,193074,0,179,54,25,22,23,18,29,21,19,10,10,7,7,3,2,1,3,11,1480,14963,15758,23093,29966,41660,50646,67443,118491,242112,289381,285718,234241,153272,150468,0,0,5,76,69,97,130,153,174,158,237,239,175,89,59,26,33,0,1,43,257,273,408,634,1120,1531,2373,4797,12234,18584,24635,28319,26240,36264,0,0,0,5,1,2,2,9,16,17,32,98,146,167,199,201,112,15037,769802,1144359,1451207,1191723,1249306,1317753,1430683,1342406,1393438,1731664,1956381,1823449,1593290,1210486,777645,780375,46,263,61,112,98,130,155,198,215,201,283,348,329,264,261,229,146
2022-09-05,14912,436854,532150,616669,498532,504805,518143,539345,489446,495651,585814,596884,520359,437493,317435,200429,200537,11,18,3,2,8,3,1,1,2,2,3,0,0,0,1,0,0,125,331133,509093,583335,473452,484758,498873,525455,479345,483246,572998,590087,515737,434966,318912,201454,200032,0,15,8,7,2,4,4,1,4,1,2,0,0,0,2,0,0,8,1925,101658,236009,203733,236269,270160,323126,321461,344742,449580,515067,479397,410484,311589,196251,193074,0,89,54,17,15,20,18,21,17,14,11,3,9,6,7,1,0,3,11,1486,14999,15794,23163,30031,41767,50762,67587,118703,242276,289529,285803,234289,153302,150484,0,0,6,36,36,70,65,107,116,144,212,164,148,85,48,30,16,0,1,44,259,275,412,638,1124,1537,2384,4833,12328,18739,24846,28520,26436,36387,0,0,1,2,2,4,4,4,6,11,36,94,155,211,201,196,123,15048,769924,1144431,1451271,1191786,1249407,1317845,1430817,1342551,1393610,1731928,1956642,1823761,1593592,1210745,777872,780514,11,122,72,64,63,101,92,134,145,172,264,261,312,302,259,227,139
2022-09-06,15004,436874,532157,616684,498545,504818,518152,539354,489452,495653,585821,596893,520371,437499,317438,200439,200544,92,20,7,15,13,13,9,9,6,2,7,9,12,6,3,10,7,126,331159,509100,583346,473463,484772,498881,525459,479348,483253,573004,590093,515740,434968,318915,201456,200038,1,26,7,11,11,14,8,4,3,7,6,6,3,2,3,2,6,8,2048,101742,236064,203797,236345,270223,323196,321502,344788,449650,515132,479434,410519,311612,196269,193123,0,123,84,55,64,76,63,70,41,46,70,65,37,35,23,18,49,3,11,1494,15111,15970,23414,30341,42172,51200,68152,119537,243255,290438,286454,234816,153662,151046,0,0,8,112,176,251,310,405,438,565,834,979,909,651,527,360,562,0,1,44,262,282,421,661,1142,1590,2456,4995,12865,19627,26392,30311,28310,38866,0,0,0,3,7,9,23,18,53,72,162,537,888,1546,1791,1874,2479,15141,770093,1144537,1451467,1192057,1249770,1318258,1431323,1343092,1394302,1733007,1958238,1825610,1595832,1213092,780136,783617,93,169,106,196,271,363,413,506,541,692,1079,1596,1849,2240,2347,2264,3103
2022-09-07,15124,436896,532166,616699,498559,504833,518160,539364,489456,495658,585827,596904,520380,437501,317443,200444,200546,120,22,9,15,14,15,8,10,4,5,6,11,9,2,5,5,2,126,331195,509114,583363,473480,484790,498888,525468,479357,483261,573011,590099,515748,434975,318917,201460,200042,0,36,14,17,17,18,7,9,9,8,7,6,8,7,2,4,4,8,2172,101824,236121,203865,236412,270290,323251,321563,344851,449715,515184,479476,410558,311647,196285,193170,0,124,82,57,68,67,67,55,61,63,65,52,42,39,35,16,47,3,11,1505,15253,16141,23722,30711,42602,51667,68775,120455,244230,291401,287153,235366,154065,151638,0,0,11,142,171,308,370,430,467,623,918,975,963,699,550,403,592,0,1,44,267,287,436,672,1181,1642,2527,5166,13429,20592,28061,32229,30155,41324,0,0,0,5,5,15,11,39,52,71,171,564,965,1669,1918,1845,2458,15261,770275,1144653,1451703,1192332,1250193,1318721,1431866,1343685,1395072,1734174,1959846,1827597,1598248,1215602,782409,786720,120,182,116,236,275,423,463,543,593,770,1167,1608,1987,2416,2510,2273,3103
2022-09-08,15266,436934,532175,616720,498587,504850,518169,539384,489458,495664,585838,596908,520388,437502,317445,200449,200549,142,38,9,21,28,17,9,20,2,6,11,4,8,1,2,5,3,126,331240,509125,583375,473491,484801,498897,525478,479368,483263,573015,590102,515752,434979,318919,201463,200049,0,45,11,12,11,11,9,10,11,2,4,3,4,4,2,3,7,8,2278,101938,236177,203951,236494,270360,323331,321642,344933,449787,515234,479522,410590,311678,196314,193237,0,106,114,56,86,82,70,80,79,82,72,50,46,32,31,29,67,3,11,1519,15409,16343,23937,30989,43007,52085,69278,121295,245076,292159,287711,235849,154515,152367,0,0,14,156,202,215,278,405,418,503,840,846,758,558,483,450,729,0,1,45,271,298,452,690,1208,1683,2576,5310,13888,21314,29520,34051,31953,43799,0,0,1,4,11,16,18,27,41,49,144,459,722,1459,1822,1798,2475,15403,770464,1144802,1451952,1192670,1250534,1319105,1432408,1344236,1395714,1735245,1961208,1829135,1600302,1217942,784694,790001,142,189,149,249,338,341,384,542,551,642,1071,1362,1538,2054,2340,2285,3281
2022-09-09,15505,436978,532179,616734,498600,504867,518184,539391,489468,495673,585845,596918,520395,437511,317453,200451,200551,239,44,4,14,13,17,15,7,10,9,7,10,7,9,8,2,2,130,331286,509140,583392,473504,484815,498913,525488,479377,483270,573020,590106,515753,434980,318925,201464,200056,4,46,15,17,13,14,16,10,9,7,5,4,1,1,6,1,7,8,2458,102055,236229,203990,236572,270419,323399,321716,344991,449848,515285,479576,410625,311724,196338,193271,0,180,117,52,39,78,59,68,74,58,61,51,54,35,46,24,34,3,11,1545,15582,16557,24312,31506,43720,52799,70049,122435,246193,293097,288348,236347,154842,152805,0,0,26,173,214,375,517,713,714,771,1140,1117,938,637,498,327,438,0,1,45,279,311,477,729,1272,1743,2703,5569,14605,22414,31479,36180,33659,45729,0,0,0,8,13,25,39,64,60,127,259,717,1100,1959,2129,1706,1930,15646,770734,1144964,1452216,1192962,1251043,1319751,1433270,1345103,1396686,1736717,1963107,1831235,1602943,1220629,786754,792412,243,270,162,264,292,509,646,862,867,972,1472,1899,2100,2641,2687,2060,2411
2022-09-10,15971,437089,532198,616742,498606,504880,518194,539401,489471,495679,585851,596925,520405,437515,317456,200451,200552,466,111,19,8,6,13,10,10,3,6,6,7,10,4,3,0,1,133,331444,509164,583402,473516,484831,498926,525492,479387,483274,573027,590111,515758,434984,318926,201464,200056,3,158,24,10,12,16,13,4,10,4,7,5,5,4,1,0,0,8,2966,102351,236280,204038,236632,270497,323472,321781,345046,449910,515325,479603,410635,311733,196340,193273,0,508,296,51,48,60,78,73,65,55,62,40,27,10,9,2,2,3,12,1686,15805,16774,24679,32016,44486,53628,70899,123607,247134,293754,288751,236611,154940,152875,0,1,141,223,217,367,510,766,829,850,1172,941,657,403,264,98,70,0,1,46,303,332,504,773,1330,1825,2813,5779,15232,23272,32865,37495,34568,46226,0,0,1,24,21,27,44,58,82,110,210,627,858,1386,1315,909,497,16115,771512,1145445,1452532,1193266,1251526,1320406,1434181,1346092,1397711,1738174,1964727,1832792,1604750,1222221,787763,792982,469,778,481,316,304,483,655,911,989,1025,1457,1620,1557,1807,1592,1009,570
2022-09-11,16033,437128,532203,616754,498613,504886,518196,539404,489475,495680,585851,596926,520407,437518,317457,200452,200553,62,39,5,12,7,6,2,3,4,1,0,1,2,3,1,1,1,134,331490,509173,583407,473524,484837,498930,525500,479389,483275,573028,590111,515758,434985,318926,201466,200056,1,46,9,5,8,6,4,8,2,1,1,0,0,1,0,2,0,8,3201,102459,236306,204055,236655,270528,323507,321810,345072,449930,515343,479614,410643,311736,196344,193274,0,235,108,26,17,23,31,35,29,26,20,18,11,8,3,4,1,3,13,1730,15895,16885,24820,32261,44850,53998,71303,124086,247543,294054,288934,236715,154991,152937,0,1,44,90,111,141,245,364,370,404,479,409,300,183,104,51,62,0,1,46,316,343,532,791,1365,1860,2859,5891,15562,23702,33573,38127,34946,46517,0,0,0,13,11,28,18,35,35,46,112,330,430,708,632,378,291,16178,771833,1145611,1452678,1193420,1251730,1320706,1434626,1346532,1398189,1738786,1965485,1833535,1605653,1222961,788199,793337,63,321,166,146,154,204,300,445,440,478,612,758,743,903,740,436,355
2022-09-12,16071,437138,532206,616759,498623,504896,518200,539411,489481,495683,585854,596932,520413,437525,317460,200454,200554,38,10,3,5,10,10,4,7,6,3,3,6,6,7,3,2,1,135,331503,509178,583417,473533,484844,498938,525503,479397,483280,573031,590116,515759,434985,318928,201468,200059,1,13,5,10,9,7,8,3,8,5,3,5,1,0,2,2,3,8,3272,102502,236342,204096,236708,270573,323543,321852,345108,449965,515378,479639,410665,311761,196359,193317,0,71,43,36,41,53,45,36,42,36,35,35,25,22,25,15,43,3,13,1755,15987,17048,25060,32600,45257,54461,71793,124835,248385,294748,289429,237085,155307,153360,0,0,25,92,163,240,339,407,463,490,749,842,694,495,370,316,423,0,1,47,321,352,557,812,1402,1897,2936,6078,16283,24892,35479,40065,36405,48289,0,0,1,5,9,25,21,37,37,77,187,721,1190,1906,1938,1459,1772,16217,771927,1145688,1452826,1193652,1252065,1321123,1435116,1347088,1398800,1739763,1967094,1835451,1608083,1225299,789993,795579,39,94,77,148,232,335,417,490,556,611,977,1609,1916,2430,2338,1794,2242
2022-09-13,16169,437160,532210,616767,498640,504909,518214,539426,489483,495688,585860,596938,520419,437527,317467,200458,200558,98,22,4,8,17,13,14,15,2,5,6,6,6,2,7,4,4,136,331528,509184,583426,473545,484869,498945,525508,479403,483290,573037,590117,515761,434987,318932,201471,200062,1,25,6,9,12,25,7,5,6,10,6,1,2,2,4,3,3,8,3389,102577,236388,204170,236766,270622,323596,321895,345166,450013,515426,479680,410705,311796,196384,193349,0,117,75,46,74,58,49,53,43,58,48,48,41,40,35,25,32,3,13,1785,16126,17259,25386,33034,45826,55064,72480,125928,249469,295769,290129,237627,155634,153811,0,0,30,139,211,326,434,569,603,687,1093,1084,1021,700,542,327,451,0,1,48,329,363,577,838,1451,1965,3044,6322,17304,26693,38194,42847,38524,50413,0,0,1,8,11,20,26,49,68,108,244,1021,1801,2715,2782,2119,2124,16316,772091,1145804,1453036,1193977,1252507,1321653,1435807,1347810,1399668,1741160,1969254,1838322,1611542,1228669,792471,798193,99,164,116,210,325,442,530,691,722,868,1397,2160,2871,3459,3370,2478,2614
2022-09-14,16252,437175,532218,616785,498658,504935,518221,539433,489494,495698,585869,596947,520424,437534,317474,200458,200561,83,15,8,18,18,26,7,7,11,10,9,9,5,7,7,0,3,145,331562,509201,583443,473559,484884,498954,525516,479413,483296,573041,590121,515770,434988,318932,201473,200063,9,34,17,17,14,15,9,8,10,6,4,4,9,1,0,2,1,8,3478,102660,236438,204229,236838,270682,323654,321946,345212,450072,515476,479729,410734,311815,196401,193391,0,89,83,50,59,72,60,58,51,46,59,50,49,29,19,17,42,3,13,1842,16271,17491,25715,33488,46454,55765,73189,127154,250748,296983,290901,238209,156025,154505,0,0,57,145,232,329,454,628,701,709,1226,1279,1214,772,582,391,694,0,1,48,332,384,600,864,1503,2039,3156,6576,18459,28531,41108,45875,40803,53112,0,0,0,3,21,23,26,52,74,112,254,1155,1838,2914,3028,2279,2699,16408,772229,1145969,1453269,1194321,1252972,1322209,1436560,1348657,1400551,1742712,1971751,1841437,1615265,1232305,795160,801632,92,138,165,233,344,465,556,753,847,883,1552,2497,3115,3723,3636,2689,3439
2022-09-15,16397,437205,532230,616797,498667,504957,518228,539441,489502,495703,585874,596955,520436,437538,317479,200464,200565,145,30,12,12,9,22,7,8,8,5,5,8,12,4,5,6,4,148,331615,509214,583451,473573,484895,498961,525531,479416,483304,573046,590126,515774,434991,318933,201476,200067,3,53,13,8,14,11,7,15,3,8,5,5,4,3,1,3,4,8,3628,102766,236495,204281,236880,270728,323717,322002,345259,450146,515539,479774,410768,311835,196428,193450,0,150,106,57,52,42,46,63,56,47,74,63,45,34,20,27,59,3,14,1890,16403,17685,26036,33991,47095,56527,74052,128357,251936,298069,291623,238737,156377,154998,0,1,48,132,194,321,503,641,762,863,1203,1188,1086,722,528,352,493,0,1,49,335,400,621,895,1548,2120,3272,6833,19706,30640,44318,48932,42957,55537,0,0,1,3,16,21,31,45,81,116,257,1247,2109,3210,3057,2154,2425,16556,772463,1146149,1453481,1194606,1253389,1322803,1437332,1349567,1401590,1744256,1974262,1844693,1619238,1235916,797702,804617,148,234,180,212,285,417,594,772,910,1039,1544,2511,3256,3973,3611,2542,2985
2022-09-16,16586,437259,532243,616810,498680,504973,518245,539452,489513,495709,585883,596962,520444,437542,317481,200465,200566,189,54,13,13,13,16,17,11,11,6,9,7,8,4,2,1,1,160,331692,509232,583463,473589,484908,498976,525543,479428,483308,573050,590130,515777,434993,318935,201477,200068,12,77,18,12,16,13,15,12,12,4,4,4,3,2,2,1,1,8,3816,102927,236550,204344,236973,270798,323816,322082,345318,450213,515592,479795,410791,311846,196445,193481,0,188,161,55,63,93,70,99,80,59,67,53,21,23,11,17,31,3,14,1954,16557,17907,26402,34577,47814,57303,75001,129537,253055,298881,292189,239134,156646,155379,0,0,64,154,222,366,586,719,776,949,1180,1119,812,566,397,269,381,0,1,50,341,418,643,939,1598,2196,3396,7069,20793,32360,46589,51091,44383,57020,0,0,1,6,18,22,44,50,76,124,236,1087,1720,2271,2159,1426,1483,16757,772782,1146406,1453721,1194938,1253899,1323535,1438223,1350522,1402732,1745752,1976532,1847257,1622104,1238487,799416,806514,201,319,257,240,332,510,732,891,955,1142,1496,2270,2564,2866,2571,1714,1897
2022-09-17,16954,437360,532252,616822,498686,504987,518259,539458,489521,495715,585886,596968,520448,437545,317486,200466,200566,368,101,9,12,6,14,14,6,8,6,3,6,4,3,5,1,0,173,331812,509252,583476,473601,484915,498984,525552,479432,483313,573059,590133,515777,434997,318936,201477,200070,13,120,20,13,12,7,8,9,4,5,9,3,0,4,1,0,2,8,4332,103164,236603,204388,237022,270861,323875,322144,345379,450264,515623,479818,410807,311856,196450,193487,0,516,237,53,44,49,63,59,62,61,51,31,23,16,10,5,6,3,15,2111,16759,18113,26779,35101,48645,58094,75880,130792,254022,299529,292595,239408,156775,155464,0,1,157,202,206,377,524,831,791,879,1255,967,648,406,274,129,85,0,1,53,348,433,668,979,1665,2259,3506,7298,21759,33653,48287,52630,45316,57577,0,0,3,7,15,25,40,67,63,110,229,966,1293,1698,1539,933,557,17138,773520,1146832,1454008,1195221,1254371,1324184,1439195,1351450,1403793,1747299,1978505,1849225,1624231,1240316,800484,807164,381,738,426,287,283,472,649,972,928,1061,1547,1973,1968,2127,1829,1068,650
2022-09-18,16998,437383,532255,616828,498691,504991,518263,539460,489522,495715,585887,596969,520450,437545,317486,200466,200566,44,23,3,6,5,4,4,2,1,0,1,1,2,0,0,0,0,190,331862,509261,583481,473605,484919,498991,525555,479436,483315,573061,590135,515777,434998,318937,201477,200072,17,50,9,5,4,4,7,3,4,2,2,2,0,1,1,0,2,8,4508,103281,236627,204420,237051,270891,323908,322174,345399,450288,515638,479826,410815,311862,196450,193487,0,176,117,24,32,29,30,33,30,20,24,15,8,8,6,0,0,3,16,2171,16847,18222,26965,35348,48981,58482,76291,131369,254488,299867,292774,239529,156831,155498,0,1,60,88,109,186,247,336,388,411,577,466,338,179,121,56,34,0,1,53,352,440,674,989,1690,2292,3554,7412,22200,34289,49022,53297,45682,57796,0,0,0,4,7,6,10,25,33,48,114,441,636,735,667,366,219,17199,773770,1147021,1454135,1195378,1254600,1324482,1439594,1351906,1404274,1748017,1979430,1850209,1625154,1241111,800906,807419,61,250,189,127,157,229,298,399,456,481,718,925,984,923,795,422,255
2022-09-19,17043,437397,532256,616839,498699,505002,518272,539468,489526,495718,585893,596974,520457,437547,317489,200468,200570,45,14,1,11,8,11,9,8,4,3,6,5,7,2,3,2,4,226,331876,509266,583489,473619,484923,498996,525557,479443,483317,573065,590139,515782,435001,318940,201478,200076,36,14,5,8,14,4,5,2,7,2,4,4,5,3,3,1,4,8,4556,103328,236661,204468,237093,270938,323948,322208,345446,450334,515669,479868,410838,311879,196464,193506,0,48,47,34,48,42,47,40,34,47,46,31,42,23,17,14,19,3,16,2192,16924,18382,27206,35651,49419,58907,76778,132146,255214,300470,293159,239833,157066,155813,0,0,21,77,160,241,303,438,425,487,777,726,603,385,304,235,315,0,1,53,353,447,698,1015,1720,2354,3642,7608,23030,35705,50801,54849,46940,59304,0,0,0,1,7,24,26,30,62,88,196,830,1416,1779,1552,1258,1508,17280,773846,1147095,1454266,1195615,1254922,1324872,1440112,1352438,1404901,1749046,1981026,1852282,1627346,1242990,802416,809269,81,76,74,131,237,322,390,518,532,627,1029,1596,2073,2192,1879,1510,1850
2022-09-20,17141,437418,532260,616851,498710,505014,518281,539471,489533,495720,585893,596982,520469,437555,317491,200468,200574,98,21,4,12,11,12,9,3,7,2,0,8,12,8,2,0,4,323,331922,509276,583501,473627,484941,499001,525560,479448,483321,573074,590144,515785,435004,318941,201479,200077,97,46,10,12,8,18,5,3,5,4,9,5,3,3,1,1,1,8,4701,103412,236715,204537,237158,270997,324010,322258,345486,450386,515724,479912,410879,311905,196481,193548,0,145,84,54,69,65,59,62,50,40,52,55,44,41,26,17,42,3,16,2243,17069,18581,27578,36069,49992,59564,77482,133295,256412,301519,293881,240320,157347,156227,0,0,51,145,199,372,418,573,657,704,1149,1198,1049,722,487,281,414,0,1,53,356,460,722,1056,1770,2435,3752,7878,24283,37912,53535,57372,48597,60913,0,0,0,3,13,24,41,50,81,110,270,1253,2207,2734,2523,1657,1609,17475,774058,1147244,1454492,1195915,1255413,1325404,1440803,1353238,1405761,1750526,1983545,1855597,1630854,1246029,804372,811339,195,212,149,226,300,491,532,691,800,860,1480,2519,3315,3508,3039,1956,2070
2022-09-21,17250,437453,532264,616861,498723,505028,518292,539480,489541,495723,585897,596985,520473,437562,317496,200472,200575,109,35,4,10,13,14,11,9,8,3,4,3,4,7,5,4,1,491,331962,509287,583517,473646,484950,499011,525570,479459,483327,573081,590147,515788,435012,318942,201482,200079,168,40,11,16,19,9,10,10,11,6,7,3,3,8,1,3,2,9,4863,103521,236769,204605,237208,271058,324066,322313,345553,450466,515781,479954,410918,311929,196506,193584,1,162,109,54,68,50,61,56,55,67,80,57,42,39,24,25,36,3,16,2308,17239,18826,27974,36533,50634,60316,78362,134552,257710,302584,294666,240845,157633,156579,0,0,65,170,245,396,464,642,752,880,1257,1298,1065,785,525,286,352,0,1,53,364,469,750,1110,1818,2514,3889,8181,25718,40238,56618,60114,50418,62512,0,0,0,8,9,28,54,48,79,137,303,1435,2326,3083,2742,1821,1599,17753,774295,1147433,1454750,1196269,1255910,1326004,1441568,1354143,1406854,1752177,1986341,1859037,1634776,1249326,806511,813329,278,237,189,258,354,497,600,765,905,1093,1651,2796,3440,3922,3297,2139,1990
2022-09-22,17389,437491,532266,616870,498735,505040,518306,539488,489548,495728,585901,596995,520482,437573,317497,200472,200581,139,38,2,9,12,12,14,8,7,5,4,10,9,11,1,0,6,603,332022,509299,583522,473663,484963,499016,525578,479462,483331,573088,590150,515790,435014,318945,201483,200084,112,60,12,5,17,13,5,8,3,4,7,3,2,2,3,1,5,9,5054,103639,236814,204661,237272,271126,324133,322375,345615,450518,515837,479991,410945,311956,196518,193603,0,191,118,45,56,64,68,67,62,62,52,56,37,27,27,12,19,3,16,2378,17397,19053,28383,37106,51395,61139,79267,135852,258980,303650,295426,241318,157888,156920,0,0,70,158,227,409,573,761,823,905,1300,1270,1066,760,473,255,341,0,1,54,377,487,775,1149,1894,2605,4019,8487,27145,42653,59539,62728,52069,64084,0,0,1,13,18,25,39,76,91,130,306,1427,2415,2921,2614,1651,1572,18004,774584,1147636,1454980,1196599,1256433,1326703,1442488,1355129,1407960,1753846,1989107,1862566,1638497,1252444,808430,815272,251,289,203,230,330,523,699,920,986,1106,1669,2766,3529,3721,3118,1919,1943
2022-09-23,17577,437539,532273,616883,498747,505050,518310,539493,489551,495732,585904,597005,520488,437578,317499,200474,200582,188,48,7,13,12,10,4,5,3,4,3,10,6,5,2,2,1,792,332105,509317,583537,473672,484976,499022,525584,479469,483336,573093,590155,515798,435018,318950,201487,200088,189,83,18,15,9,13,6,6,7,5,5,5,8,4,5,4,4,9,5255,103787,236873,204720,237329,271203,324217,322455,345684,450562,515880,480021,410973,311967,196536,193634,0,201,148,59,59,57,77,84,80,69,44,43,30,28,11,18,31,3,16,2490,17609,19286,28876,37714,52275,62091,80236,137296,260176,304544,296061,241745,158152,157209,0,0,112,212,233,493,608,880,952,969,1444,1196,894,635,427,264,289,0,1,54,382,504,797,1181,1947,2698,4162,8810,28568,44797,61971,64874,53500,65604,0,0,0,5,17,22,32,53,93,143,323,1423,2144,2432,2146,1431,1520,18381,774916,1147921,1455284,1196929,1257028,1327430,1443516,1356264,1409150,1755665,1991784,1865648,1641601,1255035,810149,817117,377,332,285,304,330,595,727,1028,1135,1190,1819,2677,3082,3104,2591,1719,1845
2022-09-24,17854,437644,532281,616890,498755,505060,518317,539501,489554,495740,585911,597008,520493,437580,317502,200475,200584,277,105,8,7,8,10,7,8,3,8,7,3,5,2,3,1,2,1198,332277,509338,583545,473684,484982,499030,525589,479477,483341,573101,590158,515801,435021,318950,201487,200088,406,172,21,8,12,6,8,5,8,5,8,3,3,3,0,0,0,9,5790,104119,236930,204775,237391,271266,324297,322518,345746,450607,515919,480049,410994,311982,196544,193638,0,535,332,57,55,62,63,80,63,62,45,39,28,21,15,8,4,3,19,2707,17885,19565,29326,38346,53227,63104,81275,138686,261141,305184,296461,241981,158263,157287,0,3,217,276,279,450,632,952,1013,1039,1390,965,640,400,236,111,78,0,1,56,399,521,822,1220,2020,2815,4301,9058,29641,46217,63656,66310,54269,66080,0,0,2,17,17,25,39,73,117,139,248,1073,1420,1685,1436,769,476,19064,775731,1148501,1455649,1197300,1257581,1328179,1444634,1357468,1410403,1757363,1993867,1867744,1643712,1256725,811038,817677,683,815,580,365,371,553,749,1118,1204,1253,1698,2083,2096,2111,1690,889,560
2022-09-25,17924,437676,532287,616893,498761,505064,518323,539502,489555,495742,585913,597009,520494,437582,317503,200476,200584,70,32,6,3,6,4,6,1,1,2,2,1,1,2,1,1,0,1270,332330,509343,583547,473689,484988,499033,525593,479479,483343,573103,590159,515802,435021,318951,201487,200088,72,53,5,2,5,6,3,4,2,2,2,1,1,0,1,0,0,9,6007,104247,236967,204807,237424,271305,324335,322551,345784,450629,515937,480066,411003,311984,196550,193638,0,217,128,37,32,33,39,38,33,38,22,18,17,9,2,6,0,3,19,2786,18019,19705,29564,38657,53688,63582,81822,139316,261644,305521,296656,242109,158321,157338,0,0,79,134,140,238,311,461,478,547,630,503,337,195,128,58,51,0,1,56,400,531,836,1240,2050,2855,4367,9189,30193,46995,64579,67023,54641,66348,0,0,0,1,10,14,20,30,40,66,131,552,778,923,713,372,268,19206,776033,1148719,1455826,1197493,1257876,1328558,1445168,1358022,1411058,1758150,1994942,1868878,1644841,1257570,811475,817996,142,302,218,177,193,295,379,534,554,655,787,1075,1134,1129,845,437,319
2022-09-26,17967,437684,532290,616901,498774,505073,518337,539506,489560,495747,585915,597016,520501,437588,317506,200476,200586,43,8,3,8,13,9,14,4,5,5,2,7,7,6,3,0,2,1319,332337,509345,583557,473700,484993,499035,525597,479482,483344,573107,590162,515802,435023,318951,201487,200088,49,7,2,10,11,5,2,4,3,1,4,3,0,2,0,0,0,10,6052,104281,237015,204850,237481,271350,324381,322592,345824,450674,515983,480095,411018,312006,196561,193644,1,45,34,48,43,57,45,46,41,40,45,46,29,15,22,11,6,3,19,2817,18127,19910,29921,39040,54194,64104,82421,140232,262489,306219,297107,242381,158453,157480,0,0,31,108,205,357,383,506,522,599,916,845,698,451,272,132,142,0,1,56,404,537,856,1276,2089,2938,4469,9432,31224,48668,66410,68494,55531,67009,0,0,0,4,6,20,36,39,83,102,243,1031,1673,1831,1471,890,661,19299,776093,1148789,1456004,1197771,1258324,1329038,1445767,1358676,1411805,1759360,1996874,1871285,1647146,1259338,812508,818807,93,60,70,178,278,448,480,599,654,747,1210,1932,2407,2305,1768,1033,811
2022-09-27,18040,437719,532293,616910,498791,505088,518348,539512,489561,495753,585919,597022,520508,437596,317510,200477,200588,73,35,3,9,17,15,11,6,1,6,4,6,7,8,4,1,2,1391,332369,509352,583566,473709,485000,499040,525603,479484,483348,573110,590164,515805,435024,318952,201487,200090,72,32,7,9,9,7,5,6,2,4,3,2,3,1,1,0,2,10,6177,104356,237087,204922,237563,271428,324466,322644,345894,450737,516052,480147,411057,312030,196572,193657,0,125,75,72,72,82,78,85,52,70,63,69,52,39,24,11,13,3,19,2873,18341,20188,30361,39605,54955,64978,83405,141694,263964,307329,297861,242859,158684,157730,0,0,56,214,278,440,565,761,874,984,1462,1475,1110,754,478,231,250,0,1,58,416,553,890,1308,2153,3030,4616,9766,32735,51236,69329,70926,56839,67974,0,0,2,12,16,34,32,64,92,147,334,1511,2568,2919,2432,1308,965,19444,776285,1148932,1456320,1198163,1258902,1329729,1446689,1359697,1413016,1761226,1999937,1875025,1650867,1262277,814059,820039,145,192,143,316,392,578,691,922,1021,1211,1866,3063,3740,3721,2939,1551,1232
2022-09-28,18139,437750,532298,616921,498799,505103,518357,539518,489563,495758,585922,597029,520515,437598,317512,200477,200589,99,31,5,11,8,15,9,6,2,5,3,7,7,2,2,0,1,1566,332431,509366,583575,473718,485012,499046,525613,479489,483354,573118,590168,515808,435027,318952,201487,200090,175,62,14,9,9,12,6,10,5,6,8,4,3,3,0,0,0,10,6363,104511,237175,204981,237639,271516,324560,322708,345960,450812,516106,480196,411089,312045,196584,193663,0,186,155,88,59,76,88,94,64,66,75,54,49,32,15,12,6,3,20,2957,18550,20504,30873,40266,55822,65902,84498,143263,265387,308580,298678,243347,158897,157911,0,1,84,209,316,512,661,867,924,1093,1569,1423,1251,817,488,213,181,0,1,58,425,570,935,1348,2222,3137,4746,10100,34416,53934,72462,73449,58331,68969,0,0,0,9,17,45,40,69,107,130,334,1681,2698,3133,2523,1492,995,19718,776565,1149190,1456646,1198572,1259562,1330533,1447735,1360799,1414316,1763215,2003106,1879033,1654854,1265305,815776,821222,274,280,258,326,409,660,804,1046,1102,1300,1989,3169,4008,3987,3028,1717,1183
2022-09-29,18334,437794,532303,616936,498808,505113,518371,539526,489570,495760,585924,597032,520527,437603,317516,200479,200590,195,44,5,15,9,10,14,8,7,2,2,3,12,5,4,2,1,1702,332502,509376,583585,473729,485017,499052,525621,479492,483357,573123,590171,515809,435029,318953,201487,200091,136,71,10,10,11,5,6,8,3,3,5,3,1,2,1,0,1,10,6585,104628,237253,205027,237712,271582,324607,322786,346020,450885,516161,480232,411138,312073,196604,193684,0,222,117,78,46,73,66,47,78,60,73,55,36,49,28,20,21,3,20,3036,18783,20848,31368,40915,56647,66827,85539,144753,266723,309814,299483,243806,159107,158094,0,0,79,233,344,495,649,825,925,1041,1490,1336,1234,805,459,210,183,0,1,59,434,587,964,1399,2292,3253,4894,10477,35952,56483,75436,75977,59741,69906,0,0,1,9,17,29,51,70,116,148,377,1536,2549,2974,2528,1410,937,20049,776902,1149402,1456991,1198999,1260174,1331319,1448693,1361928,1415570,1765162,2006039,1882865,1658689,1268325,817418,822365,331,337,212,345,427,612,786,958,1129,1254,1947,2933,3832,3835,3020,1642,1143
2022-09-30,18528,437818,532311,616952,498817,505130,518378,539534,489579,495768,585928,597035,520531,437608,317521,200481,200591,194,24,8,16,9,17,7,8,9,8,4,3,4,5,5,2,1,1901,332569,509388,583592,473736,485030,499061,525629,479498,483361,573127,590173,515811,435032,318954,201487,200092,199,67,12,7,7,13,9,8,6,4,4,2,2,3,1,0,1,10,6763,104748,237309,205088,237768,271664,324695,322864,346086,450954,516211,480278,411174,312091,196622,193710,0,178,120,56,61,56,82,88,78,66,69,50,46,36,18,18,26,3,21,3115,19023,21203,31899,41694,57633,67963,86874,146428,268087,310911,300159,244257,159337,158308,0,1,79,240,355,531,779,986,1136,1335,1675,1364,1097,676,451,230,214,0,1,59,453,613,1008,1445,2391,3364,5072,10874,37526,58866,78200,78205,60998,70807,0,0,0,19,26,44,46,99,111,178,397,1574,2383,2764,2228,1257,901,20442,777172,1149621,1457329,1199457,1260835,1332242,1449882,1363268,1417161,1767311,2009032,1886397,1662173,1271028,818925,823508,393,270,219,338,458,661,923,1189,1340,1591,2149,2993,3532,3484,2703,1507,1143
2022-10-01,18842,437889,532320,616956,498821,505139,518384,539537,489586,495776,585930,597040,520536,437611,317522,200482,200591,314,71,9,4,4,9,6,3,7,8,2,5,5,3,1,1,0,2357,332689,509400,583600,473742,485037,499068,525635,479501,483367,573131,590178,515812,435034,318956,201488,200093,456,120,12,8,6,7,7,6,3,6,4,5,1,2,2,1,1,10,7238,104997,237360,205139,237821,271730,324758,322912,346129,451011,516254,480303,411199,312097,196623,193711,0,475,249,51,51,53,66,63,48,43,57,43,25,25,6,1,1,3,21,3305,19299,21471,32309,42357,58494,68871,87825,147584,268941,311575,300533,244507,159446,158387,0,0,190,276,268,410,663,861,908,951,1156,854,664,374,250,109,79,0,1,60,470,626,1051,1518,2491,3490,5227,11186,38564,60233,79615,79367,61662,71185,0,0,1,17,13,43,73,100,126,155,312,1038,1367,1415,1162,664,378,21212,777838,1150082,1457685,1199799,1261357,1333057,1450915,1364360,1418324,1768842,2010977,1888459,1663992,1272449,819701,823967,770,666,461,356,342,522,815,1033,1092,1163,1531,1945,2062,1819,1421,776,459
2022-10-02,18894,437909,532320,616959,498823,505142,518385,539537,489587,495776,585932,597044,520536,437611,317522,200482,200591,52,20,0,3,2,3,1,0,1,0,2,4,0,0,0,0,0,2440,332734,509408,583603,473743,485041,499070,525636,479503,483369,573131,590178,515813,435035,318957,201488,200093,83,45,8,3,1,4,2,1,2,2,0,0,1,1,1,0,0,10,7421,105112,237381,205155,237854,271755,324778,322934,346149,451033,516273,480310,411205,312100,196627,193712,0,183,115,21,16,33,25,20,22,20,22,19,7,6,3,4,1,3,21,3416,19401,21596,32472,42599,58829,69257,88216,148125,269297,311804,300658,244595,159488,158404,0,0,111,102,125,163,242,335,386,391,541,356,229,125,88,42,17,0,1,60,477,633,1065,1527,2514,3540,5311,11327,39029,60765,80160,79843,61894,71326,0,0,0,7,7,14,9,23,50,84,141,465,532,545,476,232,141,21347,778086,1150316,1457821,1199950,1261574,1333336,1451294,1364821,1418821,1769548,2011821,1889228,1664669,1273017,819979,824126,135,248,234,136,151,217,279,379,461,497,706,844,769,677,568,278,159
2022-10-03,18938,437920,532324,616969,498833,505150,518393,539542,489587,495779,585935,597046,520541,437614,317524,200482,200591,44,11,4,10,10,8,8,5,0,3,3,2,5,3,2,0,0,2485,332751,509414,583610,473750,485042,499071,525639,479504,483371,573133,590178,515814,435036,318957,201489,200093,45,17,6,7,7,1,1,3,1,2,2,0,1,1,0,1,0,10,7488,105172,237420,205184,237888,271793,324819,322967,346181,451058,516298,480333,411214,312106,196632,193715,0,67,60,39,29,34,38,41,33,32,25,25,23,9,6,5,3,3,21,3473,19548,21756,32757,42904,59225,69649,88667,148772,269832,312242,300943,244770,159573,158467,0,0,57,147,160,285,305,396,392,451,647,535,438,285,175,85,63,0,1,60,489,650,1095,1562,2584,3596,5413,11536,39727,61790,81236,80688,62397,71670,0,0,0,12,17,30,35,70,56,102,209,698,1025,1076,845,503,344,21436,778181,1150443,1458036,1200173,1261932,1333723,1451809,1365303,1419411,1770434,2013081,1890720,1666043,1274045,820573,824536,89,95,127,215,223,358,387,515,482,590,886,1260,1492,1374,1028,594,410
2022-10-04,19020,437942,532331,616982,498841,505163,518406,539552,489592,495788,585939,597050,520544,437616,317526,200484,200591,82,22,7,13,8,13,13,10,5,9,4,4,3,2,2,2,0,2607,332783,509421,583620,473754,485051,499077,525647,479508,483372,573134,590180,515815,435037,318959,201490,200097,122,32,7,10,4,9,6,8,4,1,1,2,1,1,2,1,4,10,7627,105260,237459,205236,237965,271859,324866,323015,346232,451106,516343,480384,411238,312125,196643,193729,0,139,88,39,52,77,66,47,48,51,48,45,51,24,19,11,14,3,21,3537,19672,22017,33206,43438,59922,70356,89577,149937,270988,313217,301598,245137,159751,158585,0,0,64,124,261,449,534,697,707,910,1165,1156,975,655,367,178,118,0,1,60,500,668,1131,1612,2653,3696,5532,11845,41042,63959,83502,82485,63435,72406,0,0,0,11,18,36,50,69,100,119,309,1315,2169,2266,1797,1038,736,21640,778374,1150609,1458233,1200516,1262516,1334392,1452640,1366167,1420501,1771961,2015603,1893919,1668991,1276232,821803,825408,204,193,166,197,343,584,669,831,864,1090,1527,2522,3199,2948,2187,1230,872
2022-10-05,19109,437966,532333,616988,498855,505173,518412,539555,489599,495792,585942,597055,520546,437625,317533,200488,200592,89,24,2,6,14,10,6,3,7,4,3,5,2,9,7,4,1,2767,332823,509424,583631,473767,485060,499087,525649,479510,483383,573139,590186,515819,435038,318960,201491,200099,160,40,3,11,13,9,10,2,2,11,5,6,4,1,1,1,2,10,7769,105351,237502,205296,238015,271908,324942,323062,346280,451168,516386,480423,411265,312141,196651,193744,0,142,91,43,60,50,49,76,47,48,62,43,39,27,16,8,15,3,21,3589,19860,22311,33665,43984,60701,71115,90478,151198,272228,314357,302368,245654,159988,158792,0,0,52,188,294,459,546,779,759,901,1261,1240,1140,770,517,237,207,0,1,62,519,700,1183,1677,2749,3832,5751,12302,42658,66643,86351,84868,64868,73481,0,0,2,19,32,52,65,96,136,219,457,1616,2684,2849,2383,1433,1075,21889,778580,1150759,1458500,1200929,1263096,1335068,1453596,1367118,1421684,1773749,2018513,1897788,1672647,1279156,823486,826708,249,206,150,267,413,580,676,956,951,1183,1788,2910,3869,3656,2924,1683,1300
2022-10-06,19207,437998,532337,617002,498863,505183,518423,539561,489604,495797,585949,597056,520554,437629,317537,200490,200595,98,32,4,14,8,10,11,6,5,5,7,1,8,4,4,2,3,2870,332886,509428,583640,473778,485071,499089,525656,479514,483386,573141,590191,515822,435040,318963,201492,200100,103,63,4,9,11,11,2,7,4,3,2,5,3,2,3,1,1,10,7989,105445,237545,205338,238085,271965,324994,323113,346331,451213,516421,480458,411309,312161,196665,193758,0,220,94,43,42,70,57,52,51,51,45,35,35,44,20,14,14,3,21,3664,20010,22556,34103,44516,61416,71819,91304,152329,273415,315266,303019,246054,160208,158942,0,0,75,150,245,438,532,715,704,826,1131,1187,909,651,400,220,150,0,1,62,533,725,1235,1765,2871,3956,5948,12760,44195,69120,88861,86976,66051,74417,0,0,0,14,25,52,88,122,124,197,458,1537,2477,2510,2108,1183,936,22090,778895,1150936,1458730,1201260,1263677,1335758,1454498,1368006,1422766,1775392,2021278,1901220,1675858,1281691,824906,827812,201,315,177,230,331,581,690,902,888,1082,1643,2765,3432,3211,2535,1420,1104
2022-10-07,19350,438022,532340,617016,498869,505193,518432,539566,489610,495807,585954,597058,520559,437634,317541,200492,200596,143,24,3,14,6,10,9,5,6,10,5,2,5,5,4,2,1,3021,332937,509438,583652,473787,485077,499092,525661,479520,483393,573146,590193,515823,435041,318965,201493,200103,151,51,10,12,9,6,3,5,6,7,5,2,1,1,2,1,3,10,8163,105558,237585,205372,238145,272023,325049,323170,346381,451261,516469,480501,411338,312171,196670,193764,0,174,113,40,34,60,58,55,57,50,48,48,43,29,10,5,6,3,21,3764,20169,22800,34536,45044,62139,72566,92151,153509,274476,316064,303570,246356,160355,159053,0,0,100,159,244,433,528,723,747,847,1180,1061,798,551,302,147,111,0,1,62,541,751,1288,1828,2984,4117,6190,13209,45616,71141,90894,88625,66978,75058,0,0,0,8,26,53,63,113,161,242,449,1421,2021,2033,1649,927,641,22384,779144,1151162,1458963,1201579,1264239,1336419,1455399,1368983,1423922,1777079,2023812,1904088,1678477,1283658,825988,828574,294,249,226,233,319,562,661,901,977,1156,1687,2534,2868,2619,1967,1082,762
2022-10-08,19626,438086,532345,617024,498873,505197,518442,539576,489613,495810,585959,597062,520564,437638,317542,200492,200598,276,64,5,8,4,4,10,10,3,3,5,4,5,4,1,0,2,3471,333109,509452,583658,473796,485085,499097,525665,479527,483398,573148,590196,515828,435042,318967,201493,200104,450,172,14,6,9,8,5,4,7,5,2,3,5,1,2,0,1,10,8702,105849,237639,205418,238209,272091,325108,323225,346424,451316,516499,480528,411357,312179,196677,193767,0,539,291,54,46,64,68,59,55,43,55,30,27,19,8,7,3,3,23,3988,20382,23052,34907,45620,62953,73418,93008,154617,275318,316626,303932,246543,160468,159103,0,2,224,213,252,371,576,814,852,857,1108,842,562,362,187,113,50,0,1,62,569,782,1338,1925,3100,4286,6430,13681,46774,72583,92254,89720,67610,75438,0,0,0,28,31,50,97,116,169,240,472,1158,1442,1360,1095,632,380,23110,779921,1151696,1459272,1201921,1264736,1337175,1456402,1370069,1425070,1778721,2025849,1906129,1680223,1284951,826740,829010,726,777,534,309,342,497,756,1003,1086,1148,1642,2037,2041,1746,1293,752,436
2022-10-09,19701,438107,532351,617024,498878,505198,518443,539577,489613,495810,585960,597066,520568,437640,317543,200496,200598,75,21,6,0,5,1,1,1,0,0,1,4,4,2,1,4,0,3558,333143,509460,583665,473805,485089,499099,525668,479529,483399,573149,590196,515830,435043,318967,201493,200104,87,34,8,7,9,4,2,3,2,1,1,0,2,1,0,0,0,10,8814,105953,237663,205427,238239,272125,325133,323256,346451,451338,516515,480536,411359,312182,196681,193768,0,112,104,24,9,30,34,25,31,27,22,16,8,2,3,4,1,3,24,4087,20477,23129,35067,45837,63230,73714,93396,155107,275729,316907,304094,246639,160507,159131,0,1,99,95,77,160,217,277,296,388,490,411,281,162,96,39,28,0,1,63,580,800,1365,1963,3151,4345,6536,13865,47270,73216,92922,90186,67902,75602,0,0,1,11,18,27,38,51,59,106,184,496,633,668,466,292,164,23272,780089,1151914,1459409,1202039,1264958,1337467,1456759,1370457,1425592,1779419,2026776,1907057,1681058,1285517,827079,829203,162,168,218,137,118,222,292,357,388,522,698,927,928,835,566,339,193
2022-10-10,19724,438120,532356,617027,498881,505202,518445,539579,489616,495811,585961,597068,520568,437641,317543,200496,200598,23,13,5,3,3,4,2,2,3,1,1,2,0,1,0,0,0,3569,333154,509462,583665,473806,485090,499101,525669,479529,483399,573150,590197,515830,435043,318967,201493,200104,11,11,2,0,1,1,2,1,0,0,1,1,0,0,0,0,0,10,8871,106009,237670,205439,238252,272148,325143,323266,346464,451354,516527,480543,411368,312186,196684,193768,0,57,56,7,12,13,23,10,10,13,16,12,7,9,4,3,0,3,24,4154,20551,23196,35164,45952,63405,73923,93649,155451,276047,317147,304206,246718,160544,159148,0,0,67,74,67,97,115,175,209,253,344,318,240,112,79,37,17,0,1,63,594,813,1385,1986,3187,4403,6607,14015,47768,73823,93516,90640,68128,75751,0,0,0,14,13,20,23,36,58,71,150,498,607,594,454,226,149,23306,780170,1152044,1459507,1202135,1265093,1337632,1456983,1370737,1425930,1779931,2027607,1907911,1681774,1286054,827345,829369,34,81,130,98,96,135,165,224,280,338,512,831,854,716,537,266,166
2022-10-11,19818,438134,532358,617040,498894,505218,518452,539586,489620,495814,585963,597073,520570,437645,317545,200499,200602,94,14,2,13,13,16,7,7,4,3,2,5,2,4,2,3,4,3670,333180,509466,583673,473813,485093,499106,525671,479534,483402,573152,590198,515833,435045,318970,201495,200106,101,26,4,8,7,3,5,2,5,3,2,1,3,2,3,2,2,10,9011,106090,237717,205488,238286,272206,325180,323311,346510,451415,516587,480597,411397,312209,196704,193784,0,140,81,47,49,34,58,37,45,46,61,60,54,29,23,20,16,3,26,4228,20746,23452,35557,46422,64003,74558,94397,156540,277223,318174,304850,247182,160792,159344,0,2,74,195,256,393,470,598,635,748,1089,1176,1027,644,464,248,196,0,1,63,616,837,1438,2058,3295,4538,6837,14503,49271,76297,96155,92858,69458,76762,0,0,0,22,24,53,72,108,135,230,488,1503,2474,2639,2218,1330,1011,23501,780352,1152205,1459792,1202484,1265592,1338244,1457735,1371561,1426960,1781573,2030352,1911471,1685092,1288764,828948,830598,195,182,161,285,349,499,612,752,824,1030,1642,2745,3560,3318,2710,1603,1229
2022-10-12,19875,438163,532360,617047,498903,505229,518462,539590,489625,495816,585967,597081,520577,437651,317551,200503,200602,57,29,2,7,9,11,10,4,5,2,4,8,7,6,6,4,0,3744,333225,509474,583678,473822,485098,499116,525679,479538,483405,573158,590200,515834,435052,318971,201495,200107,74,45,8,5,9,5,10,8,4,3,6,2,1,7,1,0,1,10,9154,106173,237763,205527,238364,272273,325255,323371,346553,451471,516645,480660,411430,312237,196716,193805,0,143,83,46,39,78,67,75,60,43,56,58,63,33,28,12,21,3,28,4309,20958,23682,35998,46932,64707,75292,95237,157821,278627,319368,305660,247762,161054,159604,0,2,81,212,230,441,510,704,734,840,1281,1404,1194,810,580,262,260,0,1,63,642,865,1501,2147,3430,4701,7084,15064,50898,79061,99054,95394,70993,78080,0,0,0,26,28,63,89,135,163,247,561,1627,2764,2899,2536,1535,1318,23632,780571,1152379,1460088,1202799,1266190,1338930,1458661,1372527,1428095,1783481,2033451,1915500,1688847,1291915,830761,832198,131,219,174,296,315,598,686,926,966,1135,1908,3099,4029,3755,3151,1813,1600
2022-10-13,20018,438184,532365,617057,498907,505244,518472,539595,489631,495817,585970,597087,520586,437663,317557,200508,200602,143,21,5,10,4,15,10,5,6,1,3,6,9,12,6,5,0,3891,333305,509483,583683,473831,485110,499124,525685,479542,483406,573160,590204,515838,435056,318972,201496,200113,147,80,9,5,9,12,8,6,4,1,2,4,4,4,1,1,6,10,9369,106279,237823,205589,238422,272340,325311,323435,346614,451542,516707,480715,411465,312271,196727,193820,0,215,106,60,62,58,67,56,64,61,71,62,55,35,34,11,15,3,28,4430,21164,23952,36495,47515,65476,76187,96250,159360,280003,320622,306520,248317,161347,159845,0,0,121,206,270,497,583,769,895,1013,1539,1376,1254,860,555,293,241,0,1,66,665,897,1552,2218,3580,4894,7358,15739,52767,81807,102095,97892,72539,79337,0,0,3,23,32,51,71,150,193,274,675,1869,2746,3041,2498,1546,1257,23922,780887,1152623,1460392,1203176,1266823,1339669,1459647,1373689,1429445,1785771,2036768,1919568,1692799,1295009,832617,833717,290,316,244,304,377,633,739,986,1162,1350,2290,3317,4068,3952,3094,1856,1519
2022-10-14,20229,438213,532368,617066,498916,505259,518481,539610,489638,495823,585976,597095,520593,437670,317560,200510,200604,211,29,3,9,9,15,9,15,7,6,6,8,7,7,3,2,2,4031,333367,509491,583688,473833,485117,499129,525694,479545,483412,573164,590208,515846,435059,318974,201498,200115,140,62,8,5,2,7,5,9,3,6,4,4,8,3,2,2,2,11,9574,106398,237867,205640,238477,272383,325376,323515,346670,451605,516759,480772,411503,312294,196743,193837,1,205,119,44,51,55,43,65,80,56,63,52,57,38,23,16,17,3,29,4545,21401,24212,36944,48093,66284,77058,97282,160864,281371,321665,307211,248794,161550,160030,0,1,115,237,260,449,578,808,871,1032,1504,1368,1043,691,477,203,185,0,1,68,685,932,1621,2327,3719,5079,7673,16287,54325,84111,104440,99778,73669,80219,0,0,2,20,35,69,109,139,185,315,548,1558,2304,2345,1886,1130,882,24274,781184,1152870,1460707,1203533,1267418,1340413,1460683,1374835,1430860,1787896,2039758,1922987,1695883,1297400,833970,834805,352,297,247,315,357,595,744,1036,1146,1415,2125,2990,3419,3084,2391,1353,1088
2022-10-15,20522,438280,532372,617075,498925,505270,518490,539620,489645,495827,585988,597101,520600,437676,317563,200510,200606,293,67,4,9,9,11,9,10,7,4,12,6,7,6,3,0,2,4468,333535,509504,583696,473839,485125,499136,525697,479549,483414,573166,590211,515846,435060,318977,201498,200116,437,168,13,8,6,8,7,3,4,2,2,3,0,1,3,0,1,11,10252,106668,237906,205687,238525,272443,325429,323569,346716,451651,516816,480800,411523,312303,196748,193842,0,678,270,39,47,48,60,53,54,46,46,57,28,20,9,5,5,3,30,4771,21630,24465,37409,48688,67068,77894,98223,162160,282398,322404,307702,249084,161698,160114,0,1,226,229,253,465,595,784,836,941,1296,1027,739,491,290,148,84,0,1,69,716,965,1687,2428,3886,5273,7979,16800,55623,85689,105953,100957,74274,80675,0,0,1,31,33,66,101,167,194,306,513,1298,1578,1513,1179,605,456,25004,782098,1153384,1461023,1203881,1268016,1341185,1461700,1375930,1432159,1789765,2042149,1925339,1697914,1298884,834728,835353,730,914,514,316,348,598,772,1017,1095,1299,1869,2391,2352,2031,1484,758,548
2022-10-16,20584,438298,532374,617077,498935,505281,518495,539622,489648,495828,585991,597102,520600,437680,317565,200510,200606,62,18,2,2,10,11,5,2,3,1,3,1,0,4,2,0,0,4542,333572,509511,583698,473843,485129,499138,525698,479550,483415,573167,590212,515846,435061,318977,201499,200116,74,37,7,2,4,4,2,1,1,1,1,1,0,1,0,1,0,11,10425,106806,237933,205701,238552,272468,325454,323600,346744,451672,516831,480817,411529,312312,196751,193842,0,173,138,27,14,27,25,25,31,28,21,15,17,6,9,3,0,3,30,4860,21735,24614,37634,48965,67424,78286,98660,162756,282888,322720,307912,249220,161769,160159,0,0,89,105,149,225,277,356,392,437,596,490,316,210,136,71,45,0,1,69,730,978,1712,2477,3949,5346,8070,17023,56180,86362,106706,101510,74555,80893,0,0,0,14,13,25,49,63,73,91,223,557,673,753,553,281,218,25140,782326,1153620,1461173,1204071,1268308,1341543,1462147,1376430,1432717,1790609,2043213,1926345,1698888,1299584,835084,835616,136,228,236,150,190,292,358,447,500,558,844,1064,1006,974,700,356,263
2022-10-17,20662,438304,532374,617085,498941,505295,518508,539623,489652,495832,585998,597106,520604,437682,317567,200511,200607,78,6,0,8,6,14,13,1,4,4,7,4,4,2,2,1,1,4614,333596,509513,583701,473847,485132,499140,525700,479552,483417,573170,590215,515848,435062,318977,201500,200118,72,24,2,3,4,3,2,2,2,2,3,3,2,1,0,1,2,12,10510,106858,237969,205739,238600,272517,325491,323637,346782,451719,516877,480857,411563,312333,196764,193856,1,85,52,36,38,48,49,37,37,38,47,46,40,34,21,13,14,3,30,4901,21870,24853,37961,49392,67964,78810,99294,163682,283927,323527,308458,249542,161938,160310,0,0,41,135,239,327,427,540,524,634,926,1039,807,546,322,169,151,0,1,69,744,998,1768,2542,4038,5472,8238,17440,57338,88152,108643,103142,75492,81560,0,0,0,14,20,56,65,89,126,168,417,1158,1790,1937,1632,937,667,25291,782441,1153715,1461369,1204378,1268756,1342099,1462816,1377123,1433563,1792009,2045463,1928988,1701408,1301561,836205,836451,151,115,95,196,307,448,556,669,693,846,1400,2250,2643,2520,1977,1121,835
2022-10-18,20747,438320,532375,617091,498962,505311,518516,539629,489657,495839,586005,597113,520612,437684,317574,200514,200610,85,16,1,6,21,16,8,6,5,7,7,7,8,2,7,3,3,4702,333624,509517,583710,473856,485136,499149,525702,479557,483419,573175,590217,515853,435068,318979,201501,200119,88,28,4,9,9,4,9,2,5,2,5,2,5,6,2,1,1,12,10610,106944,238018,205802,238660,272586,325542,323683,346843,451774,516938,480930,411602,312377,196784,193878,0,100,86,49,63,60,69,51,46,61,55,61,73,39,44,20,22,3,30,4960,22039,25168,38411,49962,68600,79560,100156,165011,285360,324853,309325,250164,162242,160549,0,0,59,169,315,450,570,636,750,862,1329,1433,1326,867,622,304,239,0,1,71,759,1025,1845,2634,4163,5662,8463,18022,59150,90936,111766,105747,76988,82701,0,0,2,15,27,77,92,125,190,225,582,1812,2784,3123,2605,1496,1141,25464,782585,1153867,1461617,1204813,1269363,1342847,1463636,1378119,1434720,1793987,2048778,1933184,1705445,1304841,838029,837857,173,144,152,248,435,607,748,820,996,1157,1978,3315,4196,4037,3280,1824,1406
2022-10-19,20850,438344,532379,617104,498974,505325,518527,539635,489663,495846,586012,597118,520620,437691,317581,200517,200612,103,24,4,13,12,14,11,6,6,7,7,5,8,7,7,3,2,4836,333676,509521,583717,473867,485143,499156,525705,479557,483420,573179,590223,515858,435068,318979,201503,200122,134,52,4,7,11,7,7,3,0,1,4,6,5,0,0,2,3,12,10842,107080,238071,205863,238740,272652,325617,323757,346918,451850,517003,480982,411652,312414,196802,193901,0,232,136,53,61,80,66,75,74,75,76,65,52,50,37,18,23,3,30,5070,22257,25529,38954,50599,69451,80477,101184,166509,287015,326258,310251,250834,162614,160847,0,0,110,218,361,543,637,851,917,1028,1498,1655,1405,926,670,372,298,0,1,72,782,1081,1929,2731,4297,5856,8749,18650,61028,93864,114948,108457,78636,84039,0,0,1,23,56,84,97,134,194,286,628,1878,2928,3182,2710,1648,1338,25701,782893,1154122,1461931,1205314,1270091,1343665,1464705,1379310,1436117,1796200,2052387,1937582,1709610,1308265,840072,839521,237,308,255,314,501,728,818,1069,1191,1397,2213,3609,4398,4165,3424,2043,1664
2022-10-20,20952,438373,532384,617114,498990,505337,518535,539646,489674,495852,586014,597121,520627,437694,317589,200518,200615,102,29,5,10,16,12,8,11,11,6,2,3,7,3,8,1,3,4905,333724,509523,583730,473871,485159,499162,525712,479559,483424,573179,590225,515859,435070,318983,201503,200125,69,48,2,13,4,16,6,7,2,4,0,2,1,2,4,0,3,12,11108,107202,238123,205933,238807,272711,325699,323823,346980,451926,517063,481036,411684,312446,196819,193916,0,266,122,52,70,67,59,82,66,62,76,60,54,32,32,17,15,3,30,5197,22481,25864,39462,51217,70262,81364,102281,168087,288607,327608,311140,251388,162880,161124,0,0,127,224,335,508,618,811,887,1097,1578,1592,1350,889,554,266,277,0,1,73,807,1127,2006,2850,4433,6053,9050,19339,62953,96643,117813,110888,80073,85132,0,0,1,25,46,77,119,136,197,301,689,1925,2779,2865,2431,1437,1093,25872,783236,1154379,1462255,1205785,1270771,1344475,1465752,1380473,1437587,1798545,2055969,1941773,1713401,1311294,841793,840912,171,343,257,324,471,680,810,1047,1163,1470,2345,3582,4191,3791,3029,1721,1391
2022-10-21,21181,438407,532390,617122,498999,505349,518551,539652,489683,495856,586019,597124,520637,437697,317597,200521,200617,229,34,6,8,9,12,16,6,9,4,5,3,10,3,8,3,2,5050,333783,509532,583736,473876,485164,499170,525721,479561,483427,573180,590226,515864,435072,318985,201503,200125,145,59,9,6,5,5,8,9,2,3,1,1,5,2,2,0,0,12,11319,107371,238182,205990,238891,272784,325775,323890,347055,451988,517112,481086,411719,312467,196830,193929,0,211,169,59,57,84,73,76,67,75,62,49,50,35,21,11,13,3,31,5361,22741,26221,39991,51899,71170,82402,103430,169779,290133,328768,311936,251879,163135,161342,0,1,164,260,357,529,682,908,1038,1149,1692,1526,1160,796,491,255,218,0,1,76,851,1187,2083,2961,4575,6252,9389,19973,64654,99049,120247,112839,81273,86046,0,0,3,44,60,77,111,142,199,339,634,1701,2406,2434,1951,1200,914,26246,783541,1154730,1462632,1206273,1271478,1345365,1466893,1381788,1439157,1800939,2059249,1945404,1716671,1313767,843262,842059,374,305,351,377,488,707,890,1141,1315,1570,2394,3280,3631,3270,2473,1469,1147
2022-10-22,21463,438484,532394,617135,499015,505358,518559,539664,489695,495859,586023,597127,520646,437705,317600,200524,200617,282,77,4,13,16,9,8,12,12,3,4,3,9,8,3,3,0,5447,333961,509551,583747,473879,485173,499180,525726,479565,483434,573186,590230,515867,435072,318987,201505,200125,397,178,19,11,3,9,10,5,4,7,6,4,3,0,2,2,0,12,11894,107732,238245,206038,238943,272834,325837,323955,347116,452042,517152,481103,411746,312482,196836,193931,0,575,361,63,48,52,50,62,65,61,54,40,17,27,15,6,2,3,32,5693,23025,26537,40482,52526,71970,83385,104460,171134,291223,329473,312365,252141,163275,161440,0,1,332,284,316,491,627,800,983,1030,1355,1090,705,429,262,140,98,0,1,78,884,1225,2159,3058,4741,6501,9724,20542,65906,100621,121753,113978,81955,86463,0,0,2,33,38,76,97,166,249,335,569,1252,1572,1506,1139,682,417,26925,784372,1155448,1463036,1206694,1272115,1346157,1467938,1383101,1440593,1802927,2061638,1947710,1718641,1315188,844095,842576,679,831,718,404,421,637,792,1045,1313,1436,1988,2389,2306,1970,1421,833,517
2022-10-23,21535,438506,532397,617138,499016,505369,518567,539671,489699,495861,586027,597129,520650,437710,317600,200524,200617,72,22,3,3,1,11,8,7,4,2,4,2,4,5,0,0,0,5517,334010,509556,583749,473885,485175,499181,525728,479568,483437,573188,590231,515869,435074,318987,201505,200125,70,49,5,2,6,2,1,2,3,3,2,1,2,2,0,0,0,12,12106,107938,238269,206056,238963,272857,325870,323976,347140,452059,517180,481123,411760,312494,196840,193933,0,212,206,24,18,20,23,33,21,24,17,28,20,14,12,4,2,3,32,5899,23209,26728,40746,52876,72418,83853,105089,171857,291867,329895,312665,252337,163355,161503,0,0,206,184,191,264,350,448,468,629,723,644,422,300,196,80,63,0,1,79,897,1243,2193,3112,4828,6600,9903,20834,66682,101593,122737,114741,82385,86739,0,0,1,13,18,34,54,87,99,179,292,776,972,984,763,430,276,27067,784655,1155869,1463262,1206928,1272446,1346593,1468515,1383696,1441430,1803965,2063089,1949130,1719946,1316159,844609,842917,142,283,421,226,234,331,436,577,595,837,1038,1451,1420,1305,971,514,341
2022-10-24,21590,438518,532399,617146,499021,505383,518575,539676,489707,495865,586034,597136,520657,437713,317602,200527,200622,55,12,2,8,5,14,8,5,8,4,7,7,7,3,2,3,5,5545,334023,509556,583758,473896,485179,499187,525728,479571,483440,573190,590235,515870,435077,318988,201506,200127,28,13,0,9,11,4,6,0,3,3,2,4,1,3,1,1,2,12,12178,107990,238306,206095,239006,272904,325922,324012,347191,452102,517221,481159,411791,312520,196849,193947,0,72,52,37,39,43,47,52,36,51,43,41,36,31,26,9,14,3,32,5953,23374,26972,41097,53314,72915,84356,105689,172772,292774,330751,313209,252736,163542,161654,0,0,54,165,244,351,438,497,503,600,915,907,856,544,399,187,151,0,1,79,918,1285,2247,3180,4919,6723,10056,21203,67782,103401,124605,116209,83336,87636,0,0,0,21,42,54,68,91,123,153,369,1100,1808,1868,1468,951,897,27150,784752,1155977,1463502,1207269,1272912,1347160,1469160,1384369,1442241,1805301,2065148,1951838,1722395,1318055,845760,843986,83,97,108,240,341,466,567,645,673,811,1336,2059,2708,2449,1896,1151,1069
2022-10-25,21722,438545,532404,617154,499033,505398,518584,539690,489715,495869,586040,597142,520664,437717,317605,200528,200626,132,27,5,8,12,15,9,14,8,4,6,6,7,4,3,1,4,5642,334071,509559,583763,473902,485185,499192,525731,479574,483442,573192,590239,515870,435080,318989,201506,200127,97,48,3,5,6,6,5,3,3,2,2,4,0,3,1,0,0,12,12339,108116,238356,206163,239079,272953,325989,324056,347255,452170,517282,481220,411823,312541,196873,193973,0,161,126,50,68,73,49,67,44,64,68,61,61,32,21,24,26,3,32,6051,23631,27289,41610,53895,73577,85131,106511,174077,294247,332077,314143,253268,163824,161905,0,0,98,257,317,513,581,662,775,822,1305,1473,1326,934,532,282,251,0,1,79,949,1319,2303,3267,5063,6898,10325,21799,69516,106250,127456,118671,84844,88798,0,0,0,31,34,56,87,144,175,269,596,1734,2849,2851,2462,1508,1162,27379,784988,1156209,1463853,1207706,1273575,1347891,1470050,1385374,1443402,1807278,2068426,1956081,1726219,1321074,847575,845429,229,236,232,351,437,663,731,890,1005,1161,1977,3278,4243,3824,3019,1815,1443
2022-10-26,21821,438574,532409,617161,499047,505414,518599,539701,489718,495874,586048,597151,520673,437725,317610,200529,200629,99,29,5,7,14,16,15,11,3,5,8,9,9,8,5,1,3,5730,334130,509569,583774,473911,485205,499197,525739,479579,483446,573195,590243,515874,435082,318990,201508,200129,88,59,10,11,9,20,5,8,5,4,3,4,4,2,1,2,2,12,12562,108280,238421,206213,239156,273028,326063,324126,347307,452263,517349,481280,411871,312567,196889,193991,0,223,164,65,50,77,75,74,70,52,93,67,60,48,26,16,18,3,34,6191,23897,27632,42089,54494,74374,86020,107470,175520,295670,333425,315078,253935,164092,162158,0,2,140,266,343,479,599,797,889,959,1443,1423,1348,935,667,268,253,0,1,80,984,1361,2384,3376,5209,7086,10594,22357,71293,109014,130360,121016,86303,89888,0,0,1,35,42,81,109,146,188,269,558,1777,2764,2904,2345,1459,1090,27566,785301,1156529,1464237,1208164,1274248,1348694,1471086,1386529,1444691,1809383,2071706,1960266,1730116,1324118,849321,846795,187,313,320,384,458,673,803,1036,1155,1289,2105,3280,4185,3897,3044,1746,1366
2022-10-27,21938,438593,532412,617177,499058,505422,518605,539709,489726,495878,586053,597156,520680,437731,317615,200532,200630,117,19,3,16,11,8,6,8,8,4,5,5,7,6,5,3,1,5837,334182,509581,583785,473917,485214,499200,525743,479582,483448,573199,590245,515881,435083,318992,201509,200130,107,52,12,11,6,9,3,4,3,2,4,2,7,1,2,1,1,12,12770,108433,238487,206271,239221,273102,326121,324177,347372,452341,517412,481339,411903,312588,196910,194010,0,208,153,66,58,65,74,58,51,65,78,63,59,32,21,21,19,3,34,6336,24155,27942,42603,55077,75126,86864,108482,176933,297073,334664,315933,254474,164383,162400,0,0,145,258,310,514,583,752,844,1012,1413,1403,1239,855,539,291,242,0,1,80,1016,1402,2449,3476,5344,7289,10876,22920,73033,111781,133031,123207,87603,90890,0,0,0,32,41,65,100,135,203,282,563,1740,2767,2671,2191,1300,1002,27790,785580,1156842,1464620,1208590,1274909,1349460,1472043,1387638,1446056,1811446,2074919,1964345,1733681,1326876,850937,848060,224,279,313,383,426,661,766,957,1109,1365,2063,3213,4079,3565,2758,1616,1265
2022-10-28,22112,438622,532416,617185,499065,505434,518622,539717,489733,495885,586059,597164,520691,437736,317621,200532,200633,174,29,4,8,7,12,17,8,7,7,6,8,11,5,6,0,3,5977,334235,509590,583792,473922,485221,499207,525748,479586,483452,573201,590247,515891,435089,318992,201511,200133,140,53,9,7,5,7,7,5,4,4,2,2,10,6,0,2,3,12,12964,108591,238534,206311,239272,273153,326189,324247,347427,452417,517478,481395,411937,312608,196921,194020,0,194,158,47,40,51,51,68,70,55,76,66,56,34,20,11,10,3,34,6478,24427,28283,43071,55718,75931,87752,109550,178497,298488,335818,316649,254932,164612,162606,0,0,142,272,341,468,641,805,888,1068,1564,1415,1154,716,458,229,206,0,1,82,1042,1452,2523,3592,5506,7480,11186,23555,74747,114185,135298,125048,88748,91669,0,0,2,26,50,74,116,162,191,310,635,1714,2404,2267,1841,1145,779,28104,785856,1157157,1464980,1209033,1275521,1350292,1473091,1388798,1447500,1813729,2078124,1967980,1736709,1329201,852324,849061,314,276,315,360,443,612,832,1048,1160,1444,2283,3205,3635,3028,2325,1387,1001
2022-10-29,22385,438687,532421,617195,499076,505451,518632,539723,489741,495889,586068,597171,520702,437736,317627,200536,200636,273,65,5,10,11,17,10,6,8,4,9,7,11,0,6,4,3,6320,334381,509603,583798,473929,485230,499215,525753,479591,483457,573204,590248,515895,435090,318992,201511,200134,343,146,13,6,7,9,8,5,5,5,3,1,4,1,0,0,1,13,13567,108915,238582,206347,239316,273213,326245,324315,347478,452470,517513,481421,411950,312617,196926,194027,1,603,324,48,36,44,60,56,68,51,53,35,26,13,9,5,7,3,39,6783,24667,28500,43477,56226,76603,88524,110411,179671,299448,336469,317100,255194,164740,162710,0,5,305,240,217,406,508,672,772,861,1174,960,651,451,262,128,104,0,1,87,1077,1480,2593,3696,5644,7669,11481,24049,75934,115592,136683,126104,89352,92062,0,0,5,35,28,70,104,138,189,295,494,1187,1407,1385,1056,604,393,28721,786675,1157809,1465319,1209332,1276067,1350982,1473968,1389840,1448716,1815462,2080314,1970079,1738559,1330534,853065,849569,617,819,652,339,299,546,690,877,1042,1216,1733,2190,2099,1850,1333,741,508
2022-10-30,22451,438701,532422,617198,499077,505456,518639,539732,489743,495891,586071,597174,520704,437737,317627,200536,200637,66,14,1,3,1,5,7,9,2,2,3,3,2,1,0,0,1,6378,334417,509608,583801,473933,485233,499218,525754,479593,483458,573210,590250,515896,435093,318992,201511,200134,58,36,5,3,4,3,3,1,2,1,6,2,1,3,0,0,0,13,13714,109058,238614,206376,239344,273248,326273,324350,347505,452497,517528,481437,411961,312623,196927,194031,0,147,143,32,29,28,35,28,35,27,27,15,16,11,6,1,4,3,40,6926,24810,28652,43665,56451,76935,88931,110846,180256,299941,336795,317308,255316,164818,162757,0,1,143,143,152,188,225,332,407,435,585,493,326,208,122,78,47,0,1,88,1089,1503,2628,3728,5725,7744,11624,24272,76539,116325,137437,126645,89685,92279,0,0,1,12,23,35,32,81,75,143,223,605,733,754,541,333,217,28845,786873,1158102,1465512,1209541,1276326,1351284,1474419,1390361,1449324,1816306,2081432,1971157,1739536,1331203,853477,849838,124,198,293,193,209,259,302,451,521,608,844,1118,1078,977,669,412,269
2022-10-31,22471,438710,532423,617205,499091,505464,518645,539737,489745,495893,586076,597179,520712,437739,317628,200539,200638,20,9,1,7,14,8,6,5,2,2,5,5,8,2,1,3,1,6394,334424,509609,583805,473938,485238,499220,525756,479595,483461,573211,590253,515898,435093,318993,201512,200136,16,7,1,4,5,5,2,2,2,3,1,3,2,0,1,1,2,13,13734,109096,238638,206414,239377,273277,326295,324377,347544,452530,517568,481465,411984,312645,196940,194041,0,20,38,24,38,33,29,22,27,39,33,40,28,23,22,13,10,3,40,6964,24960,28854,43932,56712,77247,89342,111339,180989,300771,337466,317766,255616,164969,162926,0,0,38,150,202,267,261,312,411,493,733,830,671,458,300,151,169,0,1,88,1100,1532,2666,3768,5794,7844,11798,24651,77590,117895,139108,127950,90466,92880,0,0,0,11,29,38,40,69,100,174,379,1051,1570,1671,1305,781,601,28881,786909,1158180,1465708,1209829,1276677,1351622,1474829,1390903,1450035,1817457,2083361,1973436,1741690,1332832,854426,850621,36,36,78,196,288,351,338,410,542,711,1151,1929,2279,2154,1629,949,783
2022-11-01,22554,438732,532429,617220,499104,505479,518649,539750,489747,495899,586083,597187,520716,437743,317634,200541,200640,83,22,6,15,13,15,4,13,2,6,7,8,4,4,6,2,2,6443,334452,509615,583812,473948,485252,499225,525760,479602,483463,573214,590254,515899,435093,318994,201514,200137,49,28,6,7,10,14,5,4,7,2,3,1,1,0,1,2,1,14,13910,109238,238699,206476,239444,273324,326344,324416,347599,452587,517632,481514,412016,312666,196956,194055,1,176,142,61,62,67,47,49,39,55,57,64,49,32,21,16,14,3,40,7087,25195,29173,44403,57217,77898,90037,112154,182207,302103,338714,318616,256112,165246,163151,0,0,123,235,319,471,505,651,695,815,1218,1332,1248,850,496,277,225,0,1,88,1133,1569,2749,3841,5921,8027,12070,25151,79243,120357,141723,130006,91806,94011,0,0,0,33,37,83,73,127,183,272,500,1653,2462,2615,2056,1340,1131,29014,787135,1158457,1466059,1210270,1277327,1352256,1475673,1391829,1451185,1819242,2086419,1977200,1745191,1335412,856063,851994,133,226,277,351,441,650,634,844,926,1150,1785,3058,3764,3501,2580,1637,1373
2022-11-02,22664,438755,532431,617234,499121,505503,518664,539756,489755,495905,586090,597194,520719,437751,317638,200544,200643,110,23,2,14,17,24,15,6,8,6,7,7,3,8,4,3,3,6483,334483,509619,583821,473960,485261,499232,525767,479605,483465,573216,590256,515901,435097,318996,201516,200140,40,31,4,9,12,9,7,7,3,2,2,2,2,4,2,2,3,14,14100,109385,238760,206516,239520,273376,326410,324470,347657,452650,517689,481544,412048,312686,196970,194076,0,190,147,61,40,76,52,66,54,58,63,57,30,32,20,14,21,3,40,7220,25457,29505,44884,57790,78597,90776,112918,183390,303370,339910,319447,256662,165539,163387,0,0,133,262,332,481,573,699,739,764,1183,1267,1196,831,550,293,236,0,1,89,1167,1618,2814,3932,6054,8174,12288,25686,80710,122659,144168,132099,93152,95074,0,0,1,34,49,65,91,133,147,218,535,1467,2302,2445,2093,1346,1063,29164,787379,1158744,1466439,1210720,1277982,1352994,1476584,1392780,1452233,1821032,2089219,1980733,1748511,1338081,857721,853320,150,244,287,380,450,655,738,911,951,1048,1790,2800,3533,3320,2669,1658,1326
2022-11-03,22781,438775,532434,617249,499142,505512,518670,539766,489765,495910,586095,597204,520727,437759,317640,200546,200643,117,20,3,15,21,9,6,10,10,5,5,10,8,8,2,2,0,6552,334513,509624,583829,473970,485269,499237,525773,479607,483466,573217,590259,515903,435097,318997,201516,200142,69,30,5,8,10,8,5,6,2,1,1,3,2,0,1,0,2,14,14320,109550,238828,206582,239570,273434,326471,324524,347720,452712,517742,481598,412084,312712,196987,194097,0,220,165,68,66,50,58,61,54,63,62,53,54,36,26,17,21,3,40,7366,25724,29851,45326,58293,79352,91538,113781,184650,304690,341011,320183,257170,165834,163603,0,0,146,267,346,442,503,755,762,863,1260,1320,1101,736,508,295,216,0,1,89,1205,1670,2875,4016,6192,8360,12543,26244,82158,124872,146392,133945,94271,95998,0,0,0,38,52,61,84,138,186,255,558,1448,2213,2224,1846,1119,924,29350,787649,1159063,1466835,1211215,1278552,1353650,1477554,1393794,1453420,1822918,2092053,1984111,1751515,1340464,859154,854483,186,270,319,396,495,570,656,970,1014,1187,1886,2834,3378,3004,2383,1433,1163
2022-11-04,22938,438807,532438,617259,499160,505527,518681,539777,489770,495918,586100,597212,520737,437762,317641,200548,200644,157,32,4,10,18,15,11,11,5,8,5,8,10,3,1,2,1,6648,334562,509638,583833,473975,485278,499240,525777,479608,483468,573219,590261,515909,435101,318999,201516,200142,96,49,14,4,5,9,3,4,1,2,2,2,6,4,2,0,0,15,14525,109723,238889,206630,239649,273503,326529,324584,347768,452780,517810,481645,412107,312733,196999,194111,1,205,173,61,48,79,69,58,60,48,68,68,47,23,21,12,14,3,41,7511,26000,30190,45819,58887,80104,92331,114652,186002,305884,342013,320776,257630,166056,163764,0,1,145,276,339,493,594,752,793,871,1352,1194,1002,593,460,222,161,0,1,89,1249,1725,2953,4118,6311,8540,12789,26779,83573,126708,148133,135417,95161,96716,0,0,0,44,55,78,102,119,180,246,535,1415,1836,1741,1472,890,718,29604,787936,1159399,1467230,1211680,1279226,1354429,1478498,1394833,1454595,1824880,2094740,1987012,1753879,1342420,860280,855377,254,287,336,395,465,674,779,944,1039,1175,1962,2687,2901,2364,1956,1126,894
2022-11-05,23205,438864,532446,617266,499173,505541,518697,539787,489776,495922,586107,597218,520740,437765,317643,200550,200647,267,57,8,7,13,14,16,10,6,4,7,6,3,3,2,2,3,6951,334697,509647,583842,473980,485283,499246,525780,479614,483471,573224,590263,515911,435106,319001,201517,200142,303,135,9,9,5,5,6,3,6,3,5,2,2,5,2,1,0,15,15106,110060,238950,206679,239723,273560,326596,324641,347815,452839,517849,481662,412116,312743,197004,194112,0,581,337,61,49,74,57,67,57,47,59,39,17,9,10,5,1,3,42,7837,26320,30480,46241,59403,80798,93090,115491,187146,306777,342598,321123,257848,166170,163837,0,1,326,320,290,422,516,694,759,839,1144,893,585,347,218,114,73,0,1,92,1299,1761,3034,4231,6463,8751,13068,27272,84539,127828,149172,136280,95673,97031,0,0,3,50,36,81,113,152,211,279,493,966,1120,1039,863,512,315,30174,788710,1160082,1467677,1212073,1279822,1355137,1479424,1395872,1455767,1826588,2096646,1988739,1755282,1343515,860914,855769,570,774,683,447,393,596,708,926,1039,1172,1708,1906,1727,1403,1095,634,392
2022-11-06,23277,438887,532450,617268,499177,505546,518704,539791,489778,495923,586108,597218,520744,437770,317645,200551,200647,72,23,4,2,4,5,7,4,2,1,1,0,4,5,2,1,0,6996,334737,509653,583848,473984,485284,499247,525783,479615,483471,573225,590265,515912,435107,319001,201518,200142,45,40,6,6,4,1,1,3,1,0,1,2,1,1,0,1,0,15,15308,110237,238994,206702,239743,273590,326633,324676,347847,452861,517858,481674,412123,312745,197004,194114,0,202,177,44,23,20,30,37,35,32,22,9,12,7,2,0,2,3,43,7992,26496,30634,46430,59683,81157,93491,115914,187652,307212,342911,321292,257967,166232,163885,0,1,155,176,154,189,280,359,401,423,506,435,313,169,119,62,48,0,1,94,1319,1782,3068,4281,6529,8844,13211,27500,85049,128452,149775,136708,95937,97213,0,0,2,20,21,34,50,66,93,143,228,510,624,603,428,264,182,30291,788976,1160426,1467925,1212279,1280071,1355505,1479893,1396404,1456366,1827346,2097602,1989693,1756067,1344066,861242,856001,117,266,344,248,206,249,368,469,532,599,758,956,954,785,551,328,232
2022-11-07,23323,438898,532452,617274,499188,505550,518708,539797,489788,495926,586113,597231,520753,437772,317650,200551,200650,46,11,2,6,11,4,4,6,10,3,5,13,9,2,5,0,3,7024,334754,509655,583850,473987,485288,499253,525787,479619,483473,573227,590265,515913,435110,319002,201519,200142,28,17,2,2,3,4,6,4,4,2,2,0,1,3,1,1,0,16,15411,110277,239040,206745,239783,273623,326661,324712,347884,452892,517896,481699,412148,312757,197011,194122,1,103,40,46,43,40,33,28,36,37,31,38,25,25,12,7,8,3,43,8034,26646,30838,46724,60035,81557,93909,116375,188382,307909,343501,321702,258227,166379,164026,0,0,42,150,204,294,352,400,418,461,730,697,590,410,260,147,141,0,1,94,1340,1804,3099,4334,6599,8921,13339,27794,85939,129715,151075,137813,96594,97746,0,0,0,21,22,31,53,70,77,128,294,890,1263,1300,1105,657,533,30366,789107,1160512,1468150,1212562,1280444,1355953,1480401,1396949,1456997,1828408,2099240,1991581,1757807,1345449,862054,856686,75,131,86,225,283,373,448,508,545,631,1062,1638,1888,1740,1383,812,685
2022-11-08,23383,438912,532453,617279,499194,505568,518721,539804,489794,495932,586119,597236,520759,437778,317653,200553,200652,60,14,1,5,6,18,13,7,6,6,6,5,6,6,3,2,2,7045,334776,509662,583858,473995,485296,499258,525793,479622,483478,573230,590267,515917,435110,319004,201520,200144,21,22,7,8,8,8,5,6,3,5,3,2,4,0,2,1,2,16,15506,110352,239098,206803,239851,273687,326715,324761,347942,452930,517939,481749,412173,312775,197029,194135,0,95,75,58,58,68,64,54,49,58,38,43,50,25,18,18,13,3,43,8093,26847,31105,47138,60496,82111,94524,117079,189414,309019,344453,322363,258735,166614,164214,0,0,59,201,267,414,461,554,615,704,1032,1110,952,661,508,235,188,0,1,95,1366,1841,3166,4407,6705,9045,13550,28306,87314,131766,153245,139601,97705,98557,0,0,1,26,37,67,73,106,124,211,512,1375,2051,2170,1788,1111,811,30447,789238,1160655,1468448,1212938,1281019,1356569,1481128,1397746,1457981,1829999,2101775,1994644,1760669,1347768,863421,857702,81,131,143,298,376,575,616,727,797,984,1591,2535,3063,2862,2319,1367,1016
2022-11-09,23460,438943,532455,617300,499206,505586,518730,539813,489798,495936,586126,597242,520773,437779,317659,200555,200657,77,31,2,21,12,18,9,9,4,4,7,6,14,1,6,2,5,7089,334828,509669,583867,474002,485302,499267,525803,479624,483486,573230,590270,515919,435112,319005,201525,200147,44,52,7,9,7,6,9,10,2,8,0,3,2,2,1,5,3,16,15718,110511,239166,206865,239924,273741,326779,324814,347997,452985,517993,481787,412201,312795,197048,194151,0,212,159,68,62,73,54,64,53,55,55,54,38,28,20,19,16,3,43,8210,27090,31414,47574,61054,82770,95230,117872,190584,310256,345513,323141,259222,166888,164458,0,0,117,243,309,436,558,659,706,793,1170,1237,1060,778,487,274,244,0,1,97,1404,1892,3238,4494,6839,9197,13817,28808,88772,133838,155368,141330,98883,99508,0,0,2,38,51,72,87,134,152,267,502,1458,2072,2123,1729,1178,951,30568,789533,1160942,1468827,1213379,1281624,1357286,1482004,1398663,1459108,1831733,2104533,1997830,1763601,1350011,864899,858921,121,295,287,379,441,605,717,876,917,1127,1734,2758,3186,2932,2243,1478,1219
2022-11-10,23571,438959,532462,617317,499217,505596,518735,539819,489805,495940,586135,597250,520778,437782,317661,200558,200658,111,16,7,17,11,10,5,6,7,4,9,8,5,3,2,3,1,7169,334875,509687,583879,474015,485310,499274,525806,479628,483486,573230,590272,515922,435113,319007,201527,200150,80,47,18,12,13,8,7,3,4,0,0,2,3,1,2,2,3,16,15905,110665,239221,206921,239989,273801,326843,324868,348048,453059,518054,481833,412230,312815,197061,194165,0,187,154,55,56,65,60,64,54,51,74,61,46,29,20,13,14,3,43,8361,27304,31674,47979,61604,83446,95965,118692,191816,311406,346500,323795,259685,167095,164668,0,0,151,214,260,405,550,676,735,820,1232,1150,987,654,463,207,210,0,1,99,1445,1933,3302,4590,6958,9381,14086,29375,90138,135952,157453,143081,99988,100378,0,0,2,41,41,64,96,119,184,269,567,1366,2114,2085,1751,1105,870,30759,789783,1161274,1469166,1213760,1282176,1358004,1482872,1399647,1460252,1833615,2107120,2000985,1766373,1352249,866229,860019,191,250,332,339,381,552,718,868,984,1144,1882,2587,3155,2772,2238,1330,1098
2022-11-11,23739,438999,532467,617340,499228,505604,518751,539830,489816,495947,586145,597258,520786,437785,317662,200560,200658,168,40,5,23,11,8,16,11,11,7,10,8,8,3,1,2,0,7249,334927,509700,583887,474022,485317,499282,525816,479631,483489,573235,590275,515925,435118,319007,201527,200150,80,52,13,8,7,7,8,10,3,3,5,3,3,5,0,0,0,16,16151,110864,239275,206979,240059,273868,326913,324916,348112,453115,518098,481869,412250,312828,197070,194174,0,246,199,54,58,70,67,70,48,64,56,44,36,20,13,9,9,3,43,8546,27586,32021,48466,62168,84154,96688,119560,193028,312571,347370,324329,260033,167274,164810,0,0,185,282,347,487,564,708,723,868,1212,1165,870,534,348,179,142,0,1,103,1482,1976,3368,4701,7118,9558,14359,29879,91411,137552,159095,144362,100767,101019,0,0,4,37,43,66,111,160,177,273,504,1273,1600,1642,1281,779,641,31007,790121,1161680,1469570,1214226,1282814,1358770,1483831,1400609,1461467,1835402,2109613,2003502,1768577,1353892,867198,860811,248,338,406,404,466,638,766,959,962,1215,1787,2493,2517,2204,1643,969,792
2022-11-12,24081,439074,532472,617346,499231,505614,518756,539840,489822,495950,586145,597265,520792,437786,317662,200560,200660,342,75,5,6,3,10,5,10,6,3,0,7,6,1,0,0,2,7513,335077,509714,583890,474032,485325,499287,525820,479632,483491,573237,590279,515927,435118,319008,201528,200152,264,150,14,3,10,8,5,4,1,2,2,4,2,0,1,1,2,17,16811,111232,239342,207020,240113,273929,326973,324979,348151,453163,518128,481880,412261,312837,197074,194178,1,660,368,67,41,54,61,60,63,39,48,30,11,11,9,4,4,3,43,8875,27889,32320,48855,62680,84819,97379,120378,194029,313398,347879,324624,260229,167384,164886,0,0,329,303,299,389,512,665,691,818,1001,827,509,295,196,110,76,0,1,107,1525,2028,3438,4799,7248,9760,14580,30290,92295,138544,159968,145034,101148,101300,0,0,4,43,52,70,98,130,202,221,411,884,992,873,672,381,281,31614,791006,1162400,1469992,1214631,1283345,1359451,1484700,1401572,1462550,1836864,2111365,2005022,1769757,1354770,867694,861176,607,885,720,422,405,531,681,869,963,1083,1462,1752,1520,1180,878,496,365
2022-11-13,24138,439091,532475,617349,499238,505616,518760,539843,489824,495953,586149,597268,520795,437787,317662,200560,200661,57,17,3,3,7,2,4,3,2,3,4,3,3,1,0,0,1,7567,335111,509720,583895,474033,485326,499291,525822,479632,483493,573237,590279,515928,435119,319008,201529,200152,54,34,6,5,1,1,4,2,0,2,0,0,1,1,0,1,0,17,17017,111379,239370,207038,240136,273948,326991,325000,348182,453179,518147,481894,412267,312844,197076,194180,0,206,147,28,18,23,19,18,21,31,16,19,14,6,7,2,2,3,43,9036,28034,32460,49044,62877,85162,97710,120691,194485,313739,348108,324777,260299,167428,164924,0,0,161,145,140,189,197,343,331,313,456,341,229,153,70,44,38,0,1,110,1540,2054,3479,4837,7334,9841,14690,30509,92730,139051,160433,145415,101324,101405,0,0,3,15,26,41,38,86,81,110,219,435,507,465,381,176,105,31725,791263,1162720,1470188,1214823,1283601,1359713,1485152,1402007,1463009,1837559,2112163,2005776,1770383,1355228,867917,861322,111,257,320,196,192,256,262,452,435,459,695,798,754,626,458,223,146
2022-11-14,24173,439097,532477,617358,499249,505625,518767,539853,489827,495959,586153,597275,520804,437791,317662,200562,200662,35,6,2,9,11,9,7,10,3,6,4,7,9,4,0,2,1,7597,335127,509720,583895,474035,485329,499293,525825,479633,483496,573238,590281,515929,435121,319008,201529,200153,30,16,0,0,2,3,2,3,1,3,1,2,1,2,0,0,1,17,17126,111438,239418,207079,240191,273985,327030,325039,348208,453217,518183,481920,412287,312860,197083,194186,0,109,59,48,41,55,37,39,39,26,38,36,26,20,16,7,6,3,44,9096,28214,32708,49336,63215,85552,98104,121187,195201,314471,348669,325165,260565,167568,165007,0,1,60,180,248,292,338,390,394,496,716,732,561,388,266,140,83,0,1,110,1556,2088,3537,4903,7426,9953,14840,30808,93578,140384,161755,146399,101888,101813,0,0,0,16,34,58,66,92,112,150,299,848,1333,1322,984,564,408,31790,791395,1162841,1470441,1215159,1284018,1360163,1485686,1402556,1463690,1838617,2113788,2007706,1772119,1356494,868630,861821,65,132,121,253,336,417,450,534,549,681,1058,1625,1930,1736,1266,713,499
