Date;Nouveaux cas;Cumulatif de cas;;
2020-02-25;1;1;;
2020-02-26;0;1;;
2020-02-27;0;1;;
2020-02-28;0;1;;
2020-02-29;0;1;;
2020-03-01;0;1;;
2020-03-02;2;3;;
2020-03-03;0;3;;
2020-03-04;0;3;;
2020-03-05;0;3;;
2020-03-06;0;3;;
2020-03-07;0;3;;
2020-03-08;1;4;;
2020-03-09;1;5;;
2020-03-10;2;7;;
2020-03-11;3;10;;
2020-03-12;3;13;;
2020-03-13;2;15;;
2020-03-14;5;20;;
2020-03-15;6;26;;
2020-03-16;5;31;;
2020-03-17;7;38;;
2020-03-18;6;44;;
2020-03-19;36;80;;
2020-03-20;49;129;;
2020-03-21;90;219;;
2020-03-22;90;309;;
2020-03-23;133;442;;
2020-03-24;144;586;;
2020-03-25;187;773;;
2020-03-26;180;953;;
2020-03-27;243;1196;;
2020-03-28;200;1396;;
2020-03-29;259;1655;;
2020-03-30;266;1921;;
2020-03-31;331;2252;;
2020-04-01;305;2557;;
2020-04-02;408;2965;;
2020-04-03;348;3313;;
2020-04-04;340;3653;;
2020-04-05;261;3914;;
2020-04-06;456;4370;;
2020-04-07;423;4793;;
2020-04-08;375;5168;;
2020-04-09;350;5518;;
2020-04-10;305;5823;;
2020-04-11;264;6087;;
2020-04-12;329;6416;;
2020-04-13;544;6960;;
2020-04-14;469;7429;;
2020-04-15;613;8042;;
2020-04-16;497;8539;;
2020-04-17;571;9110;;
2020-04-18;330;9440;;
2020-04-19;432;9872;;
2020-04-20;482;10354;;
2020-04-21;461;10815;;
2020-04-22;536;11351;;
2020-04-23;531;11882;;
2020-04-24;495;12377;;
2020-04-25;318;12695;;
2020-04-26;287;12982;;
2020-04-27;462;13444;;
2020-04-28;475;13919;;
2020-04-29;523;14442;;
2020-04-30;587;15029;;
2020-05-01;622;15651;;
2020-05-02;525;16176;;
2020-05-03;345;16521;;
2020-05-04;422;16943;;
2020-05-05;470;17413;;
2020-05-06;568;17981;;
2020-05-07;431;18412;;
2020-05-08;433;18845;;
2020-05-09;314;19159;;
2020-05-10;300;19459;;
2020-05-11;363;19822;;
2020-05-12;431;20253;;
2020-05-13;402;20655;;
2020-05-14;354;21009;;
2020-05-15;346;21355;;
2020-05-16;272;21627;;
2020-05-17;336;21963;;
2020-05-18;332;22295;;
2020-05-19;316;22611;;
2020-05-20;408;23019;;
2020-05-21;380;23399;;
2020-05-22;255;23654;;
2020-05-23;218;23872;;
2020-05-24;215;24087;;
2020-05-25;207;24294;;
2020-05-26;240;24534;;
2020-05-27;254;24788;;
2020-05-28;194;24982;;
2020-05-29;194;25176;;
2020-05-30;206;25382;;
2020-05-31;140;25522;;
2020-06-01;159;25681;;
2020-06-02;97;25778;;
2020-06-03;115;25893;;
2020-06-04;129;26022;;
2020-06-05;107;26129;;
2020-06-06;104;26233;;
2020-06-07;76;26309;;
2020-06-08;51;26360;;
2020-06-09;80;26440;;
2020-06-10;66;26506;;
2020-06-11;66;26572;;
2020-06-12;72;26644;;
2020-06-13;67;26711;;
2020-06-14;28;26739;;
2020-06-15;57;26796;;
2020-06-16;73;26869;;
2020-06-17;53;26922;;
2020-06-18;49;26971;;
2020-06-19;65;27036;;
2020-06-20;33;27069;;
2020-06-21;26;27095;;
2020-06-22;39;27134;;
2020-06-23;40;27174;;
2020-06-24;28;27202;;
2020-06-25;47;27249;;
2020-06-26;42;27291;;
2020-06-27;30;27321;;
2020-06-28;18;27339;;
2020-06-29;16;27355;;
2020-06-30;40;27395;;
2020-07-01;23;27418;;
2020-07-02;17;27435;;
2020-07-03;18;27453;;
2020-07-04;16;27469;;
2020-07-05;7;27476;;
2020-07-06;16;27492;;
2020-07-07;21;27513;;
2020-07-08;33;27546;;
2020-07-09;52;27598;;
2020-07-10;48;27646;;
2020-07-11;22;27668;;
2020-07-12;13;27681;;
2020-07-13;76;27757;;
2020-07-14;66;27823;;
2020-07-15;69;27892;;
2020-07-16;68;27960;;
2020-07-17;101;28061;;
2020-07-18;98;28159;;
2020-07-19;55;28214;;
2020-07-20;37;28251;;
2020-07-21;65;28316;;
2020-07-22;78;28394;;
2020-07-23;98;28492;;
2020-07-24;69;28561;;
2020-07-25;32;28593;;
2020-07-26;52;28645;;
2020-07-27;41;28686;;
2020-07-28;37;28723;;
2020-07-29;71;28794;;
2020-07-30;60;28854;;
2020-07-31;57;28911;;
2020-08-01;51;28962;;
2020-08-02;30;28992;;
2020-08-03;45;29037;;
2020-08-04;64;29101;;
2020-08-05;47;29148;;
2020-08-06;21;29169;;
2020-08-07;46;29215;;
2020-08-08;37;29252;;
2020-08-09;36;29288;;
2020-08-10;33;29321;;
2020-08-11;36;29357;;
2020-08-12;34;29391;;
2020-08-13;38;29429;;
2020-08-14;30;29459;;
2020-08-15;14;29473;;
2020-08-16;12;29485;;
2020-08-17;17;29502;;
2020-08-18;16;29518;;
2020-08-19;22;29540;;
2020-08-20;34;29574;;
2020-08-21;33;29607;;
2020-08-22;20;29627;;
2020-08-23;23;29650;;
2020-08-24;10;29660;;
2020-08-25;30;29690;;
2020-08-26;42;29732;;
2020-08-27;43;29775;;
2020-08-28;24;29799;;
2020-08-29;55;29854;;
2020-08-30;13;29867;;
2020-08-31;32;29899;;
2020-09-01;36;29935;;
2020-09-02;36;29971;;
2020-09-03;71;30042;;
2020-09-04;49;30091;;
2020-09-05;67;30158;;
2020-09-06;59;30217;;
2020-09-07;51;30268;;
2020-09-08;72;30340;;
2020-09-09;70;30410;;
2020-09-10;90;30500;;
2020-09-11;108;30608;;
2020-09-12;71;30679;;
2020-09-13;96;30775;;
2020-09-14;73;30848;;
2020-09-15;94;30942;;
2020-09-16;79;31021;;
2020-09-17;71;31092;;
2020-09-18;200;31292;;
2020-09-19;139;31431;;
2020-09-20;204;31635;;
2020-09-21;141;31776;;
2020-09-22;169;31945;;
2020-09-23;254;32199;;
2020-09-24;231;32430;;
2020-09-25;288;32718;;
2020-09-26;343;33061;;
2020-09-27;276;33337;;
2020-09-28;282;33619;;
2020-09-29;355;33974;;
2020-09-30;315;34289;;
2020-10-01;308;34597;;
2020-10-02;415;35012;;
2020-10-03;372;35384;;
2020-10-04;303;35687;;
2020-10-05;280;35967;;
2020-10-06;257;36224;;
2020-10-07;297;36521;;
2020-10-08;346;36867;;
2020-10-09;286;37153;;
2020-10-10;193;37346;;
2020-10-11;329;37675;;
2020-10-12;267;37942;;
2020-10-13;204;38146;;
2020-10-14;270;38416;;
2020-10-15;256;38672;;
2020-10-16;264;38936;;
2020-10-17;272;39208;;
2020-10-18;194;39402;;
2020-10-19;241;39643;;
2020-10-20;253;39896;;
2020-10-21;287;40183;;
2020-10-22;226;40409;;
2020-10-23;246;40655;;
2020-10-24;166;40821;;
2020-10-25;220;41041;;
2020-10-26;354;41395;;
2020-10-27;245;41640;;
2020-10-28;208;41848;;
2020-10-29;219;42067;;
2020-10-30;197;42264;;
2020-10-31;241;42542;;
2020-11-01;235;42778;;
2020-11-02;198;42938;;
2020-11-03;239;43177;;
2020-11-04;247;43424;;
2020-11-05;326;43750;;
2020-11-06;264;44014;;
2020-11-07;271;44285;;
2020-11-08;276;44561;;
2020-11-09;266;44827;;
2020-11-10;319;45146;;
2020-11-11;347;45493;;
2020-11-12;283;45776;;
2020-11-13;327;46103;;
2020-11-14;303;46406;;
2020-11-15;277;46683;;
2020-11-16;309;46992;;
2020-11-17;239;47231;;
2020-11-18;231;47462;;
2020-11-19;283;47745;;
2020-11-20;254;47999;;
2020-11-21;268;48267;;
2020-11-22;300;48567;;
2020-11-23;275;48842;;
2020-11-24;238;49080;;
2020-11-25;303;49383;;
2020-11-26;347;49730;;
2020-11-27;416;50146;;
2020-11-28;446;50592;;
2020-11-29;364;50956;;
2020-11-30;334;51290;;
2020-12-01;418;51708;;
2020-12-02;457;52165;;
2020-12-03;452;52617;;
2020-12-04;500;53117;;
2020-12-05;518;53635;;
2020-12-06;482;54117;;
2020-12-07;461;54578;;
2020-12-08;531;55109;;
2020-12-09;590;55699;;
2020-12-10;548;56247;;
2020-12-11;646;56893;;
2020-12-12;731;57624;;
2020-12-13;564;58188;;
2020-12-14;678;58866;;
2020-12-15;554;59420;;
2020-12-16;701;60121;;
2020-12-17;930;61051;;
2020-12-18;812;61863;;
2020-12-19;700;62563;;
2020-12-20;652;63215;;
2020-12-21;755;63970;;
2020-12-22;760;64730;;
2020-12-23;701;65431;;
2020-12-24;879;66310;;
2020-12-25;945;67255;;
2020-12-26;756;68011;;
2020-12-27;803;68814;;
2020-12-28;843;69657;;
2020-12-29;999;70656;;
2020-12-30;933;71589;;
2020-12-31;746;72335;;
2021-01-01;1231;73566;;
2021-01-02;924;74490;;
2021-01-03;791;75281;;
2021-01-04;770;76051;;
2021-01-05;822;76873;;
2021-01-06;1094;77967;;
2021-01-07;1278;79245;;
2021-01-08;1047;80292;;
2021-01-09;821;81113;;
2021-01-10;779;81892;;
2021-01-11;566;82458;;
2021-01-12;863;83321;;
2021-01-13;731;84052;;
2021-01-14;819;84871;;
2021-01-15;714;85585;;
2021-01-16;881;86466;;
2021-01-17;583;87049;;
2021-01-18;471;87520;;
2021-01-19;638;88158;;
2021-01-20;671;88829;;
2021-01-21;765;89594;;
2021-01-22;616;90210;;
2021-01-23;563;90773;;
2021-01-24;430;91203;;
2021-01-25;506;91709;;
2021-01-26;595;92304;;
2021-01-27;455;92759;;
2021-01-28;575;93334;;
2021-01-29;500;93834;;
2021-01-30;558;94392;;
2021-01-31;389;94781;;
2021-02-01;470;95251;;
2021-02-02;561;95812;;
2021-02-03;485;96297;;
2021-02-04;526;96823;;
2021-02-05;554;97377;;
2021-02-06;510;97887;;
2021-02-07;406;98293;;
2021-02-08;333;98626;;
2021-02-09;451;99077;;
2021-02-10;549;99626;;
2021-02-11;474;100100;;
2021-02-12;485;100585;;
2021-02-13;344;100929;;
2021-02-14;352;101281;;
2021-02-15;322;101603;;
2021-02-16;410;102013;;
2021-02-17;332;102345;;
2021-02-18;377;102722;;
2021-02-19;395;103117;;
2021-02-20;390;103507;;
2021-02-21;405;103912;;
2021-02-22;262;104174;;
2021-02-23;421;104595;;
2021-02-24;409;105004;;
2021-02-25;388;105392;;
2021-02-26;401;105793;;
2021-02-27;324;106117;;
2021-02-28;249;106366;;
2021-03-01;258;106624;;
2021-03-02;392;107016;;
2021-03-03;303;107319;;
2021-03-04;375;107694;;
2021-03-05;280;107974;;
2021-03-06;399;108373;;
2021-03-07;267;108640;;
2021-03-08;259;108899;;
2021-03-09;392;109291;;
2021-03-10;316;109607;;
2021-03-11;362;109969;;
2021-03-12;390;110359;;
2021-03-13;277;110636;;
2021-03-14;271;110907;;
2021-03-15;244;111151;;
2021-03-16;340;111491;;
2021-03-17;315;111806;;
2021-03-18;357;112163;;
2021-03-19;319;112482;;
2021-03-20;267;112749;;
2021-03-21;307;113056;;
2021-03-22;226;113282;;
2021-03-23;339;113621;;
2021-03-24;367;113988;;
2021-03-25;354;114342;;
2021-03-26;361;114703;;
2021-03-27;310;115013;;
2021-03-28;262;115275;;
2021-03-29;306;115581;;
2021-03-30;379;115960;;
2021-03-31;402;116362;;
2021-04-01;359;116721;;
2021-04-02;386;117107;;
2021-04-03;356;117463;;
2021-04-04;302;117765;;
2021-04-05;293;118058;;
2021-04-06;311;118369;;
2021-04-07;406;118775;;
2021-04-08;394;119169;;
2021-04-09;517;119686;;
2021-04-10;296;119982;;
2021-04-11;378;120360;;
2021-04-12;261;120621;;
2021-04-13;372;120993;;
2021-04-14;354;121347;;
2021-04-15;431;121778;;
2021-04-16;367;122145;;
2021-04-17;352;122497;;
2021-04-18;217;122714;;
2021-04-19;253;122967;;
2021-04-20;273;123240;;
2021-04-21;312;123552;;
2021-04-22;315;123867;;
2021-04-23;229;124096;;
2021-04-24;341;124437;;
2021-04-25;198;124635;;
2021-04-26;244;124879;;
2021-04-27;292;125171;;
2021-04-28;311;125482;;
2021-04-29;343;125825;;
2021-04-30;323;126148;;
2021-05-01;262;126410;;
2021-05-02;211;126621;;
2021-05-03;224;126845;;
2021-05-04;238;127083;;
2021-05-05;199;127282;;
2021-05-06;259;127541;;
2021-05-07;279;127820;;
2021-05-08;212;128032;;
2021-05-09;196;128228;;
2021-05-10;189;128417;;
2021-05-11;261;128678;;
2021-05-12;261;128939;;
2021-05-13;291;129230;;
2021-05-14;243;129473;;
2021-05-15;207;129680;;
2021-05-16;186;129866;;
2021-05-17;191;130057;;
2021-05-18;206;130263;;
2021-05-19;263;130526;;
2021-05-20;247;130773;;
2021-05-21;197;130970;;
2021-05-22;181;131151;;
2021-05-23;114;131265;;
2021-05-24;155;131420;;
2021-05-25;164;131584;;
2021-05-26;154;131738;;
2021-05-27;147;131885;;
2021-05-28;142;132027;;
2021-05-29;83;132110;;
2021-05-30;80;132190;;
2021-05-31;83;132273;;
2021-06-01;107;132380;;
2021-06-02;99;132479;;
2021-06-03;84;132563;;
2021-06-04;87;132650;;
2021-06-05;73;132723;;
2021-06-06;49;132772;;
2021-06-07;60;132832;;
2021-06-08;56;132888;;
2021-06-09;42;132930;;
2021-06-10;64;132994;;
2021-06-11;67;133061;;
2021-06-12;51;133112;;
2021-06-13;35;133147;;
2021-06-14;36;133183;;
2021-06-15;62;133245;;
2021-06-16;45;133290;;
2021-06-17;57;133347;;
2021-06-18;50;133397;;
2021-06-19;24;133421;;
2021-06-20;27;133448;;
2021-06-21;28;133476;;
2021-06-22;46;133522;;
2021-06-23;28;133550;;
2021-06-24;27;133577;;
2021-06-25;35;133612;;
2021-06-26;35;133647;;
2021-06-27;13;133660;;
2021-06-28;38;133698;;
2021-06-29;40;133738;;
2021-06-30;26;133764;;
2021-07-01;25;133789;;
2021-07-02;26;133815;;
2021-07-03;23;133838;;
2021-07-04;12;133850;;
2021-07-05;22;133872;;
2021-07-06;30;133902;;
2021-07-07;29;133931;;
2021-07-08;33;133964;;
2021-07-09;25;133989;;
2021-07-10;18;134007;;
2021-07-11;20;134027;;
2021-07-12;28;134055;;
2021-07-13;31;134086;;
2021-07-14;32;134118;;
2021-07-15;40;134158;;
2021-07-16;30;134188;;
2021-07-17;32;134220;;
2021-07-18;35;134255;;
2021-07-19;28;134283;;
2021-07-20;54;134337;;
2021-07-21;53;134390;;
2021-07-22;48;134438;;
2021-07-23;46;134484;;
2021-07-24;33;134517;;
2021-07-25;35;134552;;
2021-07-26;40;134592;;
2021-07-27;52;134644;;
2021-07-28;48;134692;;
2021-07-29;16;134708;;
2021-07-30;106;134814;;
2021-07-31;52;134866;;
2021-08-01;43;134909;;
2021-08-02;54;134963;;
2021-08-03;52;135015;;
2021-08-04;94;135109;;
2021-08-05;103;135212;;
2021-08-06;92;135304;;
2021-08-07;86;135390;;
2021-08-08;69;135459;;
2021-08-09;86;135545;;
2021-08-10;105;135650;;
2021-08-11;152;135802;;
2021-08-12;143;135945;;
2021-08-13;158;136103;;
2021-08-14;142;136245;;
2021-08-15;135;136380;;
2021-08-16;138;136518;;
2021-08-17;148;136666;;
2021-08-18;200;136866;;
2021-08-19;179;137045;;
2021-08-20;208;137253;;
2021-08-21;157;137410;;
2021-08-22;129;137539;;
2021-08-23;161;137700;;
2021-08-24;217;137917;;
2021-08-25;225;138142;;
2021-08-26;247;138389;;
2021-08-27;200;138589;;
2021-08-28;154;138743;;
2021-08-29;133;138876;;
2021-08-30;181;139057;;
2021-08-31;246;139303;;
2021-09-01;274;139577;;
2021-09-02;245;139822;;
2021-09-03;249;140071;;
2021-09-04;204;140275;;
2021-09-05;192;140467;;
2021-09-06;182;140649;;
2021-09-07;203;140852;;
2021-09-08;238;141090;;
2021-09-09;315;141405;;
2021-09-10;286;141691;;
2021-09-11;237;141928;;
2021-09-12;204;142132;;
2021-09-13;234;142366;;
2021-09-14;249;142615;;
2021-09-15;319;142934;;
2021-09-16;284;143218;;
2021-09-17;266;143484;;
2021-09-18;261;143745;;
2021-09-19;213;143958;;
2021-09-20;206;144164;;
2021-09-21;227;144391;;
2021-09-22;252;144643;;
2021-09-23;210;144853;;
2021-09-24;268;145121;;
2021-09-25;210;145331;;
2021-09-26;137;145468;;
2021-09-27;140;145608;;
2021-09-28;188;145796;;
2021-09-29;234;146030;;
2021-09-30;189;146219;;
2021-10-01;149;146368;;
2021-10-02;119;146487;;
2021-10-03;127;146614;;
2021-10-04;119;146733;;
2021-10-05;130;146863;;
2021-10-06;161;147024;;
2021-10-07;175;147199;;
2021-10-08;155;147354;;
2021-10-09;154;147508;;
2021-10-10;91;147599;;
2021-10-11;129;147728;;
2021-10-12;156;147884;;
2021-10-13;145;148029;;
2021-10-14;193;148222;;
2021-10-15;209;148431;;
2021-10-16;141;148572;;
2021-10-17;95;148667;;
2021-10-18;121;148788;;
2021-10-19;119;148907;;
2021-10-20;141;149048;;
2021-10-21;89;149137;;
2021-10-22;120;149257;;
2021-10-23;99;149356;;
2021-10-24;102;149458;;
2021-10-25;103;149561;;
2021-10-26;147;149708;;
2021-10-27;142;149850;;
2021-10-28;168;150018;;
2021-10-29;138;150156;;
2021-10-30;143;150299;;
2021-10-31;141;150440;;
2021-11-01;123;150563;;
2021-11-02;111;150674;;
2021-11-03;164;150838;;
2021-11-04;153;150991;;
2021-11-05;165;151156;;
2021-11-06;204;151360;;
2021-11-07;179;151539;;
2021-11-08;153;151692;;
2021-11-09;234;151926;;
2021-11-10;213;152139;;
2021-11-11;197;152336;;
2021-11-12;188;152524;;
2021-11-13;168;152692;;
2021-11-14;141;152833;;
2021-11-15;135;152968;;
2021-11-16;268;153236;;
2021-11-17;238;153474;;
2021-11-18;190;153664;;
2021-11-19;256;153920;;
2021-11-20;206;154126;;
2021-11-21;216;154342;;
2021-11-22;179;154521;;
2021-11-23;237;154758;;
2021-11-24;302;155060;;
2021-11-25;302;155362;;
2021-11-26;244;155606;;
2021-11-27;219;155825;;
2021-11-28;224;156049;;
2021-11-29;291;156340;;
2021-11-30;341;156681;;
2021-12-01;385;157066;;
2021-12-02;410;157476;;
2021-12-03;383;157859;;
2021-12-04;389;158248;;
2021-12-05;342;158590;;
2021-12-06;346;158936;;
2021-12-07;403;159339;;
2021-12-08;498;159837;;
2021-12-09;559;160396;;
2021-12-10;545;160941;;
2021-12-11;449;161390;;
2021-12-12;415;161805;;
2021-12-13;726;162531;;
2021-12-14;916;163447;;
2021-12-15;973;164420;;
2021-12-16;1148;165568;;
2021-12-17;1166;166734;;
2021-12-18;1611;168345;;
2021-12-19;1413;169758;;
2021-12-20;2027;171785;;
2021-12-21;2440;174225;;
2021-12-22;3349;177574;;
2021-12-23;3355;180929;;
2021-12-24;3404;184333;;
2021-12-25;3070;187403;;
2021-12-26;3010;190413;;
2021-12-27;3963;194376;;
2021-12-28;4668;199044;;
2021-12-29;4636;203680;;
2021-12-30;4471;208151;;
2021-12-31;4034;212185;;
2022-01-01;3702;215887;;
2022-01-02;3885;219772;;
2022-01-03;3675;223447;;
2022-01-04;4516;227963;;
2022-01-05;4485;232448;;
2022-01-06;3826;236274;;
2022-01-07;3230;239504;;
2022-01-08;2523;242027;;
2022-01-09;3255;245282;;
2022-01-10;3319;248601;;
2022-01-11;2191;250792;;
2022-01-12;2043;252835;;
2022-01-13;1960;254795;;
2022-01-14;1744;256539;;
2022-01-15;1332;257871;;
2022-01-16;1181;259052;;
2022-01-17;977;260029;;
2022-01-18;1453;261482;;
2022-01-19;1212;262694;;
2022-01-20;1149;263843;;
2022-01-21;1050;264893;;
2022-01-22;649;265542;;
2022-01-23;519;266061;;
2022-01-24;800;266861;;
2022-01-25;760;267621;;
2022-01-26;776;268397;;
2022-01-27;612;269009;;
2022-01-28;600;269609;;
2022-01-29;570;270179;;
2022-01-30;382;270561;;
2022-01-31;580;271141;;
2022-02-01;683;271824;;
2022-02-02;748;272572;;
2022-02-03;622;273194;;
2022-02-04;523;273717;;
2022-02-05;341;274058;;
2022-02-06;331;274389;;
2022-02-07;612;275001;;
2022-02-08;543;275544;;
2022-02-09;455;275999;;
2022-02-10;480;276479;;
2022-02-11;530;277009;;
2022-02-12;241;277250;;
2022-02-13;248;277498;;
2022-02-14;378;277876;;
2022-02-15;340;278216;;
2022-02-16;317;278533;;
2022-02-17;309;278842;;
2022-02-18;225;279067;;
2022-02-19;172;279239;;
2022-02-20;130;279369;;
2022-02-21;269;279638;;
2022-02-22;236;279874;;
2022-02-23;205;280079;;
2022-02-24;231;280310;;
2022-02-25;180;280490;;
2022-02-26;127;280617;;
2022-02-27;103;280720;;
2022-02-28;248;280968;;
2022-03-01;205;281173;;
2022-03-02;150;281323;;
2022-03-03;259;281582;;
2022-03-04;132;281714;;
2022-03-05;118;281832;;
2022-03-06;125;281957;;
2022-03-07;181;282138;;
2022-03-08;201;282339;;
2022-03-09;182;282521;;
2022-03-10;154;282675;;
2022-03-11;172;282847;;
2022-03-12;104;282951;;
2022-03-13;65;283016;;
2022-03-14;170;283186;;
2022-03-15;194;283380;;
2022-03-16;244;283624;;
2022-03-17;95;283719;;
;;;;
;;;;
;;;;
;;;;
;;;;
;;;;
;;;;
;;;;
;;;;
;;;;
;;;;
;;;;
;;;;
;;;;
;;;;
;;;;
;;;;
;;;;
;;;;
;;;;
;;;;
;;;;
;;;;
;;;;
;;;;
;;;;
;;;;
;;;;
;;;;
;;;;
;;;;
;;;;
;;;;
;;;;
;;;;
;;;;
;;;;
;;;;
;;;;
;;;;
;;;;
;;;;
;;;;
;;;;
;;;;
;;;;
;;;;
;;;;
;;;;
;;;;
;;;;
;;;;
;;;;
;;;;
;;;;
;;;;
;;;;
;;;;
;;;;
;;;;
;;;;
;;;;
;;;;
;;;;
;;;;
;;;;
;;;;
;;;;
;;;;
;;;;
;;;;
;;;;
;;;;
;;;;
;;;;
