Date;Nouveaux cas;Cumulatif de cas;
2020-02-25;1;1;
2020-02-26;0;1;
2020-02-27;0;1;
2020-02-28;0;1;
2020-02-29;0;1;
2020-03-01;1;2;
2020-03-02;2;4;
2020-03-03;0;4;
2020-03-04;0;4;
2020-03-05;0;4;
2020-03-06;0;4;
2020-03-07;0;4;
2020-03-08;1;5;
2020-03-09;1;6;
2020-03-10;2;8;
2020-03-11;3;11;
2020-03-12;3;14;
2020-03-13;2;16;
2020-03-14;5;21;
2020-03-15;6;27;
2020-03-16;5;32;
2020-03-17;7;39;
2020-03-18;6;45;
2020-03-19;36;81;
2020-03-20;49;130;
2020-03-21;91;221;
2020-03-22;88;309;
2020-03-23;132;441;
2020-03-24;145;586;
2020-03-25;184;770;
2020-03-26;179;949;
2020-03-27;239;1188;
2020-03-28;198;1386;
2020-03-29;258;1644;
2020-03-30;264;1908;
2020-03-31;329;2237;
2020-04-01;303;2540;
2020-04-02;408;2948;
2020-04-03;347;3295;
2020-04-04;340;3635;
2020-04-05;258;3893;
2020-04-06;455;4348;
2020-04-07;421;4769;
2020-04-08;372;5141;
2020-04-09;350;5491;
2020-04-10;305;5796;
2020-04-11;261;6057;
2020-04-12;327;6384;
2020-04-13;542;6926;
2020-04-14;468;7394;
2020-04-15;612;8006;
2020-04-16;496;8502;
2020-04-17;569;9071;
2020-04-18;330;9401;
2020-04-19;428;9829;
2020-04-20;480;10309;
2020-04-21;456;10765;
2020-04-22;529;11294;
2020-04-23;526;11820;
2020-04-24;491;12311;
2020-04-25;312;12623;
2020-04-26;282;12905;
2020-04-27;461;13366;
2020-04-28;470;13836;
2020-04-29;517;14353;
2020-04-30;587;14940;
2020-05-01;613;15553;
2020-05-02;525;16078;
2020-05-03;345;16423;
2020-05-04;419;16842;
2020-05-05;467;17309;
2020-05-06;569;17878;
2020-05-07;429;18307;
2020-05-08;427;18734;
2020-05-09;312;19046;
2020-05-10;297;19343;
2020-05-11;362;19705;
2020-05-12;426;20131;
2020-05-13;400;20531;
2020-05-14;353;20884;
2020-05-15;344;21228;
2020-05-16;271;21499;
2020-05-17;342;21841;
2020-05-18;330;22171;
2020-05-19;319;22490;
2020-05-20;405;22895;
2020-05-21;377;23272;
2020-05-22;257;23529;
2020-05-23;216;23745;
2020-05-24;216;23961;
2020-05-25;203;24164;
2020-05-26;240;24404;
2020-05-27;252;24656;
2020-05-28;193;24849;
2020-05-29;192;25041;
2020-05-30;205;25246;
2020-05-31;140;25386;
2020-06-01;155;25541;
2020-06-02;97;25638;
2020-06-03;114;25752;
2020-06-04;126;25878;
2020-06-05;109;25987;
2020-06-06;105;26092;
2020-06-07;75;26167;
2020-06-08;51;26218;
2020-06-09;78;26296;
2020-06-10;67;26363;
2020-06-11;66;26429;
2020-06-12;72;26501;
2020-06-13;66;26567;
2020-06-14;28;26595;
2020-06-15;56;26651;
2020-06-16;74;26725;
2020-06-17;53;26778;
2020-06-18;48;26826;
2020-06-19;64;26890;
2020-06-20;33;26923;
2020-06-21;27;26950;
2020-06-22;41;26991;
2020-06-23;40;27031;
2020-06-24;29;27060;
2020-06-25;45;27105;
2020-06-26;42;27147;
2020-06-27;30;27177;
2020-06-28;18;27195;
2020-06-29;16;27211;
2020-06-30;39;27250;
2020-07-01;24;27274;
2020-07-02;16;27290;
2020-07-03;17;27307;
2020-07-04;16;27323;
2020-07-05;7;27330;
2020-07-06;16;27346;
2020-07-07;21;27367;
2020-07-08;33;27400;
2020-07-09;52;27452;
2020-07-10;48;27500;
2020-07-11;22;27522;
2020-07-12;13;27535;
2020-07-13;75;27610;
2020-07-14;64;27674;
2020-07-15;69;27743;
2020-07-16;66;27809;
2020-07-17;99;27908;
2020-07-18;97;28005;
2020-07-19;55;28060;
2020-07-20;37;28097;
2020-07-21;62;28159;
2020-07-22;78;28237;
2020-07-23;94;28331;
2020-07-24;69;28400;
2020-07-25;34;28434;
2020-07-26;52;28486;
2020-07-27;33;28519;
2020-07-28;36;28555;
2020-07-29;69;28624;
2020-07-30;58;28682;
2020-07-31;57;28739;
2020-08-01;50;28789;
2020-08-02;31;28820;
2020-08-03;45;28865;
2020-08-04;65;28930;
2020-08-05;46;28976;
2020-08-06;21;28997;
2020-08-07;46;29043;
2020-08-08;35;29078;
2020-08-09;37;29115;
2020-08-10;34;29149;
2020-08-11;36;29185;
2020-08-12;35;29220;
2020-08-13;38;29258;
2020-08-14;30;29288;
2020-08-15;14;29302;
2020-08-16;12;29314;
2020-08-17;17;29331;
2020-08-18;17;29348;
2020-08-19;22;29370;
2020-08-20;34;29404;
2020-08-21;32;29436;
2020-08-22;19;29455;
2020-08-23;21;29476;
2020-08-24;8;29484;
2020-08-25;29;29513;
2020-08-26;41;29554;
2020-08-27;43;29597;
2020-08-28;25;29622;
2020-08-29;54;29676;
2020-08-30;14;29690;
2020-08-31;32;29722;
2020-09-01;36;29758;
2020-09-02;36;29794;
2020-09-03;72;29866;
2020-09-04;49;29915;
2020-09-05;63;29978;
2020-09-06;57;30035;
2020-09-07;50;30085;
2020-09-08;71;30156;
2020-09-09;70;30226;
2020-09-10;90;30316;
2020-09-11;108;30424;
2020-09-12;71;30495;
2020-09-13;98;30593;
2020-09-14;71;30664;
2020-09-15;93;30757;
2020-09-16;79;30836;
2020-09-17;70;30906;
2020-09-18;198;31104;
2020-09-19;141;31245;
2020-09-20;200;31445;
2020-09-21;140;31585;
2020-09-22;168;31753;
2020-09-23;254;32007;
2020-09-24;235;32242;
2020-09-25;286;32528;
2020-09-26;352;32880;
2020-09-27;274;33154;
2020-09-28;281;33435;
2020-09-29;355;33790;
2020-09-30;316;34106;
2020-10-01;312;34418;
2020-10-02;416;34834;
2020-10-03;365;35199;
2020-10-04;298;35497;
2020-10-05;277;35774;
2020-10-06;254;36028;
2020-10-07;301;36329;
2020-10-08;346;36675;
2020-10-09;284;36959;
2020-10-10;194;37153;
2020-10-11;325;37478;
2020-10-12;267;37745;
2020-10-13;201;37946;
2020-10-14;269;38215;
2020-10-15;254;38469;
2020-10-16;263;38732;
2020-10-17;270;39002;
2020-10-18;190;39192;
2020-10-19;241;39433;
2020-10-20;254;39687;
2020-10-21;288;39975;
2020-10-22;222;40197;
2020-10-23;243;40440;
2020-10-24;166;40606;
2020-10-25;219;40825;
2020-10-26;356;41181;
2020-10-27;243;41424;
2020-10-28;211;41635;
2020-10-29;217;41852;
2020-10-30;196;42048;
2020-10-31;236;42542;
2020-11-01;235;42778;
2020-11-02;194;42713;
2020-11-03;240;42953;
2020-11-04;241;43194;
2020-11-05;327;43521;
2020-11-06;263;43784;
2020-11-07;270;44054;
2020-11-08;274;44328;
2020-11-09;267;44595;
2020-11-10;319;44914;
2020-11-11;345;45259;
2020-11-12;282;45541;
2020-11-13;327;45868;
2020-11-14;302;46170;
2020-11-15;275;46445;
2020-11-16;305;46750;
2020-11-17;238;46988;
2020-11-18;229;47217;
2020-11-19;281;47498;
2020-11-20;251;47749;
2020-11-21;260;48009;
2020-11-22;298;48307;
2020-11-23;276;48583;
2020-11-24;243;48826;
2020-11-25;298;49124;
2020-11-26;347;49471;
2020-11-27;413;49884;
2020-11-28;445;50329;
2020-11-29;363;50692;
2020-11-30;335;51027;
2020-12-01;418;51445;
2020-12-02;457;51902;
2020-12-03;447;52349;
2020-12-04;496;52845;
2020-12-05;518;53363;
2020-12-06;483;53846;
2020-12-07;461;54307;
2020-12-08;527;54834;
2020-12-09;581;55415;
2020-12-10;543;55958;
2020-12-11;640;56598;
2020-12-12;728;57326;
2020-12-13;564;57890;
2020-12-14;673;58563;
2020-12-15;554;59117;
2020-12-16;696;59813;
2020-12-17;929;60742;
2020-12-18;807;61549;
2020-12-19;692;62241;
2020-12-20;649;62890;
2020-12-21;749;63639;
2020-12-22;755;64394;
2020-12-23;701;65095;
2020-12-24;872;65967;
2020-12-25;941;66908;
2020-12-26;752;67660;
2020-12-27;801;68461;
2020-12-28;839;69300;
2020-12-29;998;70298;
2020-12-30;928;71226;
2020-12-31;741;71967;
2021-01-01;1220;73187;
2021-01-02;925;74112;
2021-01-03;789;74901;
2021-01-04;768;75669;
2021-01-05;818;76487;
2021-01-06;1088;77575;
2021-01-07;1274;78849;
2021-01-08;1041;79890;
2021-01-09;818;80708;
2021-01-10;778;81486;
2021-01-11;561;82047;
2021-01-12;859;82906;
2021-01-13;729;83635;
2021-01-14;813;84448;
2021-01-15;714;85162;
2021-01-16;878;86040;
2021-01-17;579;86619;
2021-01-18;466;87085;
2021-01-19;630;87715;
2021-01-20;667;88382;
2021-01-21;763;89145;
2021-01-22;608;89753;
2021-01-23;560;90313;
2021-01-24;425;90738;
2021-01-25;502;91240;
2021-01-26;591;91831;
2021-01-27;454;92285;
2021-01-28;574;92859;
2021-01-29;498;93357;
2021-01-30;554;93911;
2021-01-31;389;94300;
2021-02-01;468;94768;
2021-02-02;558;95326;
2021-02-03;483;95809;
2021-02-04;523;96332;
2021-02-05;546;96878;
2021-02-06;511;97389;
2021-02-07;407;97796;
2021-02-08;332;98128;
2021-02-09;451;98579;
2021-02-10;551;99130;
2021-02-11;473;99603;
2021-02-12;477;100080;
2021-02-13;339;100419;
2021-02-14;352;100771;
2021-02-15;319;101090;
2021-02-16;412;101502;
2021-02-17;328;101830;
2021-02-18;373;102203;
2021-02-19;396;102599;
2021-02-20;385;102984;
2021-02-21;401;103385;
2021-02-22;257;103642;
2021-02-23;419;104061;
2021-02-24;408;104469;
2021-02-25;387;104856;
2021-02-26;397;105253;
2021-02-27;321;105574;
2021-02-28;249;105823;
2021-03-01;258;106081;
2021-03-02;390;106471;
2021-03-03;303;106774;
2021-03-04;377;107151;
2021-03-05;281;107432;
2021-03-06;398;107830;
2021-03-07;266;108096;
2021-03-08;260;108356;
2021-03-09;391;108747;
2021-03-10;315;109062;
2021-03-11;364;109426;
2021-03-12;387;109813;
2021-03-13;281;110094;
2021-03-14;267;110361;
2021-03-15;245;110606;
2021-03-16;336;110942;
2021-03-17;312;111254;
2021-03-18;352;111606;
2021-03-19;319;111925;
2021-03-20;266;112191;
2021-03-21;308;112499;
2021-03-22;228;112727;
2021-03-23;335;113062;
2021-03-24;370;113432;
2021-03-25;356;113788;
2021-03-26;360;114148;
2021-03-27;307;114455;
2021-03-28;260;114715;
2021-03-29;304;115019;
2021-03-30;375;115394;
2021-03-31;401;115795;
2021-04-01;360;116155;
2021-04-02;385;116540;
2021-04-03;355;116895;
2021-04-04;299;117194;
2021-04-05;294;117488;
2021-04-06;310;117798;
2021-04-07;405;118203;
2021-04-08;395;118598;
2021-04-09;515;119113;
2021-04-10;298;119411;
2021-04-11;377;119788;
2021-04-12;263;120051;
2021-04-13;375;120426;
2021-04-14;354;120780;
2021-04-15;432;121212;
2021-04-16;367;121579;
2021-04-17;352;121931;
2021-04-18;219;122150;
2021-04-19;253;122403;
2021-04-20;276;122679;
2021-04-21;312;122991;
2021-04-22;316;123307;
2021-04-23;229;123536;
2021-04-24;340;123876;
2021-04-25;201;124077;
2021-04-26;245;124322;
2021-04-27;291;124613;
2021-04-28;313;124926;
2021-04-29;344;125270;
2021-04-30;325;125595;
2021-05-01;265;125860;
2021-05-02;208;126068;
2021-05-03;229;126297;
2021-05-04;238;126535;
2021-05-05;201;126736;
2021-05-06;260;126996;
2021-05-07;284;127280;
2021-05-08;223;127503;
2021-05-09;110;127613;
;;;
;;;
;;;
;;;
;;;
;;;
;;;
;;;
;;;
;;;
;;;
;;;
;;;
;;;
;;;
;;;
;;;
;;;
;;;
;;;
;;;
;;;
;;;
;;;
;;;
;;;
;;;
;;;
;;;
;;;
;;;
;;;
;;;
;;;
;;;
;;;
;;;
;;;
;;;
;;;
;;;
;;;
;;;
;;;
;;;
;;;
;;;
;;;
;;;
;;;
;;;
;;;
;;;
;;;
;;;
;;;
;;;
;;;
;;;
;;;
;;;
;;;
;;;
;;;
;;;
;;;
;;;
;;;
;;;
;;;
;;;
;;;
;;;
;;;
;;;
;;;
;;;
;;;
;;;
;;;
;;;
;;;
;;;
;;;
;;;
;;;
;;;
