Date;Nouveaux cas;Cumulatif de cas;
2020-02-25;1;1;
2020-02-26;0;1;
2020-02-27;0;1;
2020-02-28;0;1;
2020-02-29;0;1;
2020-03-01;1;2;
2020-03-02;2;4;
2020-03-03;0;4;
2020-03-04;0;4;
2020-03-05;0;4;
2020-03-06;0;4;
2020-03-07;0;4;
2020-03-08;1;5;
2020-03-09;1;6;
2020-03-10;2;8;
2020-03-11;3;11;
2020-03-12;3;14;
2020-03-13;2;16;
2020-03-14;5;21;
2020-03-15;6;27;
2020-03-16;5;32;
2020-03-17;7;39;
2020-03-18;6;45;
2020-03-19;36;81;
2020-03-20;49;130;
2020-03-21;91;221;
2020-03-22;89;310;
2020-03-23;133;443;
2020-03-24;145;588;
2020-03-25;186;774;
2020-03-26;180;954;
2020-03-27;241;1195;
2020-03-28;199;1394;
2020-03-29;258;1652;
2020-03-30;265;1917;
2020-03-31;330;2247;
2020-04-01;304;2551;
2020-04-02;409;2960;
2020-04-03;347;3307;
2020-04-04;340;3647;
2020-04-05;259;3906;
2020-04-06;457;4363;
2020-04-07;422;4785;
2020-04-08;373;5158;
2020-04-09;351;5509;
2020-04-10;305;5814;
2020-04-11;261;6075;
2020-04-12;329;6404;
2020-04-13;542;6946;
2020-04-14;468;7414;
2020-04-15;613;8027;
2020-04-16;497;8524;
2020-04-17;571;9095;
2020-04-18;331;9426;
2020-04-19;430;9856;
2020-04-20;483;10339;
2020-04-21;457;10796;
2020-04-22;531;11327;
2020-04-23;527;11854;
2020-04-24;493;12347;
2020-04-25;312;12659;
2020-04-26;281;12940;
2020-04-27;461;13401;
2020-04-28;471;13872;
2020-04-29;518;14390;
2020-04-30;588;14978;
2020-05-01;616;15594;
2020-05-02;526;16120;
2020-05-03;345;16465;
2020-05-04;419;16884;
2020-05-05;469;17353;
2020-05-06;569;17922;
2020-05-07;429;18351;
2020-05-08;429;18780;
2020-05-09;313;19093;
2020-05-10;299;19392;
2020-05-11;366;19758;
2020-05-12;427;20185;
2020-05-13;401;20586;
2020-05-14;354;20940;
2020-05-15;348;21288;
2020-05-16;271;21559;
2020-05-17;343;21902;
2020-05-18;332;22234;
2020-05-19;319;22553;
2020-05-20;407;22960;
2020-05-21;380;23340;
2020-05-22;257;23597;
2020-05-23;216;23813;
2020-05-24;216;24029;
2020-05-25;204;24233;
2020-05-26;240;24473;
2020-05-27;253;24726;
2020-05-28;193;24919;
2020-05-29;193;25112;
2020-05-30;205;25317;
2020-05-31;140;25457;
2020-06-01;156;25613;
2020-06-02;97;25710;
2020-06-03;114;25824;
2020-06-04;128;25952;
2020-06-05;109;26061;
2020-06-06;105;26166;
2020-06-07;76;26242;
2020-06-08;51;26293;
2020-06-09;79;26372;
2020-06-10;67;26439;
2020-06-11;66;26505;
2020-06-12;72;26577;
2020-06-13;66;26643;
2020-06-14;28;26671;
2020-06-15;56;26727;
2020-06-16;74;26801;
2020-06-17;53;26854;
2020-06-18;48;26902;
2020-06-19;64;26966;
2020-06-20;33;26999;
2020-06-21;26;27025;
2020-06-22;41;27066;
2020-06-23;40;27106;
2020-06-24;29;27135;
2020-06-25;46;27181;
2020-06-26;42;27223;
2020-06-27;30;27253;
2020-06-28;18;27271;
2020-06-29;16;27287;
2020-06-30;40;27327;
2020-07-01;24;27351;
2020-07-02;16;27367;
2020-07-03;17;27384;
2020-07-04;16;27400;
2020-07-05;7;27407;
2020-07-06;16;27423;
2020-07-07;21;27444;
2020-07-08;33;27477;
2020-07-09;52;27529;
2020-07-10;50;27579;
2020-07-11;21;27600;
2020-07-12;13;27613;
2020-07-13;75;27688;
2020-07-14;65;27753;
2020-07-15;69;27822;
2020-07-16;66;27888;
2020-07-17;100;27988;
2020-07-18;97;28085;
2020-07-19;55;28140;
2020-07-20;37;28177;
2020-07-21;63;28240;
2020-07-22;78;28318;
2020-07-23;92;28410;
2020-07-24;69;28479;
2020-07-25;34;28513;
2020-07-26;52;28565;
2020-07-27;34;28599;
2020-07-28;37;28636;
2020-07-29;69;28705;
2020-07-30;59;28764;
2020-07-31;57;28821;
2020-08-01;50;28871;
2020-08-02;31;28902;
2020-08-03;46;28948;
2020-08-04;65;29013;
2020-08-05;46;29059;
2020-08-06;21;29080;
2020-08-07;45;29125;
2020-08-08;35;29160;
2020-08-09;38;29198;
2020-08-10;34;29232;
2020-08-11;36;29268;
2020-08-12;35;29303;
2020-08-13;38;29341;
2020-08-14;29;29370;
2020-08-15;14;29384;
2020-08-16;12;29396;
2020-08-17;17;29413;
2020-08-18;17;29430;
2020-08-19;22;29452;
2020-08-20;36;29488;
2020-08-21;32;29520;
2020-08-22;20;29540;
2020-08-23;21;29561;
2020-08-24;8;29569;
2020-08-25;29;29598;
2020-08-26;41;29639;
2020-08-27;43;29682;
2020-08-28;25;29707;
2020-08-29;54;29761;
2020-08-30;14;29775;
2020-08-31;32;29807;
2020-09-01;36;29843;
2020-09-02;36;29879;
2020-09-03;72;29951;
2020-09-04;49;30000;
2020-09-05;64;30064;
2020-09-06;57;30121;
2020-09-07;50;30171;
2020-09-08;71;30242;
2020-09-09;70;30312;
2020-09-10;90;30402;
2020-09-11;109;30511;
2020-09-12;71;30582;
2020-09-13;97;30679;
2020-09-14;72;30751;
2020-09-15;95;30846;
2020-09-16;81;30927;
2020-09-17;71;30998;
2020-09-18;200;31198;
2020-09-19;141;31339;
2020-09-20;203;31542;
2020-09-21;140;31682;
2020-09-22;170;31852;
2020-09-23;254;32106;
2020-09-24;238;32344;
2020-09-25;287;32631;
2020-09-26;352;32983;
2020-09-27;274;33257;
2020-09-28;284;33541;
2020-09-29;357;33898;
2020-09-30;317;34215;
2020-10-01;313;34528;
2020-10-02;418;34946;
2020-10-03;372;35318;
2020-10-04;301;35619;
2020-10-05;279;35898;
2020-10-06;257;36155;
2020-10-07;305;36460;
2020-10-08;348;36808;
2020-10-09;287;37095;
2020-10-10;196;37291;
2020-10-11;330;37621;
2020-10-12;273;37894;
2020-10-13;204;38098;
2020-10-14;273;38371;
2020-10-15;255;38626;
2020-10-16;266;38892;
2020-10-17;276;39168;
2020-10-18;192;39360;
2020-10-19;244;39604;
2020-10-20;254;39858;
2020-10-21;292;40150;
2020-10-22;223;40373;
2020-10-23;247;40620;
2020-10-24;166;40786;
2020-10-25;220;41006;
2020-10-26;362;41368;
2020-10-27;244;41612;
2020-10-28;212;41824;
2020-10-29;219;42043;
2020-10-30;197;42240;
2020-10-31;239;42542;
2020-11-01;236;42778;
2020-11-02;198;42913;
2020-11-03;241;43154;
2020-11-04;246;43400;
2020-11-05;328;43728;
2020-11-06;265;43993;
2020-11-07;273;44266;
2020-11-08;277;44543;
2020-11-09;272;44815;
2020-11-10;323;45138;
2020-11-11;349;45487;
2020-11-12;286;45773;
2020-11-13;331;46104;
2020-11-14;310;46414;
2020-11-15;280;46694;
2020-11-16;308;47002;
2020-11-17;238;47240;
2020-11-18;230;47470;
2020-11-19;284;47754;
2020-11-20;255;48009;
2020-11-21;268;48277;
2020-11-22;303;48580;
2020-11-23;278;48858;
2020-11-24;245;49103;
2020-11-25;304;49407;
2020-11-26;348;49755;
2020-11-27;418;50173;
2020-11-28;448;50621;
2020-11-29;365;50986;
2020-11-30;339;51325;
2020-12-01;418;51743;
2020-12-02;459;52202;
2020-12-03;452;52654;
2020-12-04;501;53155;
2020-12-05;522;53677;
2020-12-06;487;54164;
2020-12-07;464;54628;
2020-12-08;532;55160;
2020-12-09;589;55749;
2020-12-10;551;56300;
2020-12-11;649;56949;
2020-12-12;738;57687;
2020-12-13;570;58257;
2020-12-14;678;58935;
2020-12-15;560;59495;
2020-12-16;703;60198;
2020-12-17;936;61134;
2020-12-18;817;61951;
2020-12-19;698;62649;
2020-12-20;650;63299;
2020-12-21;754;64053;
2020-12-22;765;64818;
2020-12-23;706;65524;
2020-12-24;883;66407;
2020-12-25;952;67359;
2020-12-26;757;68116;
2020-12-27;805;68921;
2020-12-28;846;69767;
2020-12-29;1002;70769;
2020-12-30;941;71710;
2020-12-31;751;72461;
2021-01-01;1234;73695;
2021-01-02;930;74625;
2021-01-03;793;75418;
2021-01-04;774;76192;
2021-01-05;824;77016;
2021-01-06;1098;78114;
2021-01-07;1283;79397;
2021-01-08;1050;80447;
2021-01-09;824;81271;
2021-01-10;780;82051;
2021-01-11;564;82615;
2021-01-12;864;83479;
2021-01-13;735;84214;
2021-01-14;820;85034;
2021-01-15;717;85751;
2021-01-16;886;86637;
2021-01-17;586;87223;
2021-01-18;471;87694;
2021-01-19;640;88334;
2021-01-20;673;89007;
2021-01-21;767;89774;
2021-01-22;615;90389;
2021-01-23;565;90954;
2021-01-24;431;91385;
2021-01-25;506;91891;
2021-01-26;596;92487;
2021-01-27;455;92942;
2021-01-28;580;93522;
2021-01-29;499;94021;
2021-01-30;557;94578;
2021-01-31;390;94968;
2021-02-01;471;95439;
2021-02-02;561;96000;
2021-02-03;489;96489;
2021-02-04;525;97014;
2021-02-05;555;97569;
2021-02-06;512;98081;
2021-02-07;408;98489;
2021-02-08;340;98829;
2021-02-09;452;99281;
2021-02-10;551;99832;
2021-02-11;477;100309;
2021-02-12;486;100795;
2021-02-13;342;101137;
2021-02-14;354;101491;
2021-02-15;317;101808;
2021-02-16;415;102223;
2021-02-17;332;102555;
2021-02-18;377;102932;
2021-02-19;395;103327;
2021-02-20;392;103719;
2021-02-21;408;104127;
2021-02-22;259;104386;
2021-02-23;419;104805;
2021-02-24;410;105215;
2021-02-25;390;105605;
2021-02-26;400;106005;
2021-02-27;325;106330;
2021-02-28;249;106579;
2021-03-01;268;106847;
2021-03-02;239;107086;
;;;
;;;
;;;
;;;
;;;
;;;
;;;
;;;
;;;
;;;
;;;
;;;
;;;
;;;
;;;
;;;
;;;
;;;
;;;
;;;
;;;
;;;
;;;
;;;
;;;
;;;
;;;
;;;
;;;
;;;
;;;
;;;
;;;
;;;
;;;
;;;
;;;
;;;
;;;
;;;
;;;
;;;
;;;
;;;
;;;
;;;
;;;
;;;
;;;
;;;
;;;
;;;
;;;
;;;
;;;
;;;
;;;
;;;
;;;
;;;
;;;
;;;
;;;
;;;
;;;
;;;
;;;
;;;
;;;
;;;
;;;
;;;
;;;
;;;
;;;
;;;
;;;
;;;
;;;
;;;
;;;
;;;
;;;
;;;
;;;
;;;
;;;
;;;
;;;
;;;
;;;
;;;
;;;
;;;
;;;
;;;
;;;
;;;
;;;
;;;
;;;
;;;
;;;
;;;
;;;
;;;
;;;
;;;
;;;
;;;
;;;
;;;
;;;
;;;
;;;
;;;
;;;
;;;
;;;
;;;
;;;
;;;
;;;
;;;
;;;
;;;
;;;
;;;
;;;
;;;
;;;
;;;
;;;
;;;
;;;
;;;
;;;
;;;
;;;
;;;
;;;
;;;
;;;
;;;
;;;
;;;
;;;
;;;
;;;
;;;
;;;
;;;
;;;
;;;
;;;
