Date;Nouveaux cas;Cumulatif de cas;
2020-02-25;1;1;
2020-02-26;0;1;
2020-02-27;0;1;
2020-02-28;0;1;
2020-02-29;0;1;
2020-03-01;1;2;
2020-03-02;2;4;
2020-03-03;0;4;
2020-03-04;0;4;
2020-03-05;0;4;
2020-03-06;0;4;
2020-03-07;0;4;
2020-03-08;1;5;
2020-03-09;1;6;
2020-03-10;2;8;
2020-03-11;3;11;
2020-03-12;3;14;
2020-03-13;2;16;
2020-03-14;5;21;
2020-03-15;6;27;
2020-03-16;5;32;
2020-03-17;7;39;
2020-03-18;6;45;
2020-03-19;36;81;
2020-03-20;49;130;
2020-03-21;91;221;
2020-03-22;88;309;
2020-03-23;132;441;
2020-03-24;145;586;
2020-03-25;185;771;
2020-03-26;179;950;
2020-03-27;239;1189;
2020-03-28;198;1387;
2020-03-29;258;1645;
2020-03-30;264;1909;
2020-03-31;330;2239;
2020-04-01;303;2542;
2020-04-02;408;2950;
2020-04-03;347;3297;
2020-04-04;340;3637;
2020-04-05;258;3895;
2020-04-06;456;4351;
2020-04-07;421;4772;
2020-04-08;372;5144;
2020-04-09;350;5494;
2020-04-10;305;5799;
2020-04-11;261;6060;
2020-04-12;328;6388;
2020-04-13;542;6930;
2020-04-14;468;7398;
2020-04-15;612;8010;
2020-04-16;496;8506;
2020-04-17;570;9076;
2020-04-18;331;9407;
2020-04-19;428;9835;
2020-04-20;481;10316;
2020-04-21;456;10772;
2020-04-22;529;11301;
2020-04-23;526;11827;
2020-04-24;491;12318;
2020-04-25;312;12630;
2020-04-26;282;12912;
2020-04-27;461;13373;
2020-04-28;470;13843;
2020-04-29;517;14360;
2020-04-30;588;14948;
2020-05-01;612;15560;
2020-05-02;525;16085;
2020-05-03;345;16430;
2020-05-04;419;16849;
2020-05-05;467;17316;
2020-05-06;569;17885;
2020-05-07;429;18314;
2020-05-08;427;18741;
2020-05-09;312;19053;
2020-05-10;297;19350;
2020-05-11;363;19713;
2020-05-12;426;20139;
2020-05-13;400;20539;
2020-05-14;353;20892;
2020-05-15;344;21236;
2020-05-16;271;21507;
2020-05-17;342;21849;
2020-05-18;331;22180;
2020-05-19;319;22499;
2020-05-20;405;22904;
2020-05-21;378;23282;
2020-05-22;257;23539;
2020-05-23;216;23755;
2020-05-24;216;23971;
2020-05-25;203;24174;
2020-05-26;240;24414;
2020-05-27;252;24666;
2020-05-28;193;24859;
2020-05-29;192;25051;
2020-05-30;205;25256;
2020-05-31;140;25396;
2020-06-01;155;25551;
2020-06-02;97;25648;
2020-06-03;114;25762;
2020-06-04;127;25889;
2020-06-05;109;25998;
2020-06-06;105;26103;
2020-06-07;75;26178;
2020-06-08;51;26229;
2020-06-09;79;26308;
2020-06-10;67;26375;
2020-06-11;66;26441;
2020-06-12;72;26513;
2020-06-13;66;26579;
2020-06-14;28;26607;
2020-06-15;56;26663;
2020-06-16;74;26737;
2020-06-17;53;26790;
2020-06-18;48;26838;
2020-06-19;64;26902;
2020-06-20;33;26935;
2020-06-21;27;26962;
2020-06-22;41;27003;
2020-06-23;40;27043;
2020-06-24;29;27072;
2020-06-25;45;27117;
2020-06-26;42;27159;
2020-06-27;30;27189;
2020-06-28;18;27207;
2020-06-29;16;27223;
2020-06-30;40;27263;
2020-07-01;24;27287;
2020-07-02;16;27303;
2020-07-03;17;27320;
2020-07-04;16;27336;
2020-07-05;7;27343;
2020-07-06;16;27359;
2020-07-07;21;27380;
2020-07-08;33;27413;
2020-07-09;52;27465;
2020-07-10;48;27513;
2020-07-11;22;27535;
2020-07-12;13;27548;
2020-07-13;75;27623;
2020-07-14;65;27688;
2020-07-15;69;27757;
2020-07-16;66;27823;
2020-07-17;99;27922;
2020-07-18;97;28019;
2020-07-19;55;28074;
2020-07-20;37;28111;
2020-07-21;62;28173;
2020-07-22;78;28251;
2020-07-23;94;28345;
2020-07-24;69;28414;
2020-07-25;34;28448;
2020-07-26;52;28500;
2020-07-27;34;28534;
2020-07-28;37;28571;
2020-07-29;69;28640;
2020-07-30;58;28698;
2020-07-31;57;28755;
2020-08-01;50;28805;
2020-08-02;31;28836;
2020-08-03;45;28881;
2020-08-04;65;28946;
2020-08-05;46;28992;
2020-08-06;21;29013;
2020-08-07;46;29059;
2020-08-08;35;29094;
2020-08-09;37;29131;
2020-08-10;34;29165;
2020-08-11;36;29201;
2020-08-12;35;29236;
2020-08-13;38;29274;
2020-08-14;30;29304;
2020-08-15;14;29318;
2020-08-16;12;29330;
2020-08-17;17;29347;
2020-08-18;17;29364;
2020-08-19;22;29386;
2020-08-20;34;29420;
2020-08-21;32;29452;
2020-08-22;19;29471;
2020-08-23;21;29492;
2020-08-24;8;29500;
2020-08-25;29;29529;
2020-08-26;41;29570;
2020-08-27;43;29613;
2020-08-28;25;29638;
2020-08-29;54;29692;
2020-08-30;14;29706;
2020-08-31;32;29738;
2020-09-01;36;29774;
2020-09-02;36;29810;
2020-09-03;72;29882;
2020-09-04;49;29931;
2020-09-05;63;29994;
2020-09-06;57;30051;
2020-09-07;50;30101;
2020-09-08;71;30172;
2020-09-09;70;30242;
2020-09-10;90;30332;
2020-09-11;108;30440;
2020-09-12;71;30511;
2020-09-13;98;30609;
2020-09-14;71;30680;
2020-09-15;93;30773;
2020-09-16;79;30852;
2020-09-17;70;30922;
2020-09-18;198;31120;
2020-09-19;141;31261;
2020-09-20;201;31462;
2020-09-21;140;31602;
2020-09-22;169;31771;
2020-09-23;254;32025;
2020-09-24;235;32260;
2020-09-25;286;32546;
2020-09-26;352;32898;
2020-09-27;274;33172;
2020-09-28;282;33454;
2020-09-29;355;33809;
2020-09-30;317;34126;
2020-10-01;312;34438;
2020-10-02;416;34854;
2020-10-03;365;35219;
2020-10-04;299;35518;
2020-10-05;277;35795;
2020-10-06;254;36049;
2020-10-07;301;36350;
2020-10-08;347;36697;
2020-10-09;284;36981;
2020-10-10;194;37175;
2020-10-11;326;37501;
2020-10-12;270;37771;
2020-10-13;201;37972;
2020-10-14;270;38242;
2020-10-15;254;38496;
2020-10-16;264;38760;
2020-10-17;271;39031;
2020-10-18;191;39222;
2020-10-19;244;39466;
2020-10-20;254;39720;
2020-10-21;288;40008;
2020-10-22;222;40230;
2020-10-23;245;40475;
2020-10-24;166;40641;
2020-10-25;220;40861;
2020-10-26;356;41217;
2020-10-27;243;41460;
2020-10-28;211;41671;
2020-10-29;219;41890;
2020-10-30;196;42086;
2020-10-31;237;42542;
2020-11-01;235;42778;
2020-11-02;194;42752;
2020-11-03;240;42992;
2020-11-04;243;43235;
2020-11-05;327;43562;
2020-11-06;264;43826;
2020-11-07;270;44096;
2020-11-08;275;44371;
2020-11-09;267;44638;
2020-11-10;319;44957;
2020-11-11;347;45304;
2020-11-12;284;45588;
2020-11-13;328;45916;
2020-11-14;306;46222;
2020-11-15;276;46498;
2020-11-16;305;46803;
2020-11-17;238;47041;
2020-11-18;229;47270;
2020-11-19;281;47551;
2020-11-20;253;47804;
2020-11-21;263;48067;
2020-11-22;299;48366;
2020-11-23;277;48643;
2020-11-24;243;48886;
2020-11-25;301;49187;
2020-11-26;348;49535;
2020-11-27;414;49949;
2020-11-28;445;50394;
2020-11-29;364;50758;
2020-11-30;337;51095;
2020-12-01;418;51513;
2020-12-02;457;51970;
2020-12-03;448;52418;
2020-12-04;498;52916;
2020-12-05;518;53434;
2020-12-06;484;53918;
2020-12-07;462;54380;
2020-12-08;528;54908;
2020-12-09;582;55490;
2020-12-10;546;56036;
2020-12-11;640;56676;
2020-12-12;731;57407;
2020-12-13;564;57971;
2020-12-14;674;58645;
2020-12-15;557;59202;
2020-12-16;696;59898;
2020-12-17;931;60829;
2020-12-18;808;61637;
2020-12-19;692;62329;
2020-12-20;649;62978;
2020-12-21;751;63729;
2020-12-22;756;64485;
2020-12-23;702;65187;
2020-12-24;874;66061;
2020-12-25;942;67003;
2020-12-26;752;67755;
2020-12-27;801;68556;
2020-12-28;842;69398;
2020-12-29;999;70397;
2020-12-30;931;71328;
2020-12-31;741;72069;
2021-01-01;1223;73292;
2021-01-02;926;74218;
2021-01-03;790;75008;
2021-01-04;769;75777;
2021-01-05;820;76597;
2021-01-06;1090;77687;
2021-01-07;1276;78963;
2021-01-08;1044;80007;
2021-01-09;820;80827;
2021-01-10;778;81605;
2021-01-11;563;82168;
2021-01-12;863;83031;
2021-01-13;730;83761;
2021-01-14;815;84576;
2021-01-15;714;85290;
2021-01-16;880;86170;
2021-01-17;582;86752;
2021-01-18;467;87219;
2021-01-19;633;87852;
2021-01-20;670;88522;
2021-01-21;764;89286;
2021-01-22;611;89897;
2021-01-23;562;90459;
2021-01-24;428;90887;
2021-01-25;503;91390;
2021-01-26;593;91983;
2021-01-27;454;92437;
2021-01-28;575;93012;
2021-01-29;498;93510;
2021-01-30;556;94066;
2021-01-31;389;94455;
2021-02-01;468;94923;
2021-02-02;559;95482;
2021-02-03;483;95965;
2021-02-04;523;96488;
2021-02-05;547;97035;
2021-02-06;511;97546;
2021-02-07;408;97954;
2021-02-08;333;98287;
2021-02-09;451;98738;
2021-02-10;551;99289;
2021-02-11;472;99761;
2021-02-12;478;100239;
2021-02-13;341;100580;
2021-02-14;352;100932;
2021-02-15;317;101249;
2021-02-16;413;101662;
2021-02-17;327;101989;
2021-02-18;375;102364;
2021-02-19;395;102759;
2021-02-20;386;103145;
2021-02-21;401;103546;
2021-02-22;257;103803;
2021-02-23;419;104222;
2021-02-24;409;104631;
2021-02-25;389;105020;
2021-02-26;396;105416;
2021-02-27;321;105737;
2021-02-28;249;105986;
2021-03-01;259;106245;
2021-03-02;391;106636;
2021-03-03;303;106939;
2021-03-04;376;107315;
2021-03-05;281;107596;
2021-03-06;398;107994;
2021-03-07;266;108260;
2021-03-08;260;108520;
2021-03-09;391;108911;
2021-03-10;315;109226;
2021-03-11;366;109592;
2021-03-12;388;109980;
2021-03-13;280;110260;
2021-03-14;270;110530;
2021-03-15;245;110775;
2021-03-16;338;111113;
2021-03-17;312;111425;
2021-03-18;352;111777;
2021-03-19;319;112096;
2021-03-20;266;112362;
2021-03-21;309;112671;
2021-03-22;229;112900;
2021-03-23;339;113239;
2021-03-24;370;113609;
2021-03-25;356;113965;
2021-03-26;360;114325;
2021-03-27;309;114634;
2021-03-28;261;114895;
2021-03-29;303;115198;
2021-03-30;373;115571;
2021-03-31;401;115972;
2021-04-01;360;116332;
2021-04-02;385;116717;
2021-04-03;356;117073;
2021-04-04;300;117373;
2021-04-05;294;117667;
2021-04-06;311;117978;
2021-04-07;404;118382;
2021-04-08;395;118777;
2021-04-09;515;119292;
2021-04-10;297;119589;
2021-04-11;377;119966;
2021-04-12;262;120228;
2021-04-13;375;120603;
2021-04-14;354;120957;
2021-04-15;433;121390;
2021-04-16;368;121758;
2021-04-17;352;122110;
2021-04-18;219;122329;
2021-04-19;253;122582;
2021-04-20;274;122856;
2021-04-21;311;123167;
2021-04-22;315;123482;
2021-04-23;228;123710;
2021-04-24;341;124051;
2021-04-25;200;124251;
2021-04-26;243;124494;
2021-04-27;287;124781;
2021-04-28;218;124999;
;;;
;;;
;;;
;;;
;;;
;;;
;;;
;;;
;;;
;;;
;;;
;;;
;;;
;;;
;;;
;;;
;;;
;;;
;;;
;;;
;;;
;;;
;;;
;;;
;;;
;;;
;;;
;;;
;;;
;;;
;;;
;;;
;;;
;;;
;;;
;;;
;;;
;;;
;;;
;;;
;;;
;;;
;;;
;;;
;;;
;;;
;;;
;;;
;;;
;;;
;;;
;;;
;;;
;;;
;;;
;;;
;;;
;;;
;;;
;;;
;;;
;;;
;;;
;;;
;;;
;;;
;;;
;;;
;;;
;;;
;;;
;;;
;;;
;;;
;;;
;;;
;;;
;;;
;;;
;;;
;;;
;;;
;;;
;;;
;;;
;;;
;;;
;;;
;;;
;;;
;;;
;;;
;;;
;;;
;;;
;;;
;;;
;;;
