Date;Nouveaux cas;Cumulatif de cas;;
2020-02-25;1;1;;
2020-02-26;0;1;;
2020-02-27;0;1;;
2020-02-28;0;1;;
2020-02-29;0;1;;
2020-03-01;0;1;;
2020-03-02;2;3;;
2020-03-03;0;3;;
2020-03-04;0;3;;
2020-03-05;0;3;;
2020-03-06;0;3;;
2020-03-07;0;3;;
2020-03-08;1;4;;
2020-03-09;1;5;;
2020-03-10;2;7;;
2020-03-11;3;10;;
2020-03-12;3;13;;
2020-03-13;2;15;;
2020-03-14;5;20;;
2020-03-15;6;26;;
2020-03-16;5;31;;
2020-03-17;7;38;;
2020-03-18;6;44;;
2020-03-19;36;80;;
2020-03-20;49;129;;
2020-03-21;90;219;;
2020-03-22;90;309;;
2020-03-23;133;442;;
2020-03-24;144;586;;
2020-03-25;187;773;;
2020-03-26;180;953;;
2020-03-27;243;1196;;
2020-03-28;200;1396;;
2020-03-29;259;1655;;
2020-03-30;266;1921;;
2020-03-31;331;2252;;
2020-04-01;305;2557;;
2020-04-02;408;2965;;
2020-04-03;348;3313;;
2020-04-04;340;3653;;
2020-04-05;261;3914;;
2020-04-06;456;4370;;
2020-04-07;423;4793;;
2020-04-08;375;5168;;
2020-04-09;350;5518;;
2020-04-10;305;5823;;
2020-04-11;264;6087;;
2020-04-12;329;6416;;
2020-04-13;543;6959;;
2020-04-14;469;7428;;
2020-04-15;613;8041;;
2020-04-16;497;8538;;
2020-04-17;571;9109;;
2020-04-18;330;9439;;
2020-04-19;432;9871;;
2020-04-20;482;10353;;
2020-04-21;461;10814;;
2020-04-22;536;11350;;
2020-04-23;531;11881;;
2020-04-24;495;12376;;
2020-04-25;318;12694;;
2020-04-26;287;12981;;
2020-04-27;462;13443;;
2020-04-28;475;13918;;
2020-04-29;523;14441;;
2020-04-30;587;15028;;
2020-05-01;622;15650;;
2020-05-02;525;16175;;
2020-05-03;345;16520;;
2020-05-04;422;16942;;
2020-05-05;470;17412;;
2020-05-06;568;17980;;
2020-05-07;431;18411;;
2020-05-08;433;18844;;
2020-05-09;314;19158;;
2020-05-10;300;19458;;
2020-05-11;363;19821;;
2020-05-12;431;20252;;
2020-05-13;402;20654;;
2020-05-14;354;21008;;
2020-05-15;346;21354;;
2020-05-16;272;21626;;
2020-05-17;336;21962;;
2020-05-18;332;22294;;
2020-05-19;316;22610;;
2020-05-20;408;23018;;
2020-05-21;380;23398;;
2020-05-22;255;23653;;
2020-05-23;218;23871;;
2020-05-24;215;24086;;
2020-05-25;207;24293;;
2020-05-26;240;24533;;
2020-05-27;254;24787;;
2020-05-28;194;24981;;
2020-05-29;194;25175;;
2020-05-30;206;25381;;
2020-05-31;140;25521;;
2020-06-01;159;25680;;
2020-06-02;97;25777;;
2020-06-03;115;25892;;
2020-06-04;129;26021;;
2020-06-05;107;26128;;
2020-06-06;104;26232;;
2020-06-07;76;26308;;
2020-06-08;51;26359;;
2020-06-09;80;26439;;
2020-06-10;66;26505;;
2020-06-11;66;26571;;
2020-06-12;72;26643;;
2020-06-13;67;26710;;
2020-06-14;28;26738;;
2020-06-15;57;26795;;
2020-06-16;73;26868;;
2020-06-17;53;26921;;
2020-06-18;49;26970;;
2020-06-19;65;27035;;
2020-06-20;33;27068;;
2020-06-21;26;27094;;
2020-06-22;39;27133;;
2020-06-23;40;27173;;
2020-06-24;28;27201;;
2020-06-25;47;27248;;
2020-06-26;42;27290;;
2020-06-27;30;27320;;
2020-06-28;18;27338;;
2020-06-29;16;27354;;
2020-06-30;40;27394;;
2020-07-01;23;27417;;
2020-07-02;17;27434;;
2020-07-03;18;27452;;
2020-07-04;16;27468;;
2020-07-05;7;27475;;
2020-07-06;16;27491;;
2020-07-07;21;27512;;
2020-07-08;33;27545;;
2020-07-09;52;27597;;
2020-07-10;48;27645;;
2020-07-11;22;27667;;
2020-07-12;13;27680;;
2020-07-13;76;27756;;
2020-07-14;66;27822;;
2020-07-15;69;27891;;
2020-07-16;68;27959;;
2020-07-17;101;28060;;
2020-07-18;98;28158;;
2020-07-19;55;28213;;
2020-07-20;37;28250;;
2020-07-21;65;28315;;
2020-07-22;78;28393;;
2020-07-23;98;28491;;
2020-07-24;69;28560;;
2020-07-25;32;28592;;
2020-07-26;52;28644;;
2020-07-27;41;28685;;
2020-07-28;37;28722;;
2020-07-29;71;28793;;
2020-07-30;60;28853;;
2020-07-31;57;28910;;
2020-08-01;51;28961;;
2020-08-02;30;28991;;
2020-08-03;45;29036;;
2020-08-04;64;29100;;
2020-08-05;47;29147;;
2020-08-06;21;29168;;
2020-08-07;46;29214;;
2020-08-08;37;29251;;
2020-08-09;36;29287;;
2020-08-10;33;29320;;
2020-08-11;36;29356;;
2020-08-12;34;29390;;
2020-08-13;38;29428;;
2020-08-14;30;29458;;
2020-08-15;14;29472;;
2020-08-16;12;29484;;
2020-08-17;17;29501;;
2020-08-18;16;29517;;
2020-08-19;22;29539;;
2020-08-20;34;29573;;
2020-08-21;33;29606;;
2020-08-22;20;29626;;
2020-08-23;23;29649;;
2020-08-24;10;29659;;
2020-08-25;30;29689;;
2020-08-26;42;29731;;
2020-08-27;43;29774;;
2020-08-28;24;29798;;
2020-08-29;55;29853;;
2020-08-30;13;29866;;
2020-08-31;32;29898;;
2020-09-01;36;29934;;
2020-09-02;36;29970;;
2020-09-03;71;30041;;
2020-09-04;49;30090;;
2020-09-05;67;30157;;
2020-09-06;59;30216;;
2020-09-07;51;30267;;
2020-09-08;72;30339;;
2020-09-09;70;30409;;
2020-09-10;90;30499;;
2020-09-11;108;30607;;
2020-09-12;71;30678;;
2020-09-13;96;30774;;
2020-09-14;73;30847;;
2020-09-15;94;30941;;
2020-09-16;79;31020;;
2020-09-17;71;31091;;
2020-09-18;200;31291;;
2020-09-19;139;31430;;
2020-09-20;204;31634;;
2020-09-21;141;31775;;
2020-09-22;169;31944;;
2020-09-23;254;32198;;
2020-09-24;231;32429;;
2020-09-25;288;32717;;
2020-09-26;343;33060;;
2020-09-27;276;33336;;
2020-09-28;282;33618;;
2020-09-29;355;33973;;
2020-09-30;315;34288;;
2020-10-01;308;34596;;
2020-10-02;415;35011;;
2020-10-03;372;35383;;
2020-10-04;303;35686;;
2020-10-05;280;35966;;
2020-10-06;257;36223;;
2020-10-07;297;36520;;
2020-10-08;346;36866;;
2020-10-09;286;37152;;
2020-10-10;193;37345;;
2020-10-11;329;37674;;
2020-10-12;267;37941;;
2020-10-13;204;38145;;
2020-10-14;270;38415;;
2020-10-15;256;38671;;
2020-10-16;264;38935;;
2020-10-17;272;39207;;
2020-10-18;194;39401;;
2020-10-19;241;39642;;
2020-10-20;253;39895;;
2020-10-21;287;40182;;
2020-10-22;226;40408;;
2020-10-23;246;40654;;
2020-10-24;166;40820;;
2020-10-25;220;41040;;
2020-10-26;354;41394;;
2020-10-27;245;41639;;
2020-10-28;208;41847;;
2020-10-29;219;42066;;
2020-10-30;197;42263;;
2020-10-31;241;42542;;
2020-11-01;235;42778;;
2020-11-02;198;42937;;
2020-11-03;239;43176;;
2020-11-04;247;43423;;
2020-11-05;326;43749;;
2020-11-06;264;44013;;
2020-11-07;271;44284;;
2020-11-08;276;44560;;
2020-11-09;266;44826;;
2020-11-10;319;45145;;
2020-11-11;347;45492;;
2020-11-12;283;45775;;
2020-11-13;327;46102;;
2020-11-14;303;46405;;
2020-11-15;277;46682;;
2020-11-16;309;46991;;
2020-11-17;239;47230;;
2020-11-18;231;47461;;
2020-11-19;283;47744;;
2020-11-20;254;47998;;
2020-11-21;268;48266;;
2020-11-22;300;48566;;
2020-11-23;275;48841;;
2020-11-24;237;49078;;
2020-11-25;303;49381;;
2020-11-26;347;49728;;
2020-11-27;416;50144;;
2020-11-28;446;50590;;
2020-11-29;364;50954;;
2020-11-30;334;51288;;
2020-12-01;418;51706;;
2020-12-02;457;52163;;
2020-12-03;452;52615;;
2020-12-04;500;53115;;
2020-12-05;518;53633;;
2020-12-06;482;54115;;
2020-12-07;461;54576;;
2020-12-08;531;55107;;
2020-12-09;590;55697;;
2020-12-10;548;56245;;
2020-12-11;646;56891;;
2020-12-12;731;57622;;
2020-12-13;564;58186;;
2020-12-14;678;58864;;
2020-12-15;554;59418;;
2020-12-16;701;60119;;
2020-12-17;930;61049;;
2020-12-18;812;61861;;
2020-12-19;700;62561;;
2020-12-20;652;63213;;
2020-12-21;755;63968;;
2020-12-22;760;64728;;
2020-12-23;701;65429;;
2020-12-24;879;66308;;
2020-12-25;945;67253;;
2020-12-26;756;68009;;
2020-12-27;803;68812;;
2020-12-28;843;69655;;
2020-12-29;999;70654;;
2020-12-30;934;71588;;
2020-12-31;746;72334;;
2021-01-01;1231;73565;;
2021-01-02;924;74489;;
2021-01-03;791;75280;;
2021-01-04;770;76050;;
2021-01-05;822;76872;;
2021-01-06;1094;77966;;
2021-01-07;1278;79244;;
2021-01-08;1047;80291;;
2021-01-09;821;81112;;
2021-01-10;779;81891;;
2021-01-11;566;82457;;
2021-01-12;863;83320;;
2021-01-13;731;84051;;
2021-01-14;819;84870;;
2021-01-15;714;85584;;
2021-01-16;881;86465;;
2021-01-17;583;87048;;
2021-01-18;471;87519;;
2021-01-19;638;88157;;
2021-01-20;671;88828;;
2021-01-21;765;89593;;
2021-01-22;616;90209;;
2021-01-23;563;90772;;
2021-01-24;430;91202;;
2021-01-25;506;91708;;
2021-01-26;595;92303;;
2021-01-27;455;92758;;
2021-01-28;575;93333;;
2021-01-29;500;93833;;
2021-01-30;558;94391;;
2021-01-31;389;94780;;
2021-02-01;470;95250;;
2021-02-02;561;95811;;
2021-02-03;485;96296;;
2021-02-04;526;96822;;
2021-02-05;554;97376;;
2021-02-06;510;97886;;
2021-02-07;406;98292;;
2021-02-08;333;98625;;
2021-02-09;451;99076;;
2021-02-10;549;99625;;
2021-02-11;474;100099;;
2021-02-12;485;100584;;
2021-02-13;344;100928;;
2021-02-14;352;101280;;
2021-02-15;322;101602;;
2021-02-16;410;102012;;
2021-02-17;332;102344;;
2021-02-18;377;102721;;
2021-02-19;395;103116;;
2021-02-20;390;103506;;
2021-02-21;405;103911;;
2021-02-22;262;104173;;
2021-02-23;421;104594;;
2021-02-24;409;105003;;
2021-02-25;388;105391;;
2021-02-26;401;105792;;
2021-02-27;324;106116;;
2021-02-28;249;106365;;
2021-03-01;258;106623;;
2021-03-02;392;107015;;
2021-03-03;303;107318;;
2021-03-04;375;107693;;
2021-03-05;280;107973;;
2021-03-06;399;108372;;
2021-03-07;267;108639;;
2021-03-08;259;108898;;
2021-03-09;392;109290;;
2021-03-10;316;109606;;
2021-03-11;362;109968;;
2021-03-12;390;110358;;
2021-03-13;277;110635;;
2021-03-14;271;110906;;
2021-03-15;244;111150;;
2021-03-16;340;111490;;
2021-03-17;315;111805;;
2021-03-18;357;112162;;
2021-03-19;319;112481;;
2021-03-20;267;112748;;
2021-03-21;307;113055;;
2021-03-22;226;113281;;
2021-03-23;339;113620;;
2021-03-24;367;113987;;
2021-03-25;354;114341;;
2021-03-26;361;114702;;
2021-03-27;310;115012;;
2021-03-28;262;115274;;
2021-03-29;306;115580;;
2021-03-30;379;115959;;
2021-03-31;402;116361;;
2021-04-01;359;116720;;
2021-04-02;386;117106;;
2021-04-03;356;117462;;
2021-04-04;302;117764;;
2021-04-05;293;118057;;
2021-04-06;311;118368;;
2021-04-07;406;118774;;
2021-04-08;394;119168;;
2021-04-09;517;119685;;
2021-04-10;296;119981;;
2021-04-11;378;120359;;
2021-04-12;261;120620;;
2021-04-13;372;120992;;
2021-04-14;354;121346;;
2021-04-15;431;121777;;
2021-04-16;367;122144;;
2021-04-17;352;122496;;
2021-04-18;217;122713;;
2021-04-19;253;122966;;
2021-04-20;273;123239;;
2021-04-21;312;123551;;
2021-04-22;315;123866;;
2021-04-23;229;124095;;
2021-04-24;341;124436;;
2021-04-25;198;124634;;
2021-04-26;244;124878;;
2021-04-27;292;125170;;
2021-04-28;311;125481;;
2021-04-29;343;125824;;
2021-04-30;323;126147;;
2021-05-01;262;126409;;
2021-05-02;211;126620;;
2021-05-03;224;126844;;
2021-05-04;238;127082;;
2021-05-05;199;127281;;
2021-05-06;259;127540;;
2021-05-07;279;127819;;
2021-05-08;212;128031;;
2021-05-09;196;128227;;
2021-05-10;189;128416;;
2021-05-11;261;128677;;
2021-05-12;261;128938;;
2021-05-13;291;129229;;
2021-05-14;243;129472;;
2021-05-15;207;129679;;
2021-05-16;186;129865;;
2021-05-17;191;130056;;
2021-05-18;206;130262;;
2021-05-19;263;130525;;
2021-05-20;247;130772;;
2021-05-21;197;130969;;
2021-05-22;181;131150;;
2021-05-23;114;131264;;
2021-05-24;155;131419;;
2021-05-25;164;131583;;
2021-05-26;154;131737;;
2021-05-27;147;131884;;
2021-05-28;142;132026;;
2021-05-29;83;132109;;
2021-05-30;80;132189;;
2021-05-31;83;132272;;
2021-06-01;107;132379;;
2021-06-02;99;132478;;
2021-06-03;84;132562;;
2021-06-04;87;132649;;
2021-06-05;73;132722;;
2021-06-06;49;132771;;
2021-06-07;60;132831;;
2021-06-08;56;132887;;
2021-06-09;42;132929;;
2021-06-10;64;132993;;
2021-06-11;67;133060;;
2021-06-12;51;133111;;
2021-06-13;35;133146;;
2021-06-14;36;133182;;
2021-06-15;62;133244;;
2021-06-16;45;133289;;
2021-06-17;57;133346;;
2021-06-18;50;133396;;
2021-06-19;24;133420;;
2021-06-20;27;133447;;
2021-06-21;28;133475;;
2021-06-22;46;133521;;
2021-06-23;28;133549;;
2021-06-24;27;133576;;
2021-06-25;35;133611;;
2021-06-26;35;133646;;
2021-06-27;13;133659;;
2021-06-28;38;133697;;
2021-06-29;40;133737;;
2021-06-30;26;133763;;
2021-07-01;25;133788;;
2021-07-02;26;133814;;
2021-07-03;23;133837;;
2021-07-04;12;133849;;
2021-07-05;22;133871;;
2021-07-06;30;133901;;
2021-07-07;29;133930;;
2021-07-08;33;133963;;
2021-07-09;25;133988;;
2021-07-10;18;134006;;
2021-07-11;20;134026;;
2021-07-12;28;134054;;
2021-07-13;31;134085;;
2021-07-14;32;134117;;
2021-07-15;40;134157;;
2021-07-16;30;134187;;
2021-07-17;32;134219;;
2021-07-18;35;134254;;
2021-07-19;28;134282;;
2021-07-20;54;134336;;
2021-07-21;53;134389;;
2021-07-22;48;134437;;
2021-07-23;46;134483;;
2021-07-24;33;134516;;
2021-07-25;35;134551;;
2021-07-26;40;134591;;
2021-07-27;52;134643;;
2021-07-28;48;134691;;
2021-07-29;16;134707;;
2021-07-30;106;134813;;
2021-07-31;52;134865;;
2021-08-01;43;134908;;
2021-08-02;54;134962;;
2021-08-03;52;135014;;
2021-08-04;94;135108;;
2021-08-05;103;135211;;
2021-08-06;92;135303;;
2021-08-07;86;135389;;
2021-08-08;69;135458;;
2021-08-09;86;135544;;
2021-08-10;105;135649;;
2021-08-11;152;135801;;
2021-08-12;143;135944;;
2021-08-13;158;136102;;
2021-08-14;142;136244;;
2021-08-15;135;136379;;
2021-08-16;138;136517;;
2021-08-17;148;136665;;
2021-08-18;200;136865;;
2021-08-19;179;137044;;
2021-08-20;208;137252;;
2021-08-21;157;137409;;
2021-08-22;129;137538;;
2021-08-23;161;137699;;
2021-08-24;217;137916;;
2021-08-25;225;138141;;
2021-08-26;247;138388;;
2021-08-27;200;138588;;
2021-08-28;154;138742;;
2021-08-29;133;138875;;
2021-08-30;181;139056;;
2021-08-31;246;139302;;
2021-09-01;274;139576;;
2021-09-02;245;139821;;
2021-09-03;249;140070;;
2021-09-04;204;140274;;
2021-09-05;192;140466;;
2021-09-06;182;140648;;
2021-09-07;203;140851;;
2021-09-08;238;141089;;
2021-09-09;315;141404;;
2021-09-10;286;141690;;
2021-09-11;237;141927;;
2021-09-12;204;142131;;
2021-09-13;234;142365;;
2021-09-14;249;142614;;
2021-09-15;319;142933;;
2021-09-16;284;143217;;
2021-09-17;266;143483;;
2021-09-18;261;143744;;
2021-09-19;213;143957;;
2021-09-20;206;144163;;
2021-09-21;227;144390;;
2021-09-22;252;144642;;
2021-09-23;210;144852;;
2021-09-24;268;145120;;
2021-09-25;210;145330;;
2021-09-26;137;145467;;
2021-09-27;140;145607;;
2021-09-28;188;145795;;
2021-09-29;234;146029;;
2021-09-30;189;146218;;
2021-10-01;149;146367;;
2021-10-02;119;146486;;
2021-10-03;127;146613;;
2021-10-04;119;146732;;
2021-10-05;130;146862;;
2021-10-06;161;147023;;
2021-10-07;175;147198;;
2021-10-08;155;147353;;
2021-10-09;154;147507;;
2021-10-10;91;147598;;
2021-10-11;129;147727;;
2021-10-12;156;147883;;
2021-10-13;145;148028;;
2021-10-14;193;148221;;
2021-10-15;209;148430;;
2021-10-16;141;148571;;
2021-10-17;95;148666;;
2021-10-18;121;148787;;
2021-10-19;119;148906;;
2021-10-20;141;149047;;
2021-10-21;89;149136;;
2021-10-22;120;149256;;
2021-10-23;99;149355;;
2021-10-24;102;149457;;
2021-10-25;103;149560;;
2021-10-26;147;149707;;
2021-10-27;142;149849;;
2021-10-28;168;150017;;
2021-10-29;138;150155;;
2021-10-30;143;150298;;
2021-10-31;141;150439;;
2021-11-01;123;150562;;
2021-11-02;111;150673;;
2021-11-03;164;150837;;
2021-11-04;153;150990;;
2021-11-05;165;151155;;
2021-11-06;204;151359;;
2021-11-07;179;151538;;
2021-11-08;153;151691;;
2021-11-09;234;151925;;
2021-11-10;213;152138;;
2021-11-11;197;152335;;
2021-11-12;188;152523;;
2021-11-13;168;152691;;
2021-11-14;141;152832;;
2021-11-15;135;152967;;
2021-11-16;268;153235;;
2021-11-17;238;153473;;
2021-11-18;190;153663;;
2021-11-19;256;153919;;
2021-11-20;206;154125;;
2021-11-21;216;154341;;
2021-11-22;179;154520;;
2021-11-23;237;154757;;
2021-11-24;302;155059;;
2021-11-25;302;155361;;
2021-11-26;244;155605;;
2021-11-27;219;155824;;
2021-11-28;224;156048;;
2021-11-29;291;156339;;
2021-11-30;341;156680;;
2021-12-01;385;157065;;
2021-12-02;410;157475;;
2021-12-03;383;157858;;
2021-12-04;389;158247;;
2021-12-05;342;158589;;
2021-12-06;346;158935;;
2021-12-07;403;159338;;
2021-12-08;498;159836;;
2021-12-09;559;160395;;
2021-12-10;545;160940;;
2021-12-11;449;161389;;
2021-12-12;415;161804;;
2021-12-13;726;162530;;
2021-12-14;916;163446;;
2021-12-15;973;164419;;
2021-12-16;1148;165567;;
2021-12-17;1166;166733;;
2021-12-18;1611;168344;;
2021-12-19;1413;169757;;
2021-12-20;2026;171783;;
2021-12-21;2441;174224;;
2021-12-22;3349;177573;;
2021-12-23;3355;180928;;
2021-12-24;3404;184332;;
2021-12-25;3070;187402;;
2021-12-26;3010;190412;;
2021-12-27;3963;194375;;
2021-12-28;4669;199044;;
2021-12-29;4634;203678;;
2021-12-30;4469;208147;;
2021-12-31;4034;212181;;
2022-01-01;3702;215883;;
2022-01-02;3885;219768;;
2022-01-03;3675;223443;;
2022-01-04;4516;227959;;
2022-01-05;4485;232444;;
2022-01-06;3826;236270;;
2022-01-07;3230;239500;;
2022-01-08;2523;242023;;
2022-01-09;3255;245278;;
2022-01-10;3320;248598;;
2022-01-11;2191;250789;;
2022-01-12;2043;252832;;
2022-01-13;1960;254792;;
2022-01-14;1744;256536;;
2022-01-15;1332;257868;;
2022-01-16;1181;259049;;
2022-01-17;977;260026;;
2022-01-18;1453;261479;;
2022-01-19;1212;262691;;
2022-01-20;1149;263840;;
2022-01-21;1050;264890;;
2022-01-22;649;265539;;
2022-01-23;519;266058;;
2022-01-24;800;266858;;
2022-01-25;760;267618;;
2022-01-26;776;268394;;
2022-01-27;612;269006;;
2022-01-28;600;269606;;
2022-01-29;578;270184;;
2022-01-30;382;270566;;
2022-01-31;580;271146;;
2022-02-01;684;271830;;
2022-02-02;748;272578;;
2022-02-03;622;273200;;
2022-02-04;523;273723;;
2022-02-05;341;274064;;
2022-02-06;331;274395;;
2022-02-07;612;275007;;
2022-02-08;543;275550;;
2022-02-09;455;276005;;
2022-02-10;480;276485;;
2022-02-11;530;277015;;
2022-02-12;241;277256;;
2022-02-13;248;277504;;
2022-02-14;378;277882;;
2022-02-15;340;278222;;
2022-02-16;317;278539;;
2022-02-17;309;278848;;
2022-02-18;225;279073;;
2022-02-19;172;279245;;
2022-02-20;130;279375;;
2022-02-21;269;279644;;
2022-02-22;236;279880;;
2022-02-23;206;280086;;
2022-02-24;231;280317;;
2022-02-25;180;280497;;
2022-02-26;127;280624;;
2022-02-27;103;280727;;
2022-02-28;248;280975;;
2022-03-01;205;281180;;
2022-03-02;150;281330;;
2022-03-03;259;281589;;
2022-03-04;132;281721;;
2022-03-05;118;281839;;
2022-03-06;125;281964;;
2022-03-07;181;282145;;
2022-03-08;201;282346;;
2022-03-09;182;282528;;
2022-03-10;154;282682;;
2022-03-11;171;282853;;
2022-03-12;104;282957;;
2022-03-13;66;283023;;
2022-03-14;170;283193;;
2022-03-15;195;283388;;
2022-03-16;247;283635;;
2022-03-17;221;283856;;
;;;;
;;;;
;;;;
;;;;
;;;;
;;;;
;;;;
;;;;
;;;;
;;;;
;;;;
;;;;
;;;;
;;;;
;;;;
;;;;
;;;;
;;;;
;;;;
;;;;
;;;;
;;;;
;;;;
;;;;
;;;;
;;;;
;;;;
;;;;
;;;;
;;;;
;;;;
;;;;
;;;;
;;;;
;;;;
;;;;
;;;;
;;;;
;;;;
;;;;
;;;;
;;;;
;;;;
;;;;
;;;;
;;;;
;;;;
;;;;
;;;;
;;;;
;;;;
;;;;
;;;;
;;;;
;;;;
;;;;
;;;;
;;;;
;;;;
;;;;
;;;;
;;;;
;;;;
;;;;
;;;;
;;;;
;;;;
;;;;
;;;;
;;;;
;;;;
;;;;
;;;;
;;;;
;;;;
