Date;Nouveaux cas;Cumulatif de cas;
2020-02-25;1;1;
2020-02-26;0;1;
2020-02-27;0;1;
2020-02-28;0;1;
2020-02-29;0;1;
2020-03-01;1;2;
2020-03-02;2;4;
2020-03-03;0;4;
2020-03-04;0;4;
2020-03-05;0;4;
2020-03-06;0;4;
2020-03-07;0;4;
2020-03-08;1;5;
2020-03-09;1;6;
2020-03-10;2;8;
2020-03-11;3;11;
2020-03-12;3;14;
2020-03-13;2;16;
2020-03-14;5;21;
2020-03-15;6;27;
2020-03-16;5;32;
2020-03-17;7;39;
2020-03-18;6;45;
2020-03-19;35;80;
2020-03-20;49;129;
2020-03-21;91;220;
2020-03-22;88;308;
2020-03-23;132;440;
2020-03-24;145;585;
2020-03-25;184;769;
2020-03-26;179;948;
2020-03-27;239;1187;
2020-03-28;198;1385;
2020-03-29;258;1643;
2020-03-30;264;1907;
2020-03-31;329;2236;
2020-04-01;303;2539;
2020-04-02;407;2946;
2020-04-03;346;3292;
2020-04-04;340;3632;
2020-04-05;258;3890;
2020-04-06;455;4345;
2020-04-07;421;4766;
2020-04-08;372;5138;
2020-04-09;350;5488;
2020-04-10;305;5793;
2020-04-11;261;6054;
2020-04-12;327;6381;
2020-04-13;542;6923;
2020-04-14;468;7391;
2020-04-15;609;8000;
2020-04-16;496;8496;
2020-04-17;568;9064;
2020-04-18;330;9394;
2020-04-19;427;9821;
2020-04-20;480;10301;
2020-04-21;456;10757;
2020-04-22;529;11286;
2020-04-23;523;11809;
2020-04-24;491;12300;
2020-04-25;312;12612;
2020-04-26;282;12894;
2020-04-27;461;13355;
2020-04-28;470;13825;
2020-04-29;517;14342;
2020-04-30;587;14929;
2020-05-01;613;15542;
2020-05-02;525;16067;
2020-05-03;343;16410;
2020-05-04;419;16829;
2020-05-05;466;17295;
2020-05-06;566;17861;
2020-05-07;428;18289;
2020-05-08;427;18716;
2020-05-09;310;19026;
2020-05-10;297;19323;
2020-05-11;362;19685;
2020-05-12;426;20111;
2020-05-13;398;20509;
2020-05-14;352;20861;
2020-05-15;341;21202;
2020-05-16;271;21473;
2020-05-17;341;21814;
2020-05-18;330;22144;
2020-05-19;319;22463;
2020-05-20;405;22868;
2020-05-21;376;23244;
2020-05-22;256;23500;
2020-05-23;216;23716;
2020-05-24;216;23932;
2020-05-25;203;24135;
2020-05-26;238;24373;
2020-05-27;252;24625;
2020-05-28;193;24818;
2020-05-29;192;25010;
2020-05-30;204;25214;
2020-05-31;140;25354;
2020-06-01;155;25509;
2020-06-02;97;25606;
2020-06-03;114;25720;
2020-06-04;125;25845;
2020-06-05;109;25954;
2020-06-06;105;26059;
2020-06-07;75;26134;
2020-06-08;51;26185;
2020-06-09;78;26263;
2020-06-10;67;26330;
2020-06-11;66;26396;
2020-06-12;71;26467;
2020-06-13;64;26531;
2020-06-14;28;26559;
2020-06-15;56;26615;
2020-06-16;74;26689;
2020-06-17;53;26742;
2020-06-18;48;26790;
2020-06-19;64;26854;
2020-06-20;33;26887;
2020-06-21;27;26914;
2020-06-22;41;26955;
2020-06-23;39;26994;
2020-06-24;29;27023;
2020-06-25;45;27068;
2020-06-26;42;27110;
2020-06-27;30;27140;
2020-06-28;18;27158;
2020-06-29;16;27174;
2020-06-30;39;27213;
2020-07-01;23;27236;
2020-07-02;16;27252;
2020-07-03;17;27269;
2020-07-04;16;27285;
2020-07-05;7;27292;
2020-07-06;16;27308;
2020-07-07;21;27329;
2020-07-08;33;27362;
2020-07-09;52;27414;
2020-07-10;48;27462;
2020-07-11;22;27484;
2020-07-12;13;27497;
2020-07-13;75;27572;
2020-07-14;64;27636;
2020-07-15;69;27705;
2020-07-16;66;27771;
2020-07-17;99;27870;
2020-07-18;97;27967;
2020-07-19;55;28022;
2020-07-20;37;28059;
2020-07-21;61;28120;
2020-07-22;78;28198;
2020-07-23;94;28292;
2020-07-24;69;28361;
2020-07-25;34;28395;
2020-07-26;52;28447;
2020-07-27;33;28480;
2020-07-28;36;28516;
2020-07-29;68;28584;
2020-07-30;58;28642;
2020-07-31;56;28698;
2020-08-01;49;28747;
2020-08-02;31;28778;
2020-08-03;45;28823;
2020-08-04;65;28888;
2020-08-05;46;28934;
2020-08-06;21;28955;
2020-08-07;45;29000;
2020-08-08;35;29035;
2020-08-09;37;29072;
2020-08-10;34;29106;
2020-08-11;36;29142;
2020-08-12;35;29177;
2020-08-13;38;29215;
2020-08-14;29;29244;
2020-08-15;14;29258;
2020-08-16;12;29270;
2020-08-17;17;29287;
2020-08-18;17;29304;
2020-08-19;22;29326;
2020-08-20;34;29360;
2020-08-21;32;29392;
2020-08-22;19;29411;
2020-08-23;21;29432;
2020-08-24;8;29440;
2020-08-25;29;29469;
2020-08-26;41;29510;
2020-08-27;43;29553;
2020-08-28;25;29578;
2020-08-29;54;29632;
2020-08-30;14;29646;
2020-08-31;32;29678;
2020-09-01;36;29714;
2020-09-02;35;29749;
2020-09-03;72;29821;
2020-09-04;49;29870;
2020-09-05;63;29933;
2020-09-06;57;29990;
2020-09-07;50;30040;
2020-09-08;71;30111;
2020-09-09;69;30180;
2020-09-10;90;30270;
2020-09-11;107;30377;
2020-09-12;71;30448;
2020-09-13;97;30545;
2020-09-14;71;30616;
2020-09-15;92;30708;
2020-09-16;78;30786;
2020-09-17;70;30856;
2020-09-18;197;31053;
2020-09-19;141;31194;
2020-09-20;200;31394;
2020-09-21;138;31532;
2020-09-22;168;31700;
2020-09-23;253;31953;
2020-09-24;231;32184;
2020-09-25;286;32470;
2020-09-26;352;32822;
2020-09-27;273;33095;
2020-09-28;280;33375;
2020-09-29;355;33730;
2020-09-30;316;34046;
2020-10-01;311;34357;
2020-10-02;415;34772;
2020-10-03;364;35136;
2020-10-04;298;35434;
2020-10-05;277;35711;
2020-10-06;254;35965;
2020-10-07;300;36265;
2020-10-08;345;36610;
2020-10-09;282;36892;
2020-10-10;192;37084;
2020-10-11;323;37407;
2020-10-12;265;37672;
2020-10-13;198;37870;
2020-10-14;268;38138;
2020-10-15;254;38392;
2020-10-16;259;38651;
2020-10-17;268;38919;
2020-10-18;189;39108;
2020-10-19;239;39347;
2020-10-20;254;39601;
2020-10-21;284;39885;
2020-10-22;220;40105;
2020-10-23;240;40345;
2020-10-24;166;40511;
2020-10-25;215;40726;
2020-10-26;354;41080;
2020-10-27;241;41321;
2020-10-28;210;41531;
2020-10-29;216;41747;
2020-10-30;194;41941;
2020-10-31;234;42542;
2020-11-01;234;42778;
2020-11-02;192;42601;
2020-11-03;237;42838;
2020-11-04;241;43079;
2020-11-05;322;43401;
2020-11-06;261;43662;
2020-11-07;270;43932;
2020-11-08;271;44203;
2020-11-09;266;44469;
2020-11-10;318;44787;
2020-11-11;344;45131;
2020-11-12;282;45413;
2020-11-13;325;45738;
2020-11-14;301;46039;
2020-11-15;274;46313;
2020-11-16;305;46618;
2020-11-17;238;46856;
2020-11-18;230;47086;
2020-11-19;280;47366;
2020-11-20;250;47616;
2020-11-21;260;47876;
2020-11-22;296;48172;
2020-11-23;276;48448;
2020-11-24;242;48690;
2020-11-25;296;48986;
2020-11-26;345;49331;
2020-11-27;415;49746;
2020-11-28;445;50191;
2020-11-29;362;50553;
2020-11-30;335;50888;
2020-12-01;413;51301;
2020-12-02;456;51757;
2020-12-03;445;52202;
2020-12-04;495;52697;
2020-12-05;513;53210;
2020-12-06;480;53690;
2020-12-07;461;54151;
2020-12-08;523;54674;
2020-12-09;577;55251;
2020-12-10;544;55795;
2020-12-11;635;56430;
2020-12-12;721;57151;
2020-12-13;561;57712;
2020-12-14;668;58380;
2020-12-15;552;58932;
2020-12-16;693;59625;
2020-12-17;926;60551;
2020-12-18;802;61353;
2020-12-19;689;62042;
2020-12-20;644;62686;
2020-12-21;745;63431;
2020-12-22;751;64182;
2020-12-23;693;64875;
2020-12-24;867;65742;
2020-12-25;933;66675;
2020-12-26;743;67418;
2020-12-27;796;68214;
2020-12-28;835;69049;
2020-12-29;996;70045;
2020-12-30;923;70968;
2020-12-31;740;71708;
2021-01-01;1209;72917;
2021-01-02;923;73840;
2021-01-03;785;74625;
2021-01-04;765;75390;
2021-01-05;814;76204;
2021-01-06;1083;77287;
2021-01-07;1270;78557;
2021-01-08;1033;79590;
2021-01-09;815;80405;
2021-01-10;775;81180;
2021-01-11;556;81736;
2021-01-12;852;82588;
2021-01-13;726;83314;
2021-01-14;809;84123;
2021-01-15;711;84834;
2021-01-16;875;85709;
2021-01-17;577;86286;
2021-01-18;462;86748;
2021-01-19;628;87376;
2021-01-20;666;88042;
2021-01-21;758;88800;
2021-01-22;601;89401;
2021-01-23;556;89957;
2021-01-24;423;90380;
2021-01-25;498;90878;
2021-01-26;586;91464;
2021-01-27;452;91916;
2021-01-28;566;92482;
2021-01-29;492;92974;
2021-01-30;545;93519;
2021-01-31;385;93904;
2021-02-01;466;94370;
2021-02-02;554;94924;
2021-02-03;480;95404;
2021-02-04;520;95924;
2021-02-05;543;96467;
2021-02-06;507;96974;
2021-02-07;405;97379;
2021-02-08;328;97707;
2021-02-09;445;98152;
2021-02-10;549;98701;
2021-02-11;471;99172;
2021-02-12;472;99644;
2021-02-13;336;99980;
2021-02-14;348;100328;
2021-02-15;317;100645;
2021-02-16;407;101052;
2021-02-17;326;101378;
2021-02-18;371;101749;
2021-02-19;394;102143;
2021-02-20;380;102523;
2021-02-21;399;102922;
2021-02-22;255;103177;
2021-02-23;418;103595;
2021-02-24;407;104002;
2021-02-25;381;104383;
2021-02-26;394;104777;
2021-02-27;317;105094;
2021-02-28;247;105341;
2021-03-01;254;105595;
2021-03-02;387;105982;
2021-03-03;300;106282;
2021-03-04;374;106656;
2021-03-05;279;106935;
2021-03-06;398;107333;
2021-03-07;265;107598;
2021-03-08;259;107857;
2021-03-09;388;108245;
2021-03-10;313;108558;
2021-03-11;364;108922;
2021-03-12;387;109309;
2021-03-13;278;109587;
2021-03-14;265;109852;
2021-03-15;245;110097;
2021-03-16;334;110431;
2021-03-17;312;110743;
2021-03-18;351;111094;
2021-03-19;316;111410;
2021-03-20;265;111675;
2021-03-21;306;111981;
2021-03-22;228;112209;
2021-03-23;333;112542;
2021-03-24;368;112910;
2021-03-25;354;113264;
2021-03-26;359;113623;
2021-03-27;307;113930;
2021-03-28;256;114186;
2021-03-29;302;114488;
2021-03-30;373;114861;
2021-03-31;394;115255;
2021-04-01;358;115613;
2021-04-02;384;115997;
2021-04-03;350;116347;
2021-04-04;297;116644;
2021-04-05;291;116935;
2021-04-06;306;117241;
2021-04-07;404;117645;
2021-04-08;395;118040;
2021-04-09;515;118555;
2021-04-10;298;118853;
2021-04-11;376;119229;
2021-04-12;263;119492;
2021-04-13;375;119867;
2021-04-14;354;120221;
2021-04-15;432;120653;
2021-04-16;366;121019;
2021-04-17;352;121371;
2021-04-18;219;121590;
2021-04-19;252;121842;
2021-04-20;276;122118;
2021-04-21;311;122429;
2021-04-22;316;122745;
2021-04-23;228;122973;
2021-04-24;341;123314;
2021-04-25;200;123514;
2021-04-26;244;123758;
2021-04-27;292;124050;
2021-04-28;312;124362;
2021-04-29;344;124706;
2021-04-30;324;125030;
2021-05-01;264;125294;
2021-05-02;211;125505;
2021-05-03;229;125734;
2021-05-04;238;125972;
2021-05-05;202;126174;
2021-05-06;260;126434;
2021-05-07;279;126713;
2021-05-08;213;126926;
2021-05-09;198;127124;
2021-05-10;188;127312;
2021-05-11;263;127575;
2021-05-12;261;127836;
2021-05-13;290;128126;
2021-05-14;246;128372;
2021-05-15;207;128579;
2021-05-16;190;128769;
2021-05-17;193;128962;
2021-05-18;209;129171;
2021-05-19;265;129436;
2021-05-20;248;129684;
2021-05-21;198;129882;
2021-05-22;183;130065;
2021-05-23;116;130181;
2021-05-24;156;130337;
2021-05-25;164;130501;
2021-05-26;157;130658;
2021-05-27;148;130806;
2021-05-28;143;130949;
2021-05-29;85;131034;
2021-05-30;81;131115;
2021-05-31;85;131200;
2021-06-01;108;131308;
2021-06-02;100;131408;
2021-06-03;87;131495;
2021-06-04;88;131583;
2021-06-05;75;131658;
2021-06-06;49;131707;
2021-06-07;60;131767;
2021-06-08;28;131795;
;;;
;;;
;;;
;;;
;;;
;;;
;;;
;;;
;;;
;;;
;;;
;;;
;;;
;;;
;;;
;;;
;;;
;;;
;;;
;;;
;;;
;;;
;;;
;;;
;;;
;;;
;;;
;;;
;;;
;;;
;;;
;;;
;;;
;;;
;;;
;;;
;;;
;;;
;;;
;;;
;;;
;;;
;;;
;;;
;;;
;;;
;;;
;;;
;;;
;;;
;;;
;;;
;;;
;;;
;;;
;;;
;;;
