Date;Nouveaux cas;Cumulatif de cas;
2020-02-25;1;1;
2020-02-26;0;1;
2020-02-27;0;1;
2020-02-28;0;1;
2020-02-29;0;1;
2020-03-01;1;2;
2020-03-02;2;4;
2020-03-03;0;4;
2020-03-04;0;4;
2020-03-05;0;4;
2020-03-06;0;4;
2020-03-07;0;4;
2020-03-08;1;5;
2020-03-09;1;6;
2020-03-10;2;8;
2020-03-11;3;11;
2020-03-12;3;14;
2020-03-13;2;16;
2020-03-14;5;21;
2020-03-15;6;27;
2020-03-16;5;32;
2020-03-17;7;39;
2020-03-18;6;45;
2020-03-19;36;81;
2020-03-20;49;130;
2020-03-21;91;221;
2020-03-22;88;309;
2020-03-23;132;441;
2020-03-24;145;586;
2020-03-25;185;771;
2020-03-26;179;950;
2020-03-27;240;1190;
2020-03-28;198;1388;
2020-03-29;258;1646;
2020-03-30;264;1910;
2020-03-31;330;2240;
2020-04-01;303;2543;
2020-04-02;408;2951;
2020-04-03;347;3298;
2020-04-04;340;3638;
2020-04-05;258;3896;
2020-04-06;457;4353;
2020-04-07;421;4774;
2020-04-08;373;5147;
2020-04-09;350;5497;
2020-04-10;305;5802;
2020-04-11;261;6063;
2020-04-12;328;6391;
2020-04-13;542;6933;
2020-04-14;468;7401;
2020-04-15;612;8013;
2020-04-16;496;8509;
2020-04-17;570;9079;
2020-04-18;331;9410;
2020-04-19;428;9838;
2020-04-20;481;10319;
2020-04-21;456;10775;
2020-04-22;529;11304;
2020-04-23;526;11830;
2020-04-24;491;12321;
2020-04-25;312;12633;
2020-04-26;282;12915;
2020-04-27;461;13376;
2020-04-28;470;13846;
2020-04-29;517;14363;
2020-04-30;588;14951;
2020-05-01;612;15563;
2020-05-02;525;16088;
2020-05-03;345;16433;
2020-05-04;419;16852;
2020-05-05;467;17319;
2020-05-06;569;17888;
2020-05-07;429;18317;
2020-05-08;427;18744;
2020-05-09;312;19056;
2020-05-10;298;19354;
2020-05-11;364;19718;
2020-05-12;426;20144;
2020-05-13;400;20544;
2020-05-14;353;20897;
2020-05-15;344;21241;
2020-05-16;271;21512;
2020-05-17;342;21854;
2020-05-18;331;22185;
2020-05-19;319;22504;
2020-05-20;405;22909;
2020-05-21;379;23288;
2020-05-22;257;23545;
2020-05-23;216;23761;
2020-05-24;216;23977;
2020-05-25;203;24180;
2020-05-26;240;24420;
2020-05-27;253;24673;
2020-05-28;193;24866;
2020-05-29;193;25059;
2020-05-30;205;25264;
2020-05-31;140;25404;
2020-06-01;155;25559;
2020-06-02;97;25656;
2020-06-03;114;25770;
2020-06-04;127;25897;
2020-06-05;109;26006;
2020-06-06;105;26111;
2020-06-07;75;26186;
2020-06-08;51;26237;
2020-06-09;79;26316;
2020-06-10;67;26383;
2020-06-11;66;26449;
2020-06-12;72;26521;
2020-06-13;66;26587;
2020-06-14;28;26615;
2020-06-15;56;26671;
2020-06-16;74;26745;
2020-06-17;53;26798;
2020-06-18;48;26846;
2020-06-19;64;26910;
2020-06-20;33;26943;
2020-06-21;27;26970;
2020-06-22;41;27011;
2020-06-23;40;27051;
2020-06-24;29;27080;
2020-06-25;45;27125;
2020-06-26;42;27167;
2020-06-27;30;27197;
2020-06-28;18;27215;
2020-06-29;16;27231;
2020-06-30;40;27271;
2020-07-01;24;27295;
2020-07-02;16;27311;
2020-07-03;17;27328;
2020-07-04;16;27344;
2020-07-05;7;27351;
2020-07-06;16;27367;
2020-07-07;21;27388;
2020-07-08;33;27421;
2020-07-09;52;27473;
2020-07-10;48;27521;
2020-07-11;22;27543;
2020-07-12;13;27556;
2020-07-13;75;27631;
2020-07-14;65;27696;
2020-07-15;69;27765;
2020-07-16;66;27831;
2020-07-17;100;27931;
2020-07-18;97;28028;
2020-07-19;55;28083;
2020-07-20;37;28120;
2020-07-21;62;28182;
2020-07-22;78;28260;
2020-07-23;94;28354;
2020-07-24;69;28423;
2020-07-25;34;28457;
2020-07-26;52;28509;
2020-07-27;34;28543;
2020-07-28;37;28580;
2020-07-29;69;28649;
2020-07-30;58;28707;
2020-07-31;57;28764;
2020-08-01;50;28814;
2020-08-02;31;28845;
2020-08-03;45;28890;
2020-08-04;65;28955;
2020-08-05;46;29001;
2020-08-06;21;29022;
2020-08-07;46;29068;
2020-08-08;35;29103;
2020-08-09;37;29140;
2020-08-10;34;29174;
2020-08-11;36;29210;
2020-08-12;35;29245;
2020-08-13;38;29283;
2020-08-14;30;29313;
2020-08-15;14;29327;
2020-08-16;12;29339;
2020-08-17;17;29356;
2020-08-18;17;29373;
2020-08-19;22;29395;
2020-08-20;34;29429;
2020-08-21;32;29461;
2020-08-22;19;29480;
2020-08-23;21;29501;
2020-08-24;8;29509;
2020-08-25;29;29538;
2020-08-26;41;29579;
2020-08-27;43;29622;
2020-08-28;25;29647;
2020-08-29;54;29701;
2020-08-30;14;29715;
2020-08-31;32;29747;
2020-09-01;36;29783;
2020-09-02;36;29819;
2020-09-03;72;29891;
2020-09-04;49;29940;
2020-09-05;63;30003;
2020-09-06;57;30060;
2020-09-07;50;30110;
2020-09-08;71;30181;
2020-09-09;70;30251;
2020-09-10;90;30341;
2020-09-11;108;30449;
2020-09-12;71;30520;
2020-09-13;98;30618;
2020-09-14;71;30689;
2020-09-15;93;30782;
2020-09-16;79;30861;
2020-09-17;71;30932;
2020-09-18;198;31130;
2020-09-19;141;31271;
2020-09-20;201;31472;
2020-09-21;140;31612;
2020-09-22;169;31781;
2020-09-23;254;32035;
2020-09-24;235;32270;
2020-09-25;287;32557;
2020-09-26;352;32909;
2020-09-27;274;33183;
2020-09-28;282;33465;
2020-09-29;355;33820;
2020-09-30;317;34137;
2020-10-01;312;34449;
2020-10-02;416;34865;
2020-10-03;365;35230;
2020-10-04;300;35530;
2020-10-05;277;35807;
2020-10-06;255;36062;
2020-10-07;302;36364;
2020-10-08;347;36711;
2020-10-09;284;36995;
2020-10-10;194;37189;
2020-10-11;327;37516;
2020-10-12;270;37786;
2020-10-13;201;37987;
2020-10-14;270;38257;
2020-10-15;254;38511;
2020-10-16;264;38775;
2020-10-17;273;39048;
2020-10-18;191;39239;
2020-10-19;244;39483;
2020-10-20;254;39737;
2020-10-21;288;40025;
2020-10-22;222;40247;
2020-10-23;246;40493;
2020-10-24;166;40659;
2020-10-25;220;40879;
2020-10-26;357;41236;
2020-10-27;244;41480;
2020-10-28;211;41691;
2020-10-29;219;41910;
2020-10-30;196;42106;
2020-10-31;237;42542;
2020-11-01;235;42778;
2020-11-02;194;42772;
2020-11-03;240;43012;
2020-11-04;243;43255;
2020-11-05;328;43583;
2020-11-06;265;43848;
2020-11-07;271;44119;
2020-11-08;277;44396;
2020-11-09;268;44664;
2020-11-10;320;44984;
2020-11-11;348;45332;
2020-11-12;286;45618;
2020-11-13;328;45946;
2020-11-14;306;46252;
2020-11-15;277;46529;
2020-11-16;306;46835;
2020-11-17;238;47073;
2020-11-18;229;47302;
2020-11-19;282;47584;
2020-11-20;254;47838;
2020-11-21;266;48104;
2020-11-22;300;48404;
2020-11-23;278;48682;
2020-11-24;243;48925;
2020-11-25;302;49227;
2020-11-26;348;49575;
2020-11-27;414;49989;
2020-11-28;445;50434;
2020-11-29;364;50798;
2020-11-30;337;51135;
2020-12-01;418;51553;
2020-12-02;457;52010;
2020-12-03;448;52458;
2020-12-04;498;52956;
2020-12-05;520;53476;
2020-12-06;484;53960;
2020-12-07;462;54422;
2020-12-08;528;54950;
2020-12-09;582;55532;
2020-12-10;547;56079;
2020-12-11;640;56719;
2020-12-12;732;57451;
2020-12-13;564;58015;
2020-12-14;677;58692;
2020-12-15;557;59249;
2020-12-16;696;59945;
2020-12-17;932;60877;
2020-12-18;810;61687;
2020-12-19;692;62379;
2020-12-20;650;63029;
2020-12-21;752;63781;
2020-12-22;758;64539;
2020-12-23;703;65242;
2020-12-24;875;66117;
2020-12-25;942;67059;
2020-12-26;754;67813;
2020-12-27;803;68616;
2020-12-28;842;69458;
2020-12-29;999;70457;
2020-12-30;934;71391;
2020-12-31;742;72133;
2021-01-01;1224;73357;
2021-01-02;927;74284;
2021-01-03;792;75076;
2021-01-04;770;75846;
2021-01-05;821;76667;
2021-01-06;1092;77759;
2021-01-07;1278;79037;
2021-01-08;1047;80084;
2021-01-09;822;80906;
2021-01-10;778;81684;
2021-01-11;564;82248;
2021-01-12;863;83111;
2021-01-13;732;83843;
2021-01-14;816;84659;
2021-01-15;714;85373;
2021-01-16;882;86255;
2021-01-17;584;86839;
2021-01-18;467;87306;
2021-01-19;634;87940;
2021-01-20;671;88611;
2021-01-21;764;89375;
2021-01-22;614;89989;
2021-01-23;563;90552;
2021-01-24;430;90982;
2021-01-25;504;91486;
2021-01-26;594;92080;
2021-01-27;454;92534;
2021-01-28;577;93111;
2021-01-29;498;93609;
2021-01-30;556;94165;
2021-01-31;389;94554;
2021-02-01;469;95023;
2021-02-02;559;95582;
2021-02-03;485;96067;
2021-02-04;523;96590;
2021-02-05;548;97138;
2021-02-06;510;97648;
2021-02-07;409;98057;
2021-02-08;334;98391;
2021-02-09;451;98842;
2021-02-10;551;99393;
2021-02-11;477;99870;
2021-02-12;482;100352;
2021-02-13;341;100693;
2021-02-14;352;101045;
2021-02-15;317;101362;
2021-02-16;413;101775;
2021-02-17;327;102102;
2021-02-18;375;102477;
2021-02-19;396;102873;
2021-02-20;387;103260;
2021-02-21;401;103661;
2021-02-22;257;103918;
2021-02-23;419;104337;
2021-02-24;409;104746;
2021-02-25;390;105136;
2021-02-26;396;105532;
2021-02-27;321;105853;
2021-02-28;249;106102;
2021-03-01;260;106362;
2021-03-02;392;106754;
2021-03-03;303;107057;
2021-03-04;376;107433;
2021-03-05;281;107714;
2021-03-06;398;108112;
2021-03-07;267;108379;
2021-03-08;260;108639;
2021-03-09;392;109031;
2021-03-10;315;109346;
2021-03-11;366;109712;
2021-03-12;390;110102;
2021-03-13;280;110382;
2021-03-14;271;110653;
2021-03-15;246;110899;
2021-03-16;341;111240;
2021-03-17;313;111553;
2021-03-18;353;111906;
2021-03-19;319;112225;
2021-03-20;266;112491;
2021-03-21;309;112800;
2021-03-22;229;113029;
2021-03-23;340;113369;
2021-03-24;370;113739;
2021-03-25;356;114095;
2021-03-26;360;114455;
2021-03-27;309;114764;
2021-03-28;261;115025;
2021-03-29;304;115329;
2021-03-30;375;115704;
2021-03-31;401;116105;
2021-04-01;360;116465;
2021-04-02;385;116850;
2021-04-03;356;117206;
2021-04-04;301;117507;
2021-04-05;295;117802;
2021-04-06;311;118113;
2021-04-07;404;118517;
2021-04-08;396;118913;
2021-04-09;514;119427;
2021-04-10;297;119724;
2021-04-11;377;120101;
2021-04-12;262;120363;
2021-04-13;375;120738;
2021-04-14;353;121091;
2021-04-15;433;121524;
2021-04-16;369;121893;
2021-04-17;351;122244;
2021-04-18;220;122464;
2021-04-19;259;122723;
2021-04-20;179;122902;
;;;
;;;
;;;
;;;
;;;
;;;
;;;
;;;
;;;
;;;
;;;
;;;
;;;
;;;
;;;
;;;
;;;
;;;
;;;
;;;
;;;
;;;
;;;
;;;
;;;
;;;
;;;
;;;
;;;
;;;
;;;
;;;
;;;
;;;
;;;
;;;
;;;
;;;
;;;
;;;
;;;
;;;
;;;
;;;
;;;
;;;
;;;
;;;
;;;
;;;
;;;
;;;
;;;
;;;
;;;
;;;
;;;
;;;
;;;
;;;
;;;
;;;
;;;
;;;
;;;
;;;
;;;
;;;
;;;
;;;
;;;
;;;
;;;
;;;
;;;
;;;
;;;
;;;
;;;
;;;
;;;
;;;
;;;
;;;
;;;
;;;
;;;
;;;
;;;
;;;
;;;
;;;
;;;
;;;
;;;
;;;
;;;
;;;
;;;
;;;
;;;
;;;
;;;
;;;
;;;
;;;
