Date;Nouveaux cas;Cumulatif de cas;
2020-02-25;1;1;
2020-02-26;0;1;
2020-02-27;0;1;
2020-02-28;0;1;
2020-02-29;0;1;
2020-03-01;1;2;
2020-03-02;2;4;
2020-03-03;0;4;
2020-03-04;0;4;
2020-03-05;0;4;
2020-03-06;0;4;
2020-03-07;0;4;
2020-03-08;1;5;
2020-03-09;1;6;
2020-03-10;2;8;
2020-03-11;3;11;
2020-03-12;3;14;
2020-03-13;2;16;
2020-03-14;5;21;
2020-03-15;6;27;
2020-03-16;5;32;
2020-03-17;7;39;
2020-03-18;6;45;
2020-03-19;36;81;
2020-03-20;49;130;
2020-03-21;91;221;
2020-03-22;89;310;
2020-03-23;133;443;
2020-03-24;145;588;
2020-03-25;187;775;
2020-03-26;180;955;
2020-03-27;241;1196;
2020-03-28;199;1395;
2020-03-29;258;1653;
2020-03-30;265;1918;
2020-03-31;330;2248;
2020-04-01;304;2552;
2020-04-02;409;2961;
2020-04-03;347;3308;
2020-04-04;340;3648;
2020-04-05;259;3907;
2020-04-06;457;4364;
2020-04-07;422;4786;
2020-04-08;373;5159;
2020-04-09;351;5510;
2020-04-10;305;5815;
2020-04-11;261;6076;
2020-04-12;329;6405;
2020-04-13;542;6947;
2020-04-14;468;7415;
2020-04-15;613;8028;
2020-04-16;497;8525;
2020-04-17;571;9096;
2020-04-18;331;9427;
2020-04-19;431;9858;
2020-04-20;483;10341;
2020-04-21;457;10798;
2020-04-22;531;11329;
2020-04-23;527;11856;
2020-04-24;493;12349;
2020-04-25;311;12660;
2020-04-26;281;12941;
2020-04-27;461;13402;
2020-04-28;471;13873;
2020-04-29;518;14391;
2020-04-30;588;14979;
2020-05-01;616;15595;
2020-05-02;526;16121;
2020-05-03;345;16466;
2020-05-04;419;16885;
2020-05-05;469;17354;
2020-05-06;569;17923;
2020-05-07;429;18352;
2020-05-08;429;18781;
2020-05-09;313;19094;
2020-05-10;299;19393;
2020-05-11;366;19759;
2020-05-12;427;20186;
2020-05-13;401;20587;
2020-05-14;354;20941;
2020-05-15;348;21289;
2020-05-16;271;21560;
2020-05-17;343;21903;
2020-05-18;332;22235;
2020-05-19;319;22554;
2020-05-20;407;22961;
2020-05-21;380;23341;
2020-05-22;257;23598;
2020-05-23;216;23814;
2020-05-24;216;24030;
2020-05-25;204;24234;
2020-05-26;240;24474;
2020-05-27;253;24727;
2020-05-28;193;24920;
2020-05-29;193;25113;
2020-05-30;205;25318;
2020-05-31;140;25458;
2020-06-01;156;25614;
2020-06-02;97;25711;
2020-06-03;114;25825;
2020-06-04;128;25953;
2020-06-05;109;26062;
2020-06-06;105;26167;
2020-06-07;76;26243;
2020-06-08;51;26294;
2020-06-09;79;26373;
2020-06-10;67;26440;
2020-06-11;66;26506;
2020-06-12;72;26578;
2020-06-13;66;26644;
2020-06-14;28;26672;
2020-06-15;56;26728;
2020-06-16;74;26802;
2020-06-17;53;26855;
2020-06-18;48;26903;
2020-06-19;64;26967;
2020-06-20;33;27000;
2020-06-21;26;27026;
2020-06-22;41;27067;
2020-06-23;40;27107;
2020-06-24;29;27136;
2020-06-25;46;27182;
2020-06-26;42;27224;
2020-06-27;30;27254;
2020-06-28;18;27272;
2020-06-29;16;27288;
2020-06-30;40;27328;
2020-07-01;24;27352;
2020-07-02;16;27368;
2020-07-03;17;27385;
2020-07-04;16;27401;
2020-07-05;7;27408;
2020-07-06;16;27424;
2020-07-07;21;27445;
2020-07-08;33;27478;
2020-07-09;52;27530;
2020-07-10;50;27580;
2020-07-11;21;27601;
2020-07-12;13;27614;
2020-07-13;75;27689;
2020-07-14;65;27754;
2020-07-15;69;27823;
2020-07-16;66;27889;
2020-07-17;100;27989;
2020-07-18;97;28086;
2020-07-19;55;28141;
2020-07-20;37;28178;
2020-07-21;63;28241;
2020-07-22;78;28319;
2020-07-23;92;28411;
2020-07-24;69;28480;
2020-07-25;34;28514;
2020-07-26;52;28566;
2020-07-27;34;28600;
2020-07-28;37;28637;
2020-07-29;69;28706;
2020-07-30;59;28765;
2020-07-31;57;28822;
2020-08-01;50;28872;
2020-08-02;31;28903;
2020-08-03;46;28949;
2020-08-04;65;29014;
2020-08-05;46;29060;
2020-08-06;21;29081;
2020-08-07;45;29126;
2020-08-08;35;29161;
2020-08-09;38;29199;
2020-08-10;34;29233;
2020-08-11;36;29269;
2020-08-12;35;29304;
2020-08-13;38;29342;
2020-08-14;29;29371;
2020-08-15;14;29385;
2020-08-16;12;29397;
2020-08-17;17;29414;
2020-08-18;17;29431;
2020-08-19;22;29453;
2020-08-20;36;29489;
2020-08-21;32;29521;
2020-08-22;20;29541;
2020-08-23;21;29562;
2020-08-24;8;29570;
2020-08-25;29;29599;
2020-08-26;41;29640;
2020-08-27;43;29683;
2020-08-28;25;29708;
2020-08-29;54;29762;
2020-08-30;14;29776;
2020-08-31;32;29808;
2020-09-01;36;29844;
2020-09-02;36;29880;
2020-09-03;72;29952;
2020-09-04;49;30001;
2020-09-05;64;30065;
2020-09-06;57;30122;
2020-09-07;50;30172;
2020-09-08;71;30243;
2020-09-09;70;30313;
2020-09-10;90;30403;
2020-09-11;109;30512;
2020-09-12;71;30583;
2020-09-13;97;30680;
2020-09-14;72;30752;
2020-09-15;95;30847;
2020-09-16;81;30928;
2020-09-17;71;30999;
2020-09-18;201;31200;
2020-09-19;141;31341;
2020-09-20;203;31544;
2020-09-21;140;31684;
2020-09-22;170;31854;
2020-09-23;254;32108;
2020-09-24;237;32345;
2020-09-25;287;32632;
2020-09-26;352;32984;
2020-09-27;274;33258;
2020-09-28;284;33542;
2020-09-29;357;33899;
2020-09-30;317;34216;
2020-10-01;313;34529;
2020-10-02;418;34947;
2020-10-03;372;35319;
2020-10-04;301;35620;
2020-10-05;279;35899;
2020-10-06;257;36156;
2020-10-07;305;36461;
2020-10-08;348;36809;
2020-10-09;287;37096;
2020-10-10;196;37292;
2020-10-11;331;37623;
2020-10-12;273;37896;
2020-10-13;204;38100;
2020-10-14;273;38373;
2020-10-15;255;38628;
2020-10-16;266;38894;
2020-10-17;276;39170;
2020-10-18;192;39362;
2020-10-19;244;39606;
2020-10-20;254;39860;
2020-10-21;292;40152;
2020-10-22;223;40375;
2020-10-23;247;40622;
2020-10-24;166;40788;
2020-10-25;220;41008;
2020-10-26;362;41370;
2020-10-27;244;41614;
2020-10-28;212;41826;
2020-10-29;219;42045;
2020-10-30;197;42242;
2020-10-31;239;42542;
2020-11-01;236;42778;
2020-11-02;198;42915;
2020-11-03;241;43156;
2020-11-04;246;43402;
2020-11-05;328;43730;
2020-11-06;265;43995;
2020-11-07;273;44268;
2020-11-08;277;44545;
2020-11-09;272;44817;
2020-11-10;323;45140;
2020-11-11;349;45489;
2020-11-12;286;45775;
2020-11-13;331;46106;
2020-11-14;310;46416;
2020-11-15;280;46696;
2020-11-16;308;47004;
2020-11-17;238;47242;
2020-11-18;230;47472;
2020-11-19;284;47756;
2020-11-20;255;48011;
2020-11-21;268;48279;
2020-11-22;303;48582;
2020-11-23;278;48860;
2020-11-24;245;49105;
2020-11-25;304;49409;
2020-11-26;348;49757;
2020-11-27;418;50175;
2020-11-28;448;50623;
2020-11-29;365;50988;
2020-11-30;339;51327;
2020-12-01;418;51745;
2020-12-02;459;52204;
2020-12-03;452;52656;
2020-12-04;501;53157;
2020-12-05;522;53679;
2020-12-06;487;54166;
2020-12-07;464;54630;
2020-12-08;532;55162;
2020-12-09;589;55751;
2020-12-10;551;56302;
2020-12-11;649;56951;
2020-12-12;738;57689;
2020-12-13;570;58259;
2020-12-14;678;58937;
2020-12-15;560;59497;
2020-12-16;703;60200;
2020-12-17;936;61136;
2020-12-18;817;61953;
2020-12-19;698;62651;
2020-12-20;651;63302;
2020-12-21;754;64056;
2020-12-22;765;64821;
2020-12-23;706;65527;
2020-12-24;883;66410;
2020-12-25;952;67362;
2020-12-26;757;68119;
2020-12-27;805;68924;
2020-12-28;846;69770;
2020-12-29;1002;70772;
2020-12-30;941;71713;
2020-12-31;751;72464;
2021-01-01;1234;73698;
2021-01-02;930;74628;
2021-01-03;793;75421;
2021-01-04;774;76195;
2021-01-05;824;77019;
2021-01-06;1098;78117;
2021-01-07;1283;79400;
2021-01-08;1050;80450;
2021-01-09;824;81274;
2021-01-10;780;82054;
2021-01-11;564;82618;
2021-01-12;864;83482;
2021-01-13;735;84217;
2021-01-14;820;85037;
2021-01-15;717;85754;
2021-01-16;886;86640;
2021-01-17;586;87226;
2021-01-18;471;87697;
2021-01-19;640;88337;
2021-01-20;673;89010;
2021-01-21;767;89777;
2021-01-22;615;90392;
2021-01-23;565;90957;
2021-01-24;431;91388;
2021-01-25;506;91894;
2021-01-26;596;92490;
2021-01-27;455;92945;
2021-01-28;580;93525;
2021-01-29;499;94024;
2021-01-30;557;94581;
2021-01-31;390;94971;
2021-02-01;471;95442;
2021-02-02;561;96003;
2021-02-03;489;96492;
2021-02-04;525;97017;
2021-02-05;553;97570;
2021-02-06;479;98049;
2021-02-07;443;98492;
2021-02-08;340;98832;
2021-02-09;452;99284;
2021-02-10;551;99835;
2021-02-11;477;100312;
2021-02-12;486;100798;
2021-02-13;342;101140;
2021-02-14;354;101494;
2021-02-15;317;101811;
2021-02-16;415;102226;
2021-02-17;332;102558;
2021-02-18;377;102935;
2021-02-19;395;103330;
2021-02-20;392;103722;
2021-02-21;408;104130;
2021-02-22;259;104389;
2021-02-23;420;104809;
2021-02-24;410;105219;
2021-02-25;391;105610;
2021-02-26;400;106010;
2021-02-27;325;106335;
2021-02-28;260;106595;
2021-03-01;153;106748;
;;;
;;;
;;;
;;;
;;;
;;;
;;;
;;;
;;;
;;;
;;;
;;;
;;;
;;;
;;;
;;;
;;;
;;;
;;;
;;;
;;;
;;;
;;;
;;;
;;;
;;;
;;;
;;;
;;;
;;;
;;;
;;;
;;;
;;;
;;;
;;;
;;;
;;;
;;;
;;;
;;;
;;;
;;;
;;;
;;;
;;;
;;;
;;;
;;;
;;;
;;;
;;;
;;;
;;;
;;;
;;;
;;;
;;;
;;;
;;;
;;;
;;;
;;;
;;;
;;;
;;;
;;;
;;;
;;;
;;;
;;;
;;;
;;;
;;;
;;;
;;;
;;;
;;;
;;;
;;;
;;;
;;;
;;;
;;;
;;;
;;;
;;;
;;;
;;;
;;;
;;;
;;;
;;;
;;;
;;;
;;;
;;;
;;;
;;;
;;;
;;;
;;;
;;;
;;;
;;;
;;;
;;;
;;;
;;;
;;;
;;;
;;;
;;;
;;;
;;;
;;;
;;;
;;;
;;;
;;;
;;;
;;;
;;;
;;;
;;;
;;;
;;;
;;;
;;;
;;;
;;;
;;;
;;;
;;;
;;;
;;;
;;;
;;;
;;;
;;;
;;;
;;;
;;;
;;;
;;;
;;;
;;;
;;;
;;;
;;;
;;;
;;;
;;;
;;;
;;;
;;;
