Date;Nouveaux cas;Cumulatif de cas;
2020-02-25;1;1;
2020-02-26;0;1;
2020-02-27;0;1;
2020-02-28;0;1;
2020-02-29;0;1;
2020-03-01;1;2;
2020-03-02;2;4;
2020-03-03;0;4;
2020-03-04;0;4;
2020-03-05;0;4;
2020-03-06;0;4;
2020-03-07;0;4;
2020-03-08;1;5;
2020-03-09;1;6;
2020-03-10;2;8;
2020-03-11;3;11;
2020-03-12;3;14;
2020-03-13;2;16;
2020-03-14;5;21;
2020-03-15;6;27;
2020-03-16;5;32;
2020-03-17;7;39;
2020-03-18;6;45;
2020-03-19;36;81;
2020-03-20;49;130;
2020-03-21;91;221;
2020-03-22;88;309;
2020-03-23;132;441;
2020-03-24;145;586;
2020-03-25;185;771;
2020-03-26;180;951;
2020-03-27;240;1191;
2020-03-28;198;1389;
2020-03-29;258;1647;
2020-03-30;264;1911;
2020-03-31;330;2241;
2020-04-01;304;2545;
2020-04-02;408;2953;
2020-04-03;347;3300;
2020-04-04;340;3640;
2020-04-05;258;3898;
2020-04-06;457;4355;
2020-04-07;422;4777;
2020-04-08;373;5150;
2020-04-09;351;5501;
2020-04-10;305;5806;
2020-04-11;261;6067;
2020-04-12;329;6396;
2020-04-13;542;6938;
2020-04-14;468;7406;
2020-04-15;613;8019;
2020-04-16;496;8515;
2020-04-17;571;9086;
2020-04-18;331;9417;
2020-04-19;430;9847;
2020-04-20;483;10330;
2020-04-21;457;10787;
2020-04-22;531;11318;
2020-04-23;527;11845;
2020-04-24;493;12338;
2020-04-25;312;12650;
2020-04-26;282;12932;
2020-04-27;461;13393;
2020-04-28;471;13864;
2020-04-29;518;14382;
2020-04-30;588;14970;
2020-05-01;615;15585;
2020-05-02;526;16111;
2020-05-03;345;16456;
2020-05-04;419;16875;
2020-05-05;468;17343;
2020-05-06;569;17912;
2020-05-07;429;18341;
2020-05-08;429;18770;
2020-05-09;313;19083;
2020-05-10;299;19382;
2020-05-11;365;19747;
2020-05-12;426;20173;
2020-05-13;400;20573;
2020-05-14;353;20926;
2020-05-15;347;21273;
2020-05-16;271;21544;
2020-05-17;343;21887;
2020-05-18;331;22218;
2020-05-19;319;22537;
2020-05-20;407;22944;
2020-05-21;380;23324;
2020-05-22;257;23581;
2020-05-23;216;23797;
2020-05-24;216;24013;
2020-05-25;204;24217;
2020-05-26;240;24457;
2020-05-27;253;24710;
2020-05-28;193;24903;
2020-05-29;193;25096;
2020-05-30;205;25301;
2020-05-31;140;25441;
2020-06-01;155;25596;
2020-06-02;97;25693;
2020-06-03;114;25807;
2020-06-04;128;25935;
2020-06-05;109;26044;
2020-06-06;105;26149;
2020-06-07;76;26225;
2020-06-08;51;26276;
2020-06-09;79;26355;
2020-06-10;67;26422;
2020-06-11;66;26488;
2020-06-12;72;26560;
2020-06-13;66;26626;
2020-06-14;28;26654;
2020-06-15;56;26710;
2020-06-16;74;26784;
2020-06-17;53;26837;
2020-06-18;48;26885;
2020-06-19;64;26949;
2020-06-20;33;26982;
2020-06-21;27;27009;
2020-06-22;41;27050;
2020-06-23;40;27090;
2020-06-24;29;27119;
2020-06-25;45;27164;
2020-06-26;42;27206;
2020-06-27;30;27236;
2020-06-28;18;27254;
2020-06-29;16;27270;
2020-06-30;40;27310;
2020-07-01;24;27334;
2020-07-02;16;27350;
2020-07-03;17;27367;
2020-07-04;16;27383;
2020-07-05;7;27390;
2020-07-06;16;27406;
2020-07-07;21;27427;
2020-07-08;33;27460;
2020-07-09;52;27512;
2020-07-10;49;27561;
2020-07-11;22;27583;
2020-07-12;13;27596;
2020-07-13;75;27671;
2020-07-14;65;27736;
2020-07-15;69;27805;
2020-07-16;66;27871;
2020-07-17;100;27971;
2020-07-18;97;28068;
2020-07-19;55;28123;
2020-07-20;37;28160;
2020-07-21;63;28223;
2020-07-22;78;28301;
2020-07-23;94;28395;
2020-07-24;68;28463;
2020-07-25;34;28497;
2020-07-26;52;28549;
2020-07-27;34;28583;
2020-07-28;37;28620;
2020-07-29;70;28690;
2020-07-30;59;28749;
2020-07-31;57;28806;
2020-08-01;50;28856;
2020-08-02;31;28887;
2020-08-03;45;28932;
2020-08-04;65;28997;
2020-08-05;46;29043;
2020-08-06;21;29064;
2020-08-07;46;29110;
2020-08-08;35;29145;
2020-08-09;37;29182;
2020-08-10;34;29216;
2020-08-11;36;29252;
2020-08-12;35;29287;
2020-08-13;38;29325;
2020-08-14;30;29355;
2020-08-15;14;29369;
2020-08-16;12;29381;
2020-08-17;17;29398;
2020-08-18;17;29415;
2020-08-19;22;29437;
2020-08-20;35;29472;
2020-08-21;32;29504;
2020-08-22;20;29524;
2020-08-23;21;29545;
2020-08-24;8;29553;
2020-08-25;29;29582;
2020-08-26;41;29623;
2020-08-27;43;29666;
2020-08-28;25;29691;
2020-08-29;54;29745;
2020-08-30;14;29759;
2020-08-31;32;29791;
2020-09-01;36;29827;
2020-09-02;36;29863;
2020-09-03;72;29935;
2020-09-04;49;29984;
2020-09-05;63;30047;
2020-09-06;57;30104;
2020-09-07;50;30154;
2020-09-08;71;30225;
2020-09-09;70;30295;
2020-09-10;90;30385;
2020-09-11;109;30494;
2020-09-12;71;30565;
2020-09-13;98;30663;
2020-09-14;71;30734;
2020-09-15;94;30828;
2020-09-16;80;30908;
2020-09-17;71;30979;
2020-09-18;200;31179;
2020-09-19;141;31320;
2020-09-20;203;31523;
2020-09-21;140;31663;
2020-09-22;169;31832;
2020-09-23;254;32086;
2020-09-24;237;32323;
2020-09-25;287;32610;
2020-09-26;352;32962;
2020-09-27;274;33236;
2020-09-28;283;33519;
2020-09-29;357;33876;
2020-09-30;317;34193;
2020-10-01;313;34506;
2020-10-02;417;34923;
2020-10-03;369;35292;
2020-10-04;301;35593;
2020-10-05;279;35872;
2020-10-06;256;36128;
2020-10-07;305;36433;
2020-10-08;348;36781;
2020-10-09;287;37068;
2020-10-10;194;37262;
2020-10-11;327;37589;
2020-10-12;271;37860;
2020-10-13;204;38064;
2020-10-14;270;38334;
2020-10-15;255;38589;
2020-10-16;264;38853;
2020-10-17;274;39127;
2020-10-18;192;39319;
2020-10-19;244;39563;
2020-10-20;254;39817;
2020-10-21;288;40105;
2020-10-22;223;40328;
2020-10-23;247;40575;
2020-10-24;166;40741;
2020-10-25;220;40961;
2020-10-26;358;41319;
2020-10-27;244;41563;
2020-10-28;211;41774;
2020-10-29;219;41993;
2020-10-30;197;42190;
2020-10-31;239;42542;
2020-11-01;236;42778;
2020-11-02;198;42863;
2020-11-03;240;43103;
2020-11-04;245;43348;
2020-11-05;328;43676;
2020-11-06;265;43941;
2020-11-07;273;44214;
2020-11-08;277;44491;
2020-11-09;269;44760;
2020-11-10;322;45082;
2020-11-11;349;45431;
2020-11-12;286;45717;
2020-11-13;331;46048;
2020-11-14;308;46356;
2020-11-15;278;46634;
2020-11-16;308;46942;
2020-11-17;238;47180;
2020-11-18;229;47409;
2020-11-19;283;47692;
2020-11-20;255;47947;
2020-11-21;267;48214;
2020-11-22;303;48517;
2020-11-23;278;48795;
2020-11-24;244;49039;
2020-11-25;303;49342;
2020-11-26;348;49690;
2020-11-27;416;50106;
2020-11-28;445;50551;
2020-11-29;365;50916;
2020-11-30;338;51254;
2020-12-01;418;51672;
2020-12-02;459;52131;
2020-12-03;452;52583;
2020-12-04;500;53083;
2020-12-05;522;53605;
2020-12-06;485;54090;
2020-12-07;464;54554;
2020-12-08;532;55086;
2020-12-09;588;55674;
2020-12-10;549;56223;
2020-12-11;649;56872;
2020-12-12;737;57609;
2020-12-13;568;58177;
2020-12-14;678;58855;
2020-12-15;560;59415;
2020-12-16;702;60117;
2020-12-17;935;61052;
2020-12-18;815;61867;
2020-12-19;697;62564;
2020-12-20;650;63214;
2020-12-21;753;63967;
2020-12-22;764;64731;
2020-12-23;704;65435;
2020-12-24;880;66315;
2020-12-25;949;67264;
2020-12-26;755;68019;
2020-12-27;804;68823;
2020-12-28;846;69669;
2020-12-29;1000;70669;
2020-12-30;936;71605;
2020-12-31;748;72353;
2021-01-01;1232;73585;
2021-01-02;928;74513;
2021-01-03;793;75306;
2021-01-04;771;76077;
2021-01-05;822;76899;
2021-01-06;1097;77996;
2021-01-07;1280;79276;
2021-01-08;1049;80325;
2021-01-09;824;81149;
2021-01-10;779;81928;
2021-01-11;564;82492;
2021-01-12;865;83357;
2021-01-13;733;84090;
2021-01-14;817;84907;
2021-01-15;716;85623;
2021-01-16;885;86508;
2021-01-17;584;87092;
2021-01-18;471;87563;
2021-01-19;638;88201;
2021-01-20;673;88874;
2021-01-21;765;89639;
2021-01-22;614;90253;
2021-01-23;566;90819;
2021-01-24;430;91249;
2021-01-25;506;91755;
2021-01-26;594;92349;
2021-01-27;455;92804;
2021-01-28;577;93381;
2021-01-29;498;93879;
2021-01-30;555;94434;
2021-01-31;390;94824;
2021-02-01;470;95294;
2021-02-02;560;95854;
2021-02-03;487;96341;
2021-02-04;525;96866;
2021-02-05;550;97416;
2021-02-06;514;97930;
2021-02-07;410;98340;
2021-02-08;335;98675;
2021-02-09;451;99126;
2021-02-10;552;99678;
2021-02-11;477;100155;
2021-02-12;485;100640;
2021-02-13;342;100982;
2021-02-14;353;101335;
2021-02-15;317;101652;
2021-02-16;414;102066;
2021-02-17;331;102397;
2021-02-18;377;102774;
2021-02-19;396;103170;
2021-02-20;392;103562;
2021-02-21;406;103968;
2021-02-22;258;104226;
2021-02-23;419;104645;
2021-02-24;410;105055;
2021-02-25;390;105445;
2021-02-26;399;105844;
2021-02-27;324;106168;
2021-02-28;249;106417;
2021-03-01;260;106677;
2021-03-02;390;107067;
2021-03-03;305;107372;
2021-03-04;372;107744;
2021-03-05;282;108026;
2021-03-06;398;108424;
2021-03-07;269;108693;
2021-03-08;260;108953;
2021-03-09;393;109346;
2021-03-10;316;109662;
2021-03-11;366;110028;
2021-03-12;391;110419;
2021-03-13;279;110698;
2021-03-14;270;110968;
2021-03-15;245;111213;
2021-03-16;341;111554;
2021-03-17;313;111867;
2021-03-18;356;112223;
2021-03-19;319;112542;
2021-03-20;266;112808;
2021-03-21;310;113118;
2021-03-22;227;113345;
2021-03-23;341;113686;
2021-03-24;239;113925;
;;;
;;;
;;;
;;;
;;;
;;;
;;;
;;;
;;;
;;;
;;;
;;;
;;;
;;;
;;;
;;;
;;;
;;;
;;;
;;;
;;;
;;;
;;;
;;;
;;;
;;;
;;;
;;;
;;;
;;;
;;;
;;;
;;;
;;;
;;;
;;;
;;;
;;;
;;;
;;;
;;;
;;;
;;;
;;;
;;;
;;;
;;;
;;;
;;;
;;;
;;;
;;;
;;;
;;;
;;;
;;;
;;;
;;;
;;;
;;;
;;;
;;;
;;;
;;;
;;;
;;;
;;;
;;;
;;;
;;;
;;;
;;;
;;;
;;;
;;;
;;;
;;;
;;;
;;;
;;;
;;;
;;;
;;;
;;;
;;;
;;;
;;;
;;;
;;;
;;;
;;;
;;;
;;;
;;;
;;;
;;;
;;;
;;;
;;;
;;;
;;;
;;;
;;;
;;;
;;;
;;;
;;;
;;;
;;;
;;;
;;;
;;;
;;;
;;;
;;;
;;;
;;;
;;;
;;;
;;;
;;;
;;;
;;;
;;;
;;;
;;;
;;;
;;;
;;;
;;;
;;;
;;;
;;;
