Date;Nouveaux cas;Cumulatif de cas;
2020-02-25;1;1;
2020-02-26;0;1;
2020-02-27;0;1;
2020-02-28;0;1;
2020-02-29;0;1;
2020-03-01;1;2;
2020-03-02;2;4;
2020-03-03;0;4;
2020-03-04;0;4;
2020-03-05;0;4;
2020-03-06;0;4;
2020-03-07;0;4;
2020-03-08;1;5;
2020-03-09;1;6;
2020-03-10;2;8;
2020-03-11;3;11;
2020-03-12;3;14;
2020-03-13;2;16;
2020-03-14;5;21;
2020-03-15;6;27;
2020-03-16;5;32;
2020-03-17;7;39;
2020-03-18;6;45;
2020-03-19;36;81;
2020-03-20;49;130;
2020-03-21;91;221;
2020-03-22;88;309;
2020-03-23;132;441;
2020-03-24;145;586;
2020-03-25;185;771;
2020-03-26;180;951;
2020-03-27;240;1191;
2020-03-28;198;1389;
2020-03-29;258;1647;
2020-03-30;264;1911;
2020-03-31;330;2241;
2020-04-01;303;2544;
2020-04-02;408;2952;
2020-04-03;347;3299;
2020-04-04;340;3639;
2020-04-05;258;3897;
2020-04-06;457;4354;
2020-04-07;422;4776;
2020-04-08;373;5149;
2020-04-09;351;5500;
2020-04-10;305;5805;
2020-04-11;261;6066;
2020-04-12;329;6395;
2020-04-13;542;6937;
2020-04-14;468;7405;
2020-04-15;613;8018;
2020-04-16;496;8514;
2020-04-17;570;9084;
2020-04-18;331;9415;
2020-04-19;428;9843;
2020-04-20;482;10325;
2020-04-21;456;10781;
2020-04-22;529;11310;
2020-04-23;526;11836;
2020-04-24;492;12328;
2020-04-25;312;12640;
2020-04-26;282;12922;
2020-04-27;461;13383;
2020-04-28;470;13853;
2020-04-29;517;14370;
2020-04-30;588;14958;
2020-05-01;613;15571;
2020-05-02;525;16096;
2020-05-03;345;16441;
2020-05-04;419;16860;
2020-05-05;467;17327;
2020-05-06;569;17896;
2020-05-07;429;18325;
2020-05-08;427;18752;
2020-05-09;312;19064;
2020-05-10;298;19362;
2020-05-11;364;19726;
2020-05-12;426;20152;
2020-05-13;400;20552;
2020-05-14;353;20905;
2020-05-15;344;21249;
2020-05-16;271;21520;
2020-05-17;343;21863;
2020-05-18;331;22194;
2020-05-19;319;22513;
2020-05-20;405;22918;
2020-05-21;379;23297;
2020-05-22;257;23554;
2020-05-23;216;23770;
2020-05-24;216;23986;
2020-05-25;203;24189;
2020-05-26;240;24429;
2020-05-27;253;24682;
2020-05-28;193;24875;
2020-05-29;193;25068;
2020-05-30;205;25273;
2020-05-31;140;25413;
2020-06-01;155;25568;
2020-06-02;97;25665;
2020-06-03;114;25779;
2020-06-04;127;25906;
2020-06-05;109;26015;
2020-06-06;105;26120;
2020-06-07;75;26195;
2020-06-08;51;26246;
2020-06-09;79;26325;
2020-06-10;67;26392;
2020-06-11;66;26458;
2020-06-12;72;26530;
2020-06-13;66;26596;
2020-06-14;28;26624;
2020-06-15;56;26680;
2020-06-16;74;26754;
2020-06-17;53;26807;
2020-06-18;48;26855;
2020-06-19;64;26919;
2020-06-20;33;26952;
2020-06-21;27;26979;
2020-06-22;41;27020;
2020-06-23;40;27060;
2020-06-24;29;27089;
2020-06-25;45;27134;
2020-06-26;42;27176;
2020-06-27;30;27206;
2020-06-28;18;27224;
2020-06-29;16;27240;
2020-06-30;40;27280;
2020-07-01;24;27304;
2020-07-02;16;27320;
2020-07-03;17;27337;
2020-07-04;16;27353;
2020-07-05;7;27360;
2020-07-06;16;27376;
2020-07-07;21;27397;
2020-07-08;33;27430;
2020-07-09;52;27482;
2020-07-10;48;27530;
2020-07-11;22;27552;
2020-07-12;13;27565;
2020-07-13;75;27640;
2020-07-14;65;27705;
2020-07-15;69;27774;
2020-07-16;66;27840;
2020-07-17;100;27940;
2020-07-18;97;28037;
2020-07-19;55;28092;
2020-07-20;37;28129;
2020-07-21;62;28191;
2020-07-22;78;28269;
2020-07-23;94;28363;
2020-07-24;68;28431;
2020-07-25;34;28465;
2020-07-26;52;28517;
2020-07-27;34;28551;
2020-07-28;37;28588;
2020-07-29;69;28657;
2020-07-30;58;28715;
2020-07-31;57;28772;
2020-08-01;50;28822;
2020-08-02;31;28853;
2020-08-03;45;28898;
2020-08-04;65;28963;
2020-08-05;46;29009;
2020-08-06;21;29030;
2020-08-07;46;29076;
2020-08-08;35;29111;
2020-08-09;37;29148;
2020-08-10;34;29182;
2020-08-11;36;29218;
2020-08-12;35;29253;
2020-08-13;38;29291;
2020-08-14;30;29321;
2020-08-15;14;29335;
2020-08-16;12;29347;
2020-08-17;17;29364;
2020-08-18;17;29381;
2020-08-19;22;29403;
2020-08-20;34;29437;
2020-08-21;32;29469;
2020-08-22;20;29489;
2020-08-23;21;29510;
2020-08-24;8;29518;
2020-08-25;29;29547;
2020-08-26;41;29588;
2020-08-27;43;29631;
2020-08-28;25;29656;
2020-08-29;54;29710;
2020-08-30;14;29724;
2020-08-31;32;29756;
2020-09-01;36;29792;
2020-09-02;36;29828;
2020-09-03;72;29900;
2020-09-04;49;29949;
2020-09-05;63;30012;
2020-09-06;57;30069;
2020-09-07;50;30119;
2020-09-08;71;30190;
2020-09-09;70;30260;
2020-09-10;90;30350;
2020-09-11;108;30458;
2020-09-12;71;30529;
2020-09-13;98;30627;
2020-09-14;71;30698;
2020-09-15;94;30792;
2020-09-16;79;30871;
2020-09-17;71;30942;
2020-09-18;199;31141;
2020-09-19;141;31282;
2020-09-20;201;31483;
2020-09-21;140;31623;
2020-09-22;169;31792;
2020-09-23;254;32046;
2020-09-24;236;32282;
2020-09-25;287;32569;
2020-09-26;352;32921;
2020-09-27;274;33195;
2020-09-28;282;33477;
2020-09-29;354;33831;
2020-09-30;317;34148;
2020-10-01;312;34460;
2020-10-02;416;34876;
2020-10-03;365;35241;
2020-10-04;300;35541;
2020-10-05;278;35819;
2020-10-06;255;36074;
2020-10-07;303;36377;
2020-10-08;348;36725;
2020-10-09;286;37011;
2020-10-10;194;37205;
2020-10-11;327;37532;
2020-10-12;270;37802;
2020-10-13;202;38004;
2020-10-14;270;38274;
2020-10-15;254;38528;
2020-10-16;264;38792;
2020-10-17;273;39065;
2020-10-18;191;39256;
2020-10-19;244;39500;
2020-10-20;254;39754;
2020-10-21;288;40042;
2020-10-22;223;40265;
2020-10-23;246;40511;
2020-10-24;166;40677;
2020-10-25;220;40897;
2020-10-26;357;41254;
2020-10-27;244;41498;
2020-10-28;211;41709;
2020-10-29;219;41928;
2020-10-30;197;42125;
2020-10-31;238;42542;
2020-11-01;235;42778;
2020-11-02;194;42792;
2020-11-03;240;43032;
2020-11-04;244;43276;
2020-11-05;328;43604;
2020-11-06;265;43869;
2020-11-07;271;44140;
2020-11-08;277;44417;
2020-11-09;268;44685;
2020-11-10;320;45005;
2020-11-11;349;45354;
2020-11-12;286;45640;
2020-11-13;329;45969;
2020-11-14;306;46275;
2020-11-15;277;46552;
2020-11-16;306;46858;
2020-11-17;238;47096;
2020-11-18;229;47325;
2020-11-19;282;47607;
2020-11-20;254;47861;
2020-11-21;266;48127;
2020-11-22;300;48427;
2020-11-23;278;48705;
2020-11-24;243;48948;
2020-11-25;302;49250;
2020-11-26;348;49598;
2020-11-27;414;50012;
2020-11-28;445;50457;
2020-11-29;365;50822;
2020-11-30;338;51160;
2020-12-01;418;51578;
2020-12-02;457;52035;
2020-12-03;449;52484;
2020-12-04;498;52982;
2020-12-05;520;53502;
2020-12-06;484;53986;
2020-12-07;463;54449;
2020-12-08;529;54978;
2020-12-09;582;55560;
2020-12-10;548;56108;
2020-12-11;642;56750;
2020-12-12;732;57482;
2020-12-13;566;58048;
2020-12-14;677;58725;
2020-12-15;557;59282;
2020-12-16;698;59980;
2020-12-17;932;60912;
2020-12-18;810;61722;
2020-12-19;694;62416;
2020-12-20;650;63066;
2020-12-21;752;63818;
2020-12-22;761;64579;
2020-12-23;703;65282;
2020-12-24;876;66158;
2020-12-25;946;67104;
2020-12-26;754;67858;
2020-12-27;803;68661;
2020-12-28;843;69504;
2020-12-29;999;70503;
2020-12-30;934;71437;
2020-12-31;745;72182;
2021-01-01;1225;73407;
2021-01-02;927;74334;
2021-01-03;792;75126;
2021-01-04;770;75896;
2021-01-05;822;76718;
2021-01-06;1093;77811;
2021-01-07;1278;79089;
2021-01-08;1047;80136;
2021-01-09;822;80958;
2021-01-10;778;81736;
2021-01-11;564;82300;
2021-01-12;864;83164;
2021-01-13;732;83896;
2021-01-14;816;84712;
2021-01-15;714;85426;
2021-01-16;884;86310;
2021-01-17;584;86894;
2021-01-18;469;87363;
2021-01-19;635;87998;
2021-01-20;671;88669;
2021-01-21;764;89433;
2021-01-22;614;90047;
2021-01-23;564;90611;
2021-01-24;430;91041;
2021-01-25;504;91545;
2021-01-26;594;92139;
2021-01-27;454;92593;
2021-01-28;577;93170;
2021-01-29;498;93668;
2021-01-30;556;94224;
2021-01-31;389;94613;
2021-02-01;469;95082;
2021-02-02;559;95641;
2021-02-03;486;96127;
2021-02-04;524;96651;
2021-02-05;548;97199;
2021-02-06;512;97711;
2021-02-07;410;98121;
2021-02-08;334;98455;
2021-02-09;452;98907;
2021-02-10;551;99458;
2021-02-11;477;99935;
2021-02-12;482;100417;
2021-02-13;342;100759;
2021-02-14;352;101111;
2021-02-15;317;101428;
2021-02-16;414;101842;
2021-02-17;329;102171;
2021-02-18;376;102547;
2021-02-19;397;102944;
2021-02-20;389;103333;
2021-02-21;402;103735;
2021-02-22;258;103993;
2021-02-23;419;104412;
2021-02-24;410;104822;
2021-02-25;390;105212;
2021-02-26;397;105609;
2021-02-27;322;105931;
2021-02-28;249;106180;
2021-03-01;260;106440;
2021-03-02;391;106831;
2021-03-03;304;107135;
2021-03-04;376;107511;
2021-03-05;281;107792;
2021-03-06;398;108190;
2021-03-07;268;108458;
2021-03-08;260;108718;
2021-03-09;392;109110;
2021-03-10;315;109425;
2021-03-11;366;109791;
2021-03-12;390;110181;
2021-03-13;280;110461;
2021-03-14;271;110732;
2021-03-15;245;110977;
2021-03-16;341;111318;
2021-03-17;313;111631;
2021-03-18;353;111984;
2021-03-19;319;112303;
2021-03-20;266;112569;
2021-03-21;309;112878;
2021-03-22;229;113107;
2021-03-23;340;113447;
2021-03-24;370;113817;
2021-03-25;356;114173;
2021-03-26;360;114533;
2021-03-27;309;114842;
2021-03-28;261;115103;
2021-03-29;303;115406;
2021-03-30;375;115781;
2021-03-31;401;116182;
2021-04-01;360;116542;
2021-04-02;385;116927;
2021-04-03;356;117283;
2021-04-04;301;117584;
2021-04-05;295;117879;
2021-04-06;311;118190;
2021-04-07;405;118595;
2021-04-08;397;118992;
2021-04-09;511;119503;
2021-04-10;296;119799;
2021-04-11;378;120177;
2021-04-12;261;120438;
2021-04-13;377;120815;
2021-04-14;264;121079;
;;;
;;;
;;;
;;;
;;;
;;;
;;;
;;;
;;;
;;;
;;;
;;;
;;;
;;;
;;;
;;;
;;;
;;;
;;;
;;;
;;;
;;;
;;;
;;;
;;;
;;;
;;;
;;;
;;;
;;;
;;;
;;;
;;;
;;;
;;;
;;;
;;;
;;;
;;;
;;;
;;;
;;;
;;;
;;;
;;;
;;;
;;;
;;;
;;;
;;;
;;;
;;;
;;;
;;;
;;;
;;;
;;;
;;;
;;;
;;;
;;;
;;;
;;;
;;;
;;;
;;;
;;;
;;;
;;;
;;;
;;;
;;;
;;;
;;;
;;;
;;;
;;;
;;;
;;;
;;;
;;;
;;;
;;;
;;;
;;;
;;;
;;;
;;;
;;;
;;;
;;;
;;;
;;;
;;;
;;;
;;;
;;;
;;;
;;;
;;;
;;;
;;;
;;;
;;;
;;;
;;;
;;;
;;;
;;;
;;;
;;;
;;;
