Date;Nouveaux cas;Cumulatif de cas;
2020-02-25;1;1;
2020-02-26;0;1;
2020-02-27;0;1;
2020-02-28;0;1;
2020-02-29;0;1;
2020-03-01;1;2;
2020-03-02;2;4;
2020-03-03;0;4;
2020-03-04;0;4;
2020-03-05;0;4;
2020-03-06;0;4;
2020-03-07;0;4;
2020-03-08;1;5;
2020-03-09;1;6;
2020-03-10;2;8;
2020-03-11;3;11;
2020-03-12;3;14;
2020-03-13;2;16;
2020-03-14;5;21;
2020-03-15;6;27;
2020-03-16;5;32;
2020-03-17;7;39;
2020-03-18;6;45;
2020-03-19;36;81;
2020-03-20;49;130;
2020-03-21;91;221;
2020-03-22;88;309;
2020-03-23;132;441;
2020-03-24;145;586;
2020-03-25;185;771;
2020-03-26;180;951;
2020-03-27;240;1191;
2020-03-28;198;1389;
2020-03-29;258;1647;
2020-03-30;265;1912;
2020-03-31;330;2242;
2020-04-01;304;2546;
2020-04-02;408;2954;
2020-04-03;347;3301;
2020-04-04;340;3641;
2020-04-05;258;3899;
2020-04-06;457;4356;
2020-04-07;422;4778;
2020-04-08;373;5151;
2020-04-09;351;5502;
2020-04-10;305;5807;
2020-04-11;261;6068;
2020-04-12;329;6397;
2020-04-13;542;6939;
2020-04-14;468;7407;
2020-04-15;613;8020;
2020-04-16;496;8516;
2020-04-17;571;9087;
2020-04-18;331;9418;
2020-04-19;430;9848;
2020-04-20;483;10331;
2020-04-21;457;10788;
2020-04-22;531;11319;
2020-04-23;527;11846;
2020-04-24;493;12339;
2020-04-25;312;12651;
2020-04-26;282;12933;
2020-04-27;461;13394;
2020-04-28;471;13865;
2020-04-29;518;14383;
2020-04-30;588;14971;
2020-05-01;615;15586;
2020-05-02;526;16112;
2020-05-03;345;16457;
2020-05-04;419;16876;
2020-05-05;469;17345;
2020-05-06;569;17914;
2020-05-07;429;18343;
2020-05-08;429;18772;
2020-05-09;313;19085;
2020-05-10;299;19384;
2020-05-11;365;19749;
2020-05-12;427;20176;
2020-05-13;400;20576;
2020-05-14;353;20929;
2020-05-15;348;21277;
2020-05-16;271;21548;
2020-05-17;343;21891;
2020-05-18;331;22222;
2020-05-19;319;22541;
2020-05-20;407;22948;
2020-05-21;380;23328;
2020-05-22;257;23585;
2020-05-23;216;23801;
2020-05-24;216;24017;
2020-05-25;204;24221;
2020-05-26;240;24461;
2020-05-27;253;24714;
2020-05-28;193;24907;
2020-05-29;193;25100;
2020-05-30;205;25305;
2020-05-31;140;25445;
2020-06-01;155;25600;
2020-06-02;97;25697;
2020-06-03;114;25811;
2020-06-04;128;25939;
2020-06-05;109;26048;
2020-06-06;105;26153;
2020-06-07;76;26229;
2020-06-08;51;26280;
2020-06-09;79;26359;
2020-06-10;67;26426;
2020-06-11;66;26492;
2020-06-12;72;26564;
2020-06-13;66;26630;
2020-06-14;28;26658;
2020-06-15;56;26714;
2020-06-16;74;26788;
2020-06-17;53;26841;
2020-06-18;48;26889;
2020-06-19;64;26953;
2020-06-20;33;26986;
2020-06-21;27;27013;
2020-06-22;41;27054;
2020-06-23;40;27094;
2020-06-24;29;27123;
2020-06-25;45;27168;
2020-06-26;42;27210;
2020-06-27;30;27240;
2020-06-28;18;27258;
2020-06-29;16;27274;
2020-06-30;40;27314;
2020-07-01;24;27338;
2020-07-02;16;27354;
2020-07-03;17;27371;
2020-07-04;16;27387;
2020-07-05;7;27394;
2020-07-06;16;27410;
2020-07-07;21;27431;
2020-07-08;33;27464;
2020-07-09;52;27516;
2020-07-10;50;27566;
2020-07-11;21;27587;
2020-07-12;13;27600;
2020-07-13;75;27675;
2020-07-14;65;27740;
2020-07-15;69;27809;
2020-07-16;66;27875;
2020-07-17;100;27975;
2020-07-18;97;28072;
2020-07-19;55;28127;
2020-07-20;37;28164;
2020-07-21;63;28227;
2020-07-22;79;28306;
2020-07-23;93;28399;
2020-07-24;69;28468;
2020-07-25;34;28502;
2020-07-26;52;28554;
2020-07-27;34;28588;
2020-07-28;37;28625;
2020-07-29;70;28695;
2020-07-30;59;28754;
2020-07-31;57;28811;
2020-08-01;50;28861;
2020-08-02;31;28892;
2020-08-03;45;28937;
2020-08-04;65;29002;
2020-08-05;46;29048;
2020-08-06;21;29069;
2020-08-07;46;29115;
2020-08-08;35;29150;
2020-08-09;37;29187;
2020-08-10;34;29221;
2020-08-11;36;29257;
2020-08-12;35;29292;
2020-08-13;38;29330;
2020-08-14;30;29360;
2020-08-15;14;29374;
2020-08-16;12;29386;
2020-08-17;17;29403;
2020-08-18;17;29420;
2020-08-19;22;29442;
2020-08-20;36;29478;
2020-08-21;32;29510;
2020-08-22;20;29530;
2020-08-23;21;29551;
2020-08-24;8;29559;
2020-08-25;29;29588;
2020-08-26;41;29629;
2020-08-27;43;29672;
2020-08-28;25;29697;
2020-08-29;54;29751;
2020-08-30;14;29765;
2020-08-31;32;29797;
2020-09-01;36;29833;
2020-09-02;36;29869;
2020-09-03;72;29941;
2020-09-04;49;29990;
2020-09-05;64;30054;
2020-09-06;57;30111;
2020-09-07;50;30161;
2020-09-08;71;30232;
2020-09-09;70;30302;
2020-09-10;90;30392;
2020-09-11;109;30501;
2020-09-12;71;30572;
2020-09-13;98;30670;
2020-09-14;71;30741;
2020-09-15;94;30835;
2020-09-16;80;30915;
2020-09-17;71;30986;
2020-09-18;200;31186;
2020-09-19;141;31327;
2020-09-20;203;31530;
2020-09-21;140;31670;
2020-09-22;170;31840;
2020-09-23;254;32094;
2020-09-24;237;32331;
2020-09-25;287;32618;
2020-09-26;353;32971;
2020-09-27;274;33245;
2020-09-28;284;33529;
2020-09-29;357;33886;
2020-09-30;317;34203;
2020-10-01;313;34516;
2020-10-02;417;34933;
2020-10-03;370;35303;
2020-10-04;301;35604;
2020-10-05;279;35883;
2020-10-06;256;36139;
2020-10-07;305;36444;
2020-10-08;348;36792;
2020-10-09;287;37079;
2020-10-10;194;37273;
2020-10-11;328;37601;
2020-10-12;272;37873;
2020-10-13;204;38077;
2020-10-14;271;38348;
2020-10-15;255;38603;
2020-10-16;264;38867;
2020-10-17;274;39141;
2020-10-18;192;39333;
2020-10-19;244;39577;
2020-10-20;254;39831;
2020-10-21;288;40119;
2020-10-22;223;40342;
2020-10-23;247;40589;
2020-10-24;166;40755;
2020-10-25;220;40975;
2020-10-26;359;41334;
2020-10-27;244;41578;
2020-10-28;211;41789;
2020-10-29;219;42008;
2020-10-30;197;42205;
2020-10-31;239;42542;
2020-11-01;236;42778;
2020-11-02;198;42878;
2020-11-03;240;43118;
2020-11-04;245;43363;
2020-11-05;328;43691;
2020-11-06;265;43956;
2020-11-07;273;44229;
2020-11-08;277;44506;
2020-11-09;270;44776;
2020-11-10;322;45098;
2020-11-11;349;45447;
2020-11-12;286;45733;
2020-11-13;331;46064;
2020-11-14;309;46373;
2020-11-15;278;46651;
2020-11-16;308;46959;
2020-11-17;238;47197;
2020-11-18;230;47427;
2020-11-19;283;47710;
2020-11-20;255;47965;
2020-11-21;268;48233;
2020-11-22;303;48536;
2020-11-23;278;48814;
2020-11-24;244;49058;
2020-11-25;303;49361;
2020-11-26;348;49709;
2020-11-27;416;50125;
2020-11-28;445;50570;
2020-11-29;365;50935;
2020-11-30;338;51273;
2020-12-01;418;51691;
2020-12-02;459;52150;
2020-12-03;452;52602;
2020-12-04;500;53102;
2020-12-05;522;53624;
2020-12-06;486;54110;
2020-12-07;464;54574;
2020-12-08;532;55106;
2020-12-09;589;55695;
2020-12-10;550;56245;
2020-12-11;649;56894;
2020-12-12;737;57631;
2020-12-13;569;58200;
2020-12-14;678;58878;
2020-12-15;560;59438;
2020-12-16;702;60140;
2020-12-17;935;61075;
2020-12-18;817;61892;
2020-12-19;697;62589;
2020-12-20;650;63239;
2020-12-21;753;63992;
2020-12-22;764;64756;
2020-12-23;705;65461;
2020-12-24;882;66343;
2020-12-25;951;67294;
2020-12-26;756;68050;
2020-12-27;804;68854;
2020-12-28;846;69700;
2020-12-29;1001;70701;
2020-12-30;936;71637;
2020-12-31;749;72386;
2021-01-01;1234;73620;
2021-01-02;930;74550;
2021-01-03;793;75343;
2021-01-04;772;76115;
2021-01-05;822;76937;
2021-01-06;1098;78035;
2021-01-07;1281;79316;
2021-01-08;1049;80365;
2021-01-09;824;81189;
2021-01-10;780;81969;
2021-01-11;564;82533;
2021-01-12;865;83398;
2021-01-13;734;84132;
2021-01-14;819;84951;
2021-01-15;717;85668;
2021-01-16;886;86554;
2021-01-17;586;87140;
2021-01-18;472;87612;
2021-01-19;638;88250;
2021-01-20;673;88923;
2021-01-21;767;89690;
2021-01-22;615;90305;
2021-01-23;566;90871;
2021-01-24;431;91302;
2021-01-25;506;91808;
2021-01-26;596;92404;
2021-01-27;455;92859;
2021-01-28;579;93438;
2021-01-29;498;93936;
2021-01-30;557;94493;
2021-01-31;390;94883;
2021-02-01;470;95353;
2021-02-02;561;95914;
2021-02-03;487;96401;
2021-02-04;526;96927;
2021-02-05;552;97479;
2021-02-06;514;97993;
2021-02-07;410;98403;
2021-02-08;335;98738;
2021-02-09;452;99190;
2021-02-10;552;99742;
2021-02-11;477;100219;
2021-02-12;485;100704;
2021-02-13;342;101046;
2021-02-14;354;101400;
2021-02-15;317;101717;
2021-02-16;414;102131;
2021-02-17;332;102463;
2021-02-18;377;102840;
2021-02-19;396;103236;
2021-02-20;392;103628;
2021-02-21;406;104034;
2021-02-22;259;104293;
2021-02-23;419;104712;
2021-02-24;410;105122;
2021-02-25;390;105512;
2021-02-26;399;105911;
2021-02-27;324;106235;
2021-02-28;249;106484;
2021-03-01;260;106744;
2021-03-02;391;107135;
2021-03-03;305;107440;
2021-03-04;372;107812;
2021-03-05;281;108093;
2021-03-06;398;108491;
2021-03-07;269;108760;
2021-03-08;260;109020;
2021-03-09;393;109413;
2021-03-10;315;109728;
2021-03-11;366;110094;
2021-03-12;390;110484;
2021-03-13;279;110763;
2021-03-14;269;111032;
2021-03-15;245;111277;
2021-03-16;339;111616;
2021-03-17;322;111938;
;;;
;;;
;;;
;;;
;;;
;;;
;;;
;;;
;;;
;;;
;;;
;;;
;;;
;;;
;;;
;;;
;;;
;;;
;;;
;;;
;;;
;;;
;;;
;;;
;;;
;;;
;;;
;;;
;;;
;;;
;;;
;;;
;;;
;;;
;;;
;;;
;;;
;;;
;;;
;;;
;;;
;;;
;;;
;;;
;;;
;;;
;;;
;;;
;;;
;;;
;;;
;;;
;;;
;;;
;;;
;;;
;;;
;;;
;;;
;;;
;;;
;;;
;;;
;;;
;;;
;;;
;;;
;;;
;;;
;;;
;;;
;;;
;;;
;;;
;;;
;;;
;;;
;;;
;;;
;;;
;;;
;;;
;;;
;;;
;;;
;;;
;;;
;;;
;;;
;;;
;;;
;;;
;;;
;;;
;;;
;;;
;;;
;;;
;;;
;;;
;;;
;;;
;;;
;;;
;;;
;;;
;;;
;;;
;;;
;;;
;;;
;;;
;;;
;;;
;;;
;;;
;;;
;;;
;;;
;;;
;;;
;;;
;;;
;;;
;;;
;;;
;;;
;;;
;;;
;;;
;;;
;;;
;;;
;;;
;;;
;;;
;;;
;;;
;;;
;;;
