Date;Nouveaux cas;Cumulatif de cas;
2020-02-25;1;1;
2020-02-26;0;1;
2020-02-27;0;1;
2020-02-28;0;1;
2020-02-29;0;1;
2020-03-01;1;2;
2020-03-02;2;4;
2020-03-03;0;4;
2020-03-04;0;4;
2020-03-05;0;4;
2020-03-06;0;4;
2020-03-07;0;4;
2020-03-08;1;5;
2020-03-09;1;6;
2020-03-10;2;8;
2020-03-11;3;11;
2020-03-12;3;14;
2020-03-13;2;16;
2020-03-14;5;21;
2020-03-15;6;27;
2020-03-16;5;32;
2020-03-17;7;39;
2020-03-18;6;45;
2020-03-19;35;80;
2020-03-20;49;129;
2020-03-21;91;220;
2020-03-22;88;308;
2020-03-23;132;440;
2020-03-24;145;585;
2020-03-25;184;769;
2020-03-26;179;948;
2020-03-27;239;1187;
2020-03-28;198;1385;
2020-03-29;258;1643;
2020-03-30;264;1907;
2020-03-31;329;2236;
2020-04-01;303;2539;
2020-04-02;408;2947;
2020-04-03;347;3294;
2020-04-04;340;3634;
2020-04-05;258;3892;
2020-04-06;455;4347;
2020-04-07;421;4768;
2020-04-08;372;5140;
2020-04-09;350;5490;
2020-04-10;305;5795;
2020-04-11;261;6056;
2020-04-12;327;6383;
2020-04-13;542;6925;
2020-04-14;468;7393;
2020-04-15;612;8005;
2020-04-16;496;8501;
2020-04-17;568;9069;
2020-04-18;330;9399;
2020-04-19;428;9827;
2020-04-20;480;10307;
2020-04-21;456;10763;
2020-04-22;529;11292;
2020-04-23;526;11818;
2020-04-24;491;12309;
2020-04-25;312;12621;
2020-04-26;282;12903;
2020-04-27;461;13364;
2020-04-28;470;13834;
2020-04-29;517;14351;
2020-04-30;587;14938;
2020-05-01;613;15551;
2020-05-02;525;16076;
2020-05-03;344;16420;
2020-05-04;419;16839;
2020-05-05;467;17306;
2020-05-06;568;17874;
2020-05-07;429;18303;
2020-05-08;427;18730;
2020-05-09;312;19042;
2020-05-10;297;19339;
2020-05-11;362;19701;
2020-05-12;426;20127;
2020-05-13;400;20527;
2020-05-14;353;20880;
2020-05-15;344;21224;
2020-05-16;271;21495;
2020-05-17;341;21836;
2020-05-18;330;22166;
2020-05-19;319;22485;
2020-05-20;405;22890;
2020-05-21;376;23266;
2020-05-22;256;23522;
2020-05-23;216;23738;
2020-05-24;216;23954;
2020-05-25;203;24157;
2020-05-26;239;24396;
2020-05-27;252;24648;
2020-05-28;193;24841;
2020-05-29;192;25033;
2020-05-30;205;25238;
2020-05-31;140;25378;
2020-06-01;155;25533;
2020-06-02;97;25630;
2020-06-03;114;25744;
2020-06-04;125;25869;
2020-06-05;109;25978;
2020-06-06;105;26083;
2020-06-07;75;26158;
2020-06-08;51;26209;
2020-06-09;78;26287;
2020-06-10;67;26354;
2020-06-11;66;26420;
2020-06-12;71;26491;
2020-06-13;66;26557;
2020-06-14;28;26585;
2020-06-15;56;26641;
2020-06-16;74;26715;
2020-06-17;53;26768;
2020-06-18;48;26816;
2020-06-19;64;26880;
2020-06-20;33;26913;
2020-06-21;27;26940;
2020-06-22;41;26981;
2020-06-23;40;27021;
2020-06-24;29;27050;
2020-06-25;45;27095;
2020-06-26;42;27137;
2020-06-27;30;27167;
2020-06-28;18;27185;
2020-06-29;16;27201;
2020-06-30;39;27240;
2020-07-01;24;27264;
2020-07-02;16;27280;
2020-07-03;17;27297;
2020-07-04;16;27313;
2020-07-05;7;27320;
2020-07-06;16;27336;
2020-07-07;21;27357;
2020-07-08;33;27390;
2020-07-09;52;27442;
2020-07-10;48;27490;
2020-07-11;22;27512;
2020-07-12;13;27525;
2020-07-13;75;27600;
2020-07-14;64;27664;
2020-07-15;69;27733;
2020-07-16;66;27799;
2020-07-17;99;27898;
2020-07-18;97;27995;
2020-07-19;55;28050;
2020-07-20;37;28087;
2020-07-21;61;28148;
2020-07-22;78;28226;
2020-07-23;94;28320;
2020-07-24;69;28389;
2020-07-25;34;28423;
2020-07-26;52;28475;
2020-07-27;33;28508;
2020-07-28;36;28544;
2020-07-29;69;28613;
2020-07-30;58;28671;
2020-07-31;57;28728;
2020-08-01;50;28778;
2020-08-02;31;28809;
2020-08-03;45;28854;
2020-08-04;65;28919;
2020-08-05;46;28965;
2020-08-06;21;28986;
2020-08-07;46;29032;
2020-08-08;35;29067;
2020-08-09;37;29104;
2020-08-10;34;29138;
2020-08-11;36;29174;
2020-08-12;35;29209;
2020-08-13;38;29247;
2020-08-14;30;29277;
2020-08-15;14;29291;
2020-08-16;12;29303;
2020-08-17;17;29320;
2020-08-18;17;29337;
2020-08-19;22;29359;
2020-08-20;34;29393;
2020-08-21;32;29425;
2020-08-22;19;29444;
2020-08-23;21;29465;
2020-08-24;8;29473;
2020-08-25;29;29502;
2020-08-26;41;29543;
2020-08-27;43;29586;
2020-08-28;25;29611;
2020-08-29;54;29665;
2020-08-30;14;29679;
2020-08-31;32;29711;
2020-09-01;36;29747;
2020-09-02;36;29783;
2020-09-03;72;29855;
2020-09-04;49;29904;
2020-09-05;63;29967;
2020-09-06;57;30024;
2020-09-07;50;30074;
2020-09-08;71;30145;
2020-09-09;70;30215;
2020-09-10;90;30305;
2020-09-11;107;30412;
2020-09-12;71;30483;
2020-09-13;97;30580;
2020-09-14;71;30651;
2020-09-15;93;30744;
2020-09-16;79;30823;
2020-09-17;70;30893;
2020-09-18;197;31090;
2020-09-19;141;31231;
2020-09-20;200;31431;
2020-09-21;139;31570;
2020-09-22;168;31738;
2020-09-23;254;31992;
2020-09-24;235;32227;
2020-09-25;286;32513;
2020-09-26;352;32865;
2020-09-27;273;33138;
2020-09-28;281;33419;
2020-09-29;355;33774;
2020-09-30;316;34090;
2020-10-01;311;34401;
2020-10-02;416;34817;
2020-10-03;365;35182;
2020-10-04;298;35480;
2020-10-05;277;35757;
2020-10-06;254;36011;
2020-10-07;301;36312;
2020-10-08;346;36658;
2020-10-09;284;36942;
2020-10-10;193;37135;
2020-10-11;325;37460;
2020-10-12;267;37727;
2020-10-13;200;37927;
2020-10-14;269;38196;
2020-10-15;254;38450;
2020-10-16;262;38712;
2020-10-17;270;38982;
2020-10-18;190;39172;
2020-10-19;241;39413;
2020-10-20;254;39667;
2020-10-21;288;39955;
2020-10-22;222;40177;
2020-10-23;243;40420;
2020-10-24;166;40586;
2020-10-25;219;40805;
2020-10-26;355;41160;
2020-10-27;243;41403;
2020-10-28;211;41614;
2020-10-29;217;41831;
2020-10-30;195;42026;
2020-10-31;236;42542;
2020-11-01;234;42778;
2020-11-02;194;42690;
2020-11-03;239;42929;
2020-11-04;241;43170;
2020-11-05;324;43494;
2020-11-06;263;43757;
2020-11-07;270;44027;
2020-11-08;273;44300;
2020-11-09;267;44567;
2020-11-10;319;44886;
2020-11-11;345;45231;
2020-11-12;282;45513;
2020-11-13;327;45840;
2020-11-14;302;46142;
2020-11-15;275;46417;
2020-11-16;304;46721;
2020-11-17;238;46959;
2020-11-18;229;47188;
2020-11-19;281;47469;
2020-11-20;252;47721;
2020-11-21;260;47981;
2020-11-22;298;48279;
2020-11-23;276;48555;
2020-11-24;243;48798;
2020-11-25;298;49096;
2020-11-26;346;49442;
2020-11-27;413;49855;
2020-11-28;444;50299;
2020-11-29;363;50662;
2020-11-30;335;50997;
2020-12-01;416;51413;
2020-12-02;457;51870;
2020-12-03;446;52316;
2020-12-04;496;52812;
2020-12-05;518;53330;
2020-12-06;483;53813;
2020-12-07;461;54274;
2020-12-08;524;54798;
2020-12-09;580;55378;
2020-12-10;542;55920;
2020-12-11;639;56559;
2020-12-12;728;57287;
2020-12-13;564;57851;
2020-12-14;672;58523;
2020-12-15;554;59077;
2020-12-16;696;59773;
2020-12-17;929;60702;
2020-12-18;806;61508;
2020-12-19;691;62199;
2020-12-20;649;62848;
2020-12-21;748;63596;
2020-12-22;755;64351;
2020-12-23;698;65049;
2020-12-24;867;65916;
2020-12-25;938;66854;
2020-12-26;750;67604;
2020-12-27;801;68405;
2020-12-28;836;69241;
2020-12-29;997;70238;
2020-12-30;928;71166;
2020-12-31;741;71907;
2021-01-01;1218;73125;
2021-01-02;924;74049;
2021-01-03;789;74838;
2021-01-04;767;75605;
2021-01-05;817;76422;
2021-01-06;1087;77509;
2021-01-07;1273;78782;
2021-01-08;1040;79822;
2021-01-09;818;80640;
2021-01-10;777;81417;
2021-01-11;559;81976;
2021-01-12;858;82834;
2021-01-13;728;83562;
2021-01-14;812;84374;
2021-01-15;713;85087;
2021-01-16;878;85965;
2021-01-17;579;86544;
2021-01-18;465;87009;
2021-01-19;630;87639;
2021-01-20;667;88306;
2021-01-21;762;89068;
2021-01-22;606;89674;
2021-01-23;559;90233;
2021-01-24;424;90657;
2021-01-25;502;91159;
2021-01-26;591;91750;
2021-01-27;454;92204;
2021-01-28;574;92778;
2021-01-29;496;93274;
2021-01-30;551;93825;
2021-01-31;389;94214;
2021-02-01;468;94682;
2021-02-02;557;95239;
2021-02-03;481;95720;
2021-02-04;522;96242;
2021-02-05;545;96787;
2021-02-06;510;97297;
2021-02-07;407;97704;
2021-02-08;330;98034;
2021-02-09;449;98483;
2021-02-10;551;99034;
2021-02-11;473;99507;
2021-02-12;477;99984;
2021-02-13;338;100322;
2021-02-14;350;100672;
2021-02-15;319;100991;
2021-02-16;410;101401;
2021-02-17;327;101728;
2021-02-18;373;102101;
2021-02-19;396;102497;
2021-02-20;384;102881;
2021-02-21;401;103282;
2021-02-22;256;103538;
2021-02-23;419;103957;
2021-02-24;408;104365;
2021-02-25;387;104752;
2021-02-26;396;105148;
2021-02-27;320;105468;
2021-02-28;248;105716;
2021-03-01;257;105973;
2021-03-02;390;106363;
2021-03-03;303;106666;
2021-03-04;376;107042;
2021-03-05;280;107322;
2021-03-06;399;107721;
2021-03-07;266;107987;
2021-03-08;260;108247;
2021-03-09;390;108637;
2021-03-10;315;108952;
2021-03-11;364;109316;
2021-03-12;387;109703;
2021-03-13;279;109982;
2021-03-14;267;110249;
2021-03-15;245;110494;
2021-03-16;335;110829;
2021-03-17;312;111141;
2021-03-18;352;111493;
2021-03-19;319;111812;
2021-03-20;266;112078;
2021-03-21;308;112386;
2021-03-22;228;112614;
2021-03-23;335;112949;
2021-03-24;370;113319;
2021-03-25;355;113674;
2021-03-26;360;114034;
2021-03-27;307;114341;
2021-03-28;259;114600;
2021-03-29;304;114904;
2021-03-30;375;115279;
2021-03-31;398;115677;
2021-04-01;359;116036;
2021-04-02;385;116421;
2021-04-03;355;116776;
2021-04-04;299;117075;
2021-04-05;294;117369;
2021-04-06;309;117678;
2021-04-07;404;118082;
2021-04-08;395;118477;
2021-04-09;515;118992;
2021-04-10;298;119290;
2021-04-11;377;119667;
2021-04-12;264;119931;
2021-04-13;375;120306;
2021-04-14;354;120660;
2021-04-15;432;121092;
2021-04-16;367;121459;
2021-04-17;352;121811;
2021-04-18;219;122030;
2021-04-19;253;122283;
2021-04-20;276;122559;
2021-04-21;311;122870;
2021-04-22;316;123186;
2021-04-23;228;123414;
2021-04-24;340;123754;
2021-04-25;201;123955;
2021-04-26;245;124200;
2021-04-27;291;124491;
2021-04-28;312;124803;
2021-04-29;344;125147;
2021-04-30;325;125472;
2021-05-01;264;125736;
2021-05-02;210;125946;
2021-05-03;229;126175;
2021-05-04;238;126413;
2021-05-05;201;126614;
2021-05-06;261;126875;
2021-05-07;282;127157;
2021-05-08;212;127369;
2021-05-09;198;127567;
2021-05-10;190;127757;
2021-05-11;262;128019;
2021-05-12;261;128280;
2021-05-13;146;128426;
;;;
;;;
;;;
;;;
;;;
;;;
;;;
;;;
;;;
;;;
;;;
;;;
;;;
;;;
;;;
;;;
;;;
;;;
;;;
;;;
;;;
;;;
;;;
;;;
;;;
;;;
;;;
;;;
;;;
;;;
;;;
;;;
;;;
;;;
;;;
;;;
;;;
;;;
;;;
;;;
;;;
;;;
;;;
;;;
;;;
;;;
;;;
;;;
;;;
;;;
;;;
;;;
;;;
;;;
;;;
;;;
;;;
;;;
;;;
;;;
;;;
;;;
;;;
;;;
;;;
;;;
;;;
;;;
;;;
;;;
;;;
;;;
;;;
;;;
;;;
;;;
;;;
;;;
;;;
;;;
;;;
;;;
;;;
