Date;Nouveaux cas;Cumulatif de cas;
2020-02-25;1;1;
2020-02-26;0;1;
2020-02-27;0;1;
2020-02-28;0;1;
2020-02-29;0;1;
2020-03-01;1;2;
2020-03-02;2;4;
2020-03-03;0;4;
2020-03-04;0;4;
2020-03-05;0;4;
2020-03-06;0;4;
2020-03-07;0;4;
2020-03-08;1;5;
2020-03-09;1;6;
2020-03-10;2;8;
2020-03-11;3;11;
2020-03-12;3;14;
2020-03-13;2;16;
2020-03-14;5;21;
2020-03-15;6;27;
2020-03-16;5;32;
2020-03-17;7;39;
2020-03-18;6;45;
2020-03-19;36;81;
2020-03-20;49;130;
2020-03-21;91;221;
2020-03-22;88;309;
2020-03-23;132;441;
2020-03-24;145;586;
2020-03-25;185;771;
2020-03-26;180;951;
2020-03-27;240;1191;
2020-03-28;198;1389;
2020-03-29;258;1647;
2020-03-30;264;1911;
2020-03-31;330;2241;
2020-04-01;304;2545;
2020-04-02;408;2953;
2020-04-03;347;3300;
2020-04-04;340;3640;
2020-04-05;258;3898;
2020-04-06;457;4355;
2020-04-07;422;4777;
2020-04-08;373;5150;
2020-04-09;351;5501;
2020-04-10;305;5806;
2020-04-11;261;6067;
2020-04-12;329;6396;
2020-04-13;542;6938;
2020-04-14;468;7406;
2020-04-15;613;8019;
2020-04-16;496;8515;
2020-04-17;571;9086;
2020-04-18;331;9417;
2020-04-19;429;9846;
2020-04-20;483;10329;
2020-04-21;457;10786;
2020-04-22;530;11316;
2020-04-23;527;11843;
2020-04-24;492;12335;
2020-04-25;312;12647;
2020-04-26;282;12929;
2020-04-27;461;13390;
2020-04-28;471;13861;
2020-04-29;518;14379;
2020-04-30;588;14967;
2020-05-01;613;15580;
2020-05-02;526;16106;
2020-05-03;345;16451;
2020-05-04;419;16870;
2020-05-05;468;17338;
2020-05-06;569;17907;
2020-05-07;429;18336;
2020-05-08;429;18765;
2020-05-09;313;19078;
2020-05-10;299;19377;
2020-05-11;365;19742;
2020-05-12;426;20168;
2020-05-13;400;20568;
2020-05-14;353;20921;
2020-05-15;346;21267;
2020-05-16;271;21538;
2020-05-17;343;21881;
2020-05-18;331;22212;
2020-05-19;319;22531;
2020-05-20;407;22938;
2020-05-21;379;23317;
2020-05-22;257;23574;
2020-05-23;216;23790;
2020-05-24;216;24006;
2020-05-25;203;24209;
2020-05-26;240;24449;
2020-05-27;253;24702;
2020-05-28;193;24895;
2020-05-29;193;25088;
2020-05-30;205;25293;
2020-05-31;140;25433;
2020-06-01;155;25588;
2020-06-02;97;25685;
2020-06-03;114;25799;
2020-06-04;128;25927;
2020-06-05;109;26036;
2020-06-06;105;26141;
2020-06-07;75;26216;
2020-06-08;51;26267;
2020-06-09;79;26346;
2020-06-10;67;26413;
2020-06-11;66;26479;
2020-06-12;72;26551;
2020-06-13;66;26617;
2020-06-14;28;26645;
2020-06-15;56;26701;
2020-06-16;74;26775;
2020-06-17;53;26828;
2020-06-18;48;26876;
2020-06-19;64;26940;
2020-06-20;33;26973;
2020-06-21;27;27000;
2020-06-22;41;27041;
2020-06-23;40;27081;
2020-06-24;29;27110;
2020-06-25;45;27155;
2020-06-26;42;27197;
2020-06-27;30;27227;
2020-06-28;18;27245;
2020-06-29;16;27261;
2020-06-30;40;27301;
2020-07-01;24;27325;
2020-07-02;16;27341;
2020-07-03;17;27358;
2020-07-04;16;27374;
2020-07-05;7;27381;
2020-07-06;16;27397;
2020-07-07;21;27418;
2020-07-08;33;27451;
2020-07-09;52;27503;
2020-07-10;49;27552;
2020-07-11;22;27574;
2020-07-12;13;27587;
2020-07-13;75;27662;
2020-07-14;65;27727;
2020-07-15;69;27796;
2020-07-16;66;27862;
2020-07-17;100;27962;
2020-07-18;97;28059;
2020-07-19;55;28114;
2020-07-20;37;28151;
2020-07-21;63;28214;
2020-07-22;78;28292;
2020-07-23;94;28386;
2020-07-24;68;28454;
2020-07-25;34;28488;
2020-07-26;52;28540;
2020-07-27;34;28574;
2020-07-28;37;28611;
2020-07-29;69;28680;
2020-07-30;59;28739;
2020-07-31;57;28796;
2020-08-01;50;28846;
2020-08-02;31;28877;
2020-08-03;45;28922;
2020-08-04;65;28987;
2020-08-05;46;29033;
2020-08-06;21;29054;
2020-08-07;46;29100;
2020-08-08;35;29135;
2020-08-09;37;29172;
2020-08-10;34;29206;
2020-08-11;36;29242;
2020-08-12;35;29277;
2020-08-13;38;29315;
2020-08-14;30;29345;
2020-08-15;14;29359;
2020-08-16;12;29371;
2020-08-17;17;29388;
2020-08-18;17;29405;
2020-08-19;22;29427;
2020-08-20;34;29461;
2020-08-21;32;29493;
2020-08-22;20;29513;
2020-08-23;21;29534;
2020-08-24;8;29542;
2020-08-25;29;29571;
2020-08-26;41;29612;
2020-08-27;43;29655;
2020-08-28;25;29680;
2020-08-29;54;29734;
2020-08-30;14;29748;
2020-08-31;32;29780;
2020-09-01;36;29816;
2020-09-02;36;29852;
2020-09-03;72;29924;
2020-09-04;49;29973;
2020-09-05;63;30036;
2020-09-06;57;30093;
2020-09-07;50;30143;
2020-09-08;71;30214;
2020-09-09;70;30284;
2020-09-10;90;30374;
2020-09-11;109;30483;
2020-09-12;71;30554;
2020-09-13;98;30652;
2020-09-14;71;30723;
2020-09-15;94;30817;
2020-09-16;80;30897;
2020-09-17;71;30968;
2020-09-18;200;31168;
2020-09-19;141;31309;
2020-09-20;203;31512;
2020-09-21;140;31652;
2020-09-22;169;31821;
2020-09-23;254;32075;
2020-09-24;237;32312;
2020-09-25;287;32599;
2020-09-26;352;32951;
2020-09-27;274;33225;
2020-09-28;283;33508;
2020-09-29;356;33864;
2020-09-30;317;34181;
2020-10-01;313;34494;
2020-10-02;417;34911;
2020-10-03;369;35280;
2020-10-04;301;35581;
2020-10-05;279;35860;
2020-10-06;256;36116;
2020-10-07;304;36420;
2020-10-08;348;36768;
2020-10-09;286;37054;
2020-10-10;194;37248;
2020-10-11;327;37575;
2020-10-12;270;37845;
2020-10-13;202;38047;
2020-10-14;270;38317;
2020-10-15;254;38571;
2020-10-16;264;38835;
2020-10-17;273;39108;
2020-10-18;192;39300;
2020-10-19;244;39544;
2020-10-20;254;39798;
2020-10-21;288;40086;
2020-10-22;223;40309;
2020-10-23;247;40556;
2020-10-24;166;40722;
2020-10-25;220;40942;
2020-10-26;357;41299;
2020-10-27;244;41543;
2020-10-28;211;41754;
2020-10-29;219;41973;
2020-10-30;197;42170;
2020-10-31;239;42542;
2020-11-01;236;42778;
2020-11-02;198;42843;
2020-11-03;240;43083;
2020-11-04;245;43328;
2020-11-05;328;43656;
2020-11-06;265;43921;
2020-11-07;273;44194;
2020-11-08;277;44471;
2020-11-09;268;44739;
2020-11-10;322;45061;
2020-11-11;349;45410;
2020-11-12;286;45696;
2020-11-13;329;46025;
2020-11-14;307;46332;
2020-11-15;278;46610;
2020-11-16;308;46918;
2020-11-17;238;47156;
2020-11-18;229;47385;
2020-11-19;283;47668;
2020-11-20;254;47922;
2020-11-21;266;48188;
2020-11-22;303;48491;
2020-11-23;278;48769;
2020-11-24;244;49013;
2020-11-25;303;49316;
2020-11-26;348;49664;
2020-11-27;416;50080;
2020-11-28;445;50525;
2020-11-29;365;50890;
2020-11-30;338;51228;
2020-12-01;418;51646;
2020-12-02;458;52104;
2020-12-03;452;52556;
2020-12-04;500;53056;
2020-12-05;522;53578;
2020-12-06;485;54063;
2020-12-07;464;54527;
2020-12-08;531;55058;
2020-12-09;587;55645;
2020-12-10;548;56193;
2020-12-11;647;56840;
2020-12-12;736;57576;
2020-12-13;567;58143;
2020-12-14;678;58821;
2020-12-15;560;59381;
2020-12-16;700;60081;
2020-12-17;934;61015;
2020-12-18;815;61830;
2020-12-19;697;62527;
2020-12-20;650;63177;
2020-12-21;752;63929;
2020-12-22;763;64692;
2020-12-23;705;65397;
2020-12-24;879;66276;
2020-12-25;949;67225;
2020-12-26;755;67980;
2020-12-27;803;68783;
2020-12-28;844;69627;
2020-12-29;999;70626;
2020-12-30;936;71562;
2020-12-31;748;72310;
2021-01-01;1231;73541;
2021-01-02;927;74468;
2021-01-03;793;75261;
2021-01-04;771;76032;
2021-01-05;822;76854;
2021-01-06;1095;77949;
2021-01-07;1280;79229;
2021-01-08;1049;80278;
2021-01-09;824;81102;
2021-01-10;779;81881;
2021-01-11;564;82445;
2021-01-12;865;83310;
2021-01-13;732;84042;
2021-01-14;816;84858;
2021-01-15;714;85572;
2021-01-16;885;86457;
2021-01-17;584;87041;
2021-01-18;470;87511;
2021-01-19;638;88149;
2021-01-20;673;88822;
2021-01-21;765;89587;
2021-01-22;614;90201;
2021-01-23;565;90766;
2021-01-24;430;91196;
2021-01-25;506;91702;
2021-01-26;594;92296;
2021-01-27;455;92751;
2021-01-28;577;93328;
2021-01-29;498;93826;
2021-01-30;555;94381;
2021-01-31;390;94771;
2021-02-01;470;95241;
2021-02-02;560;95801;
2021-02-03;487;96288;
2021-02-04;525;96813;
2021-02-05;550;97363;
2021-02-06;514;97877;
2021-02-07;410;98287;
2021-02-08;335;98622;
2021-02-09;451;99073;
2021-02-10;552;99625;
2021-02-11;477;100102;
2021-02-12;484;100586;
2021-02-13;342;100928;
2021-02-14;353;101281;
2021-02-15;317;101598;
2021-02-16;414;102012;
2021-02-17;331;102343;
2021-02-18;377;102720;
2021-02-19;396;103116;
2021-02-20;391;103507;
2021-02-21;406;103913;
2021-02-22;258;104171;
2021-02-23;419;104590;
2021-02-24;410;105000;
2021-02-25;390;105390;
2021-02-26;398;105788;
2021-02-27;324;106112;
2021-02-28;249;106361;
2021-03-01;260;106621;
2021-03-02;390;107011;
2021-03-03;305;107316;
2021-03-04;372;107688;
2021-03-05;282;107970;
2021-03-06;398;108368;
2021-03-07;269;108637;
2021-03-08;260;108897;
2021-03-09;393;109290;
2021-03-10;316;109606;
2021-03-11;366;109972;
2021-03-12;391;110363;
2021-03-13;279;110642;
2021-03-14;271;110913;
2021-03-15;245;111158;
2021-03-16;341;111499;
2021-03-17;313;111812;
2021-03-18;355;112167;
2021-03-19;320;112487;
2021-03-20;266;112753;
2021-03-21;309;113062;
2021-03-22;230;113292;
2021-03-23;341;113633;
2021-03-24;368;114001;
2021-03-25;357;114358;
2021-03-26;357;114715;
2021-03-27;306;115021;
2021-03-28;133;115154;
;;;
;;;
;;;
;;;
;;;
;;;
;;;
;;;
;;;
;;;
;;;
;;;
;;;
;;;
;;;
;;;
;;;
;;;
;;;
;;;
;;;
;;;
;;;
;;;
;;;
;;;
;;;
;;;
;;;
;;;
;;;
;;;
;;;
;;;
;;;
;;;
;;;
;;;
;;;
;;;
;;;
;;;
;;;
;;;
;;;
;;;
;;;
;;;
;;;
;;;
;;;
;;;
;;;
;;;
;;;
;;;
;;;
;;;
;;;
;;;
;;;
;;;
;;;
;;;
;;;
;;;
;;;
;;;
;;;
;;;
;;;
;;;
;;;
;;;
;;;
;;;
;;;
;;;
;;;
;;;
;;;
;;;
;;;
;;;
;;;
;;;
;;;
;;;
;;;
;;;
;;;
;;;
;;;
;;;
;;;
;;;
;;;
;;;
;;;
;;;
;;;
;;;
;;;
;;;
;;;
;;;
;;;
;;;
;;;
;;;
;;;
;;;
;;;
;;;
;;;
;;;
;;;
;;;
;;;
;;;
;;;
;;;
;;;
;;;
;;;
;;;
;;;
;;;
;;;
