Date;Nouveaux cas;Cumulatif de cas;;
2020-02-25;1;1;;
2020-02-26;0;1;;
2020-02-27;0;1;;
2020-02-28;0;1;;
2020-02-29;0;1;;
2020-03-01;0;1;;
2020-03-02;2;3;;
2020-03-03;0;3;;
2020-03-04;0;3;;
2020-03-05;0;3;;
2020-03-06;0;3;;
2020-03-07;0;3;;
2020-03-08;1;4;;
2020-03-09;1;5;;
2020-03-10;2;7;;
2020-03-11;3;10;;
2020-03-12;3;13;;
2020-03-13;2;15;;
2020-03-14;5;20;;
2020-03-15;6;26;;
2020-03-16;5;31;;
2020-03-17;7;38;;
2020-03-18;6;44;;
2020-03-19;36;80;;
2020-03-20;49;129;;
2020-03-21;91;220;;
2020-03-22;90;310;;
2020-03-23;133;443;;
2020-03-24;145;588;;
2020-03-25;187;775;;
2020-03-26;180;955;;
2020-03-27;241;1196;;
2020-03-28;200;1396;;
2020-03-29;259;1655;;
2020-03-30;266;1921;;
2020-03-31;331;2252;;
2020-04-01;305;2557;;
2020-04-02;408;2965;;
2020-04-03;348;3313;;
2020-04-04;339;3652;;
2020-04-05;261;3913;;
2020-04-06;456;4369;;
2020-04-07;423;4792;;
2020-04-08;375;5167;;
2020-04-09;349;5516;;
2020-04-10;306;5822;;
2020-04-11;263;6085;;
2020-04-12;331;6416;;
2020-04-13;544;6960;;
2020-04-14;469;7429;;
2020-04-15;613;8042;;
2020-04-16;497;8539;;
2020-04-17;572;9111;;
2020-04-18;330;9441;;
2020-04-19;433;9874;;
2020-04-20;482;10356;;
2020-04-21;461;10817;;
2020-04-22;536;11353;;
2020-04-23;531;11884;;
2020-04-24;495;12379;;
2020-04-25;316;12695;;
2020-04-26;286;12981;;
2020-04-27;462;13443;;
2020-04-28;475;13918;;
2020-04-29;523;14441;;
2020-04-30;589;15030;;
2020-05-01;621;15651;;
2020-05-02;526;16177;;
2020-05-03;346;16523;;
2020-05-04;422;16945;;
2020-05-05;470;17415;;
2020-05-06;568;17983;;
2020-05-07;431;18414;;
2020-05-08;433;18847;;
2020-05-09;315;19162;;
2020-05-10;300;19462;;
2020-05-11;365;19827;;
2020-05-12;431;20258;;
2020-05-13;402;20660;;
2020-05-14;354;21014;;
2020-05-15;346;21360;;
2020-05-16;272;21632;;
2020-05-17;336;21968;;
2020-05-18;333;22301;;
2020-05-19;316;22617;;
2020-05-20;408;23025;;
2020-05-21;381;23406;;
2020-05-22;255;23661;;
2020-05-23;218;23879;;
2020-05-24;216;24095;;
2020-05-25;207;24302;;
2020-05-26;240;24542;;
2020-05-27;254;24796;;
2020-05-28;193;24989;;
2020-05-29;194;25183;;
2020-05-30;206;25389;;
2020-05-31;140;25529;;
2020-06-01;159;25688;;
2020-06-02;97;25785;;
2020-06-03;115;25900;;
2020-06-04;129;26029;;
2020-06-05;108;26137;;
2020-06-06;104;26241;;
2020-06-07;76;26317;;
2020-06-08;51;26368;;
2020-06-09;80;26448;;
2020-06-10;67;26515;;
2020-06-11;66;26581;;
2020-06-12;72;26653;;
2020-06-13;67;26720;;
2020-06-14;28;26748;;
2020-06-15;57;26805;;
2020-06-16;73;26878;;
2020-06-17;53;26931;;
2020-06-18;49;26980;;
2020-06-19;65;27045;;
2020-06-20;33;27078;;
2020-06-21;26;27104;;
2020-06-22;39;27143;;
2020-06-23;40;27183;;
2020-06-24;28;27211;;
2020-06-25;47;27258;;
2020-06-26;42;27300;;
2020-06-27;30;27330;;
2020-06-28;18;27348;;
2020-06-29;16;27364;;
2020-06-30;40;27404;;
2020-07-01;23;27427;;
2020-07-02;16;27443;;
2020-07-03;18;27461;;
2020-07-04;16;27477;;
2020-07-05;7;27484;;
2020-07-06;16;27500;;
2020-07-07;21;27521;;
2020-07-08;33;27554;;
2020-07-09;52;27606;;
2020-07-10;48;27654;;
2020-07-11;22;27676;;
2020-07-12;13;27689;;
2020-07-13;76;27765;;
2020-07-14;66;27831;;
2020-07-15;69;27900;;
2020-07-16;68;27968;;
2020-07-17;102;28070;;
2020-07-18;98;28168;;
2020-07-19;55;28223;;
2020-07-20;37;28260;;
2020-07-21;65;28325;;
2020-07-22;78;28403;;
2020-07-23;98;28501;;
2020-07-24;69;28570;;
2020-07-25;32;28602;;
2020-07-26;52;28654;;
2020-07-27;41;28695;;
2020-07-28;37;28732;;
2020-07-29;72;28804;;
2020-07-30;60;28864;;
2020-07-31;57;28921;;
2020-08-01;50;28971;;
2020-08-02;30;29001;;
2020-08-03;45;29046;;
2020-08-04;64;29110;;
2020-08-05;47;29157;;
2020-08-06;21;29178;;
2020-08-07;46;29224;;
2020-08-08;37;29261;;
2020-08-09;37;29298;;
2020-08-10;33;29331;;
2020-08-11;36;29367;;
2020-08-12;33;29400;;
2020-08-13;38;29438;;
2020-08-14;30;29468;;
2020-08-15;14;29482;;
2020-08-16;12;29494;;
2020-08-17;17;29511;;
2020-08-18;16;29527;;
2020-08-19;22;29549;;
2020-08-20;34;29583;;
2020-08-21;33;29616;;
2020-08-22;20;29636;;
2020-08-23;23;29659;;
2020-08-24;10;29669;;
2020-08-25;30;29699;;
2020-08-26;42;29741;;
2020-08-27;43;29784;;
2020-08-28;24;29808;;
2020-08-29;55;29863;;
2020-08-30;13;29876;;
2020-08-31;32;29908;;
2020-09-01;36;29944;;
2020-09-02;36;29980;;
2020-09-03;71;30051;;
2020-09-04;49;30100;;
2020-09-05;66;30166;;
2020-09-06;59;30225;;
2020-09-07;51;30276;;
2020-09-08;72;30348;;
2020-09-09;70;30418;;
2020-09-10;90;30508;;
2020-09-11;108;30616;;
2020-09-12;71;30687;;
2020-09-13;96;30783;;
2020-09-14;73;30856;;
2020-09-15;94;30950;;
2020-09-16;79;31029;;
2020-09-17;71;31100;;
2020-09-18;200;31300;;
2020-09-19;139;31439;;
2020-09-20;203;31642;;
2020-09-21;141;31783;;
2020-09-22;169;31952;;
2020-09-23;255;32207;;
2020-09-24;233;32440;;
2020-09-25;288;32728;;
2020-09-26;344;33072;;
2020-09-27;275;33347;;
2020-09-28;282;33629;;
2020-09-29;355;33984;;
2020-09-30;315;34299;;
2020-10-01;308;34607;;
2020-10-02;415;35022;;
2020-10-03;372;35394;;
2020-10-04;302;35696;;
2020-10-05;279;35975;;
2020-10-06;254;36229;;
2020-10-07;297;36526;;
2020-10-08;346;36872;;
2020-10-09;286;37158;;
2020-10-10;193;37351;;
2020-10-11;329;37680;;
2020-10-12;268;37948;;
2020-10-13;204;38152;;
2020-10-14;271;38423;;
2020-10-15;253;38676;;
2020-10-16;264;38940;;
2020-10-17;272;39212;;
2020-10-18;193;39405;;
2020-10-19;241;39646;;
2020-10-20;254;39900;;
2020-10-21;287;40187;;
2020-10-22;226;40413;;
2020-10-23;246;40659;;
2020-10-24;166;40825;;
2020-10-25;220;41045;;
2020-10-26;354;41399;;
2020-10-27;245;41644;;
2020-10-28;208;41852;;
2020-10-29;219;42071;;
2020-10-30;197;42268;;
2020-10-31;241;42542;;
2020-11-01;236;42778;;
2020-11-02;198;42943;;
2020-11-03;239;43182;;
2020-11-04;246;43428;;
2020-11-05;325;43753;;
2020-11-06;264;44017;;
2020-11-07;270;44287;;
2020-11-08;276;44563;;
2020-11-09;265;44828;;
2020-11-10;319;45147;;
2020-11-11;348;45495;;
2020-11-12;283;45778;;
2020-11-13;328;46106;;
2020-11-14;303;46409;;
2020-11-15;276;46685;;
2020-11-16;308;46993;;
2020-11-17;239;47232;;
2020-11-18;231;47463;;
2020-11-19;284;47747;;
2020-11-20;254;48001;;
2020-11-21;268;48269;;
2020-11-22;301;48570;;
2020-11-23;276;48846;;
2020-11-24;237;49083;;
2020-11-25;303;49386;;
2020-11-26;347;49733;;
2020-11-27;415;50148;;
2020-11-28;446;50594;;
2020-11-29;364;50958;;
2020-11-30;335;51293;;
2020-12-01;418;51711;;
2020-12-02;457;52168;;
2020-12-03;450;52618;;
2020-12-04;499;53117;;
2020-12-05;516;53633;;
2020-12-06;481;54114;;
2020-12-07;460;54574;;
2020-12-08;529;55103;;
2020-12-09;588;55691;;
2020-12-10;547;56238;;
2020-12-11;647;56885;;
2020-12-12;729;57614;;
2020-12-13;564;58178;;
2020-12-14;678;58856;;
2020-12-15;554;59410;;
2020-12-16;699;60109;;
2020-12-17;928;61037;;
2020-12-18;811;61848;;
2020-12-19;699;62547;;
2020-12-20;651;63198;;
2020-12-21;754;63952;;
2020-12-22;759;64711;;
2020-12-23;700;65411;;
2020-12-24;876;66287;;
2020-12-25;944;67231;;
2020-12-26;754;67985;;
2020-12-27;801;68786;;
2020-12-28;843;69629;;
2020-12-29;999;70628;;
2020-12-30;934;71562;;
2020-12-31;746;72308;;
2021-01-01;1232;73540;;
2021-01-02;926;74466;;
2021-01-03;792;75258;;
2021-01-04;770;76028;;
2021-01-05;821;76849;;
2021-01-06;1093;77942;;
2021-01-07;1279;79221;;
2021-01-08;1049;80270;;
2021-01-09;820;81090;;
2021-01-10;779;81869;;
2021-01-11;566;82435;;
2021-01-12;863;83298;;
2021-01-13;729;84027;;
2021-01-14;817;84844;;
2021-01-15;713;85557;;
2021-01-16;881;86438;;
2021-01-17;584;87022;;
2021-01-18;471;87493;;
2021-01-19;638;88131;;
2021-01-20;671;88802;;
2021-01-21;764;89566;;
2021-01-22;614;90180;;
2021-01-23;562;90742;;
2021-01-24;429;91171;;
2021-01-25;504;91675;;
2021-01-26;593;92268;;
2021-01-27;455;92723;;
2021-01-28;575;93298;;
2021-01-29;499;93797;;
2021-01-30;557;94354;;
2021-01-31;387;94741;;
2021-02-01;470;95211;;
2021-02-02;560;95771;;
2021-02-03;486;96257;;
2021-02-04;524;96781;;
2021-02-05;554;97335;;
2021-02-06;509;97844;;
2021-02-07;404;98248;;
2021-02-08;332;98580;;
2021-02-09;451;99031;;
2021-02-10;550;99581;;
2021-02-11;474;100055;;
2021-02-12;483;100538;;
2021-02-13;344;100882;;
2021-02-14;352;101234;;
2021-02-15;322;101556;;
2021-02-16;412;101968;;
2021-02-17;332;102300;;
2021-02-18;377;102677;;
2021-02-19;397;103074;;
2021-02-20;390;103464;;
2021-02-21;403;103867;;
2021-02-22;263;104130;;
2021-02-23;421;104551;;
2021-02-24;409;104960;;
2021-02-25;388;105348;;
2021-02-26;401;105749;;
2021-02-27;324;106073;;
2021-02-28;249;106322;;
2021-03-01;258;106580;;
2021-03-02;392;106972;;
2021-03-03;302;107274;;
2021-03-04;375;107649;;
2021-03-05;280;107929;;
2021-03-06;400;108329;;
2021-03-07;267;108596;;
2021-03-08;260;108856;;
2021-03-09;390;109246;;
2021-03-10;316;109562;;
2021-03-11;362;109924;;
2021-03-12;390;110314;;
2021-03-13;278;110592;;
2021-03-14;271;110863;;
2021-03-15;244;111107;;
2021-03-16;340;111447;;
2021-03-17;315;111762;;
2021-03-18;355;112117;;
2021-03-19;319;112436;;
2021-03-20;268;112704;;
2021-03-21;307;113011;;
2021-03-22;227;113238;;
2021-03-23;339;113577;;
2021-03-24;369;113946;;
2021-03-25;354;114300;;
2021-03-26;361;114661;;
2021-03-27;310;114971;;
2021-03-28;262;115233;;
2021-03-29;307;115540;;
2021-03-30;378;115918;;
2021-03-31;402;116320;;
2021-04-01;357;116677;;
2021-04-02;386;117063;;
2021-04-03;356;117419;;
2021-04-04;300;117719;;
2021-04-05;293;118012;;
2021-04-06;311;118323;;
2021-04-07;405;118728;;
2021-04-08;392;119120;;
2021-04-09;515;119635;;
2021-04-10;296;119931;;
2021-04-11;377;120308;;
2021-04-12;261;120569;;
2021-04-13;373;120942;;
2021-04-14;354;121296;;
2021-04-15;431;121727;;
2021-04-16;367;122094;;
2021-04-17;351;122445;;
2021-04-18;217;122662;;
2021-04-19;253;122915;;
2021-04-20;273;123188;;
2021-04-21;312;123500;;
2021-04-22;316;123816;;
2021-04-23;228;124044;;
2021-04-24;341;124385;;
2021-04-25;198;124583;;
2021-04-26;245;124828;;
2021-04-27;292;125120;;
2021-04-28;310;125430;;
2021-04-29;343;125773;;
2021-04-30;323;126096;;
2021-05-01;262;126358;;
2021-05-02;211;126569;;
2021-05-03;224;126793;;
2021-05-04;237;127030;;
2021-05-05;200;127230;;
2021-05-06;259;127489;;
2021-05-07;279;127768;;
2021-05-08;212;127980;;
2021-05-09;196;128176;;
2021-05-10;188;128364;;
2021-05-11;261;128625;;
2021-05-12;261;128886;;
2021-05-13;291;129177;;
2021-05-14;243;129420;;
2021-05-15;207;129627;;
2021-05-16;186;129813;;
2021-05-17;190;130003;;
2021-05-18;206;130209;;
2021-05-19;263;130472;;
2021-05-20;248;130720;;
2021-05-21;196;130916;;
2021-05-22;181;131097;;
2021-05-23;113;131210;;
2021-05-24;155;131365;;
2021-05-25;164;131529;;
2021-05-26;154;131683;;
2021-05-27;146;131829;;
2021-05-28;140;131969;;
2021-05-29;83;132052;;
2021-05-30;80;132132;;
2021-05-31;83;132215;;
2021-06-01;107;132322;;
2021-06-02;99;132421;;
2021-06-03;84;132505;;
2021-06-04;87;132592;;
2021-06-05;73;132665;;
2021-06-06;49;132714;;
2021-06-07;59;132773;;
2021-06-08;56;132829;;
2021-06-09;42;132871;;
2021-06-10;64;132935;;
2021-06-11;67;133002;;
2021-06-12;51;133053;;
2021-06-13;35;133088;;
2021-06-14;36;133124;;
2021-06-15;62;133186;;
2021-06-16;45;133231;;
2021-06-17;57;133288;;
2021-06-18;50;133338;;
2021-06-19;24;133362;;
2021-06-20;27;133389;;
2021-06-21;28;133417;;
2021-06-22;45;133462;;
2021-06-23;28;133490;;
2021-06-24;27;133517;;
2021-06-25;35;133552;;
2021-06-26;35;133587;;
2021-06-27;13;133600;;
2021-06-28;38;133638;;
2021-06-29;40;133678;;
2021-06-30;26;133704;;
2021-07-01;25;133729;;
2021-07-02;26;133755;;
2021-07-03;23;133778;;
2021-07-04;12;133790;;
2021-07-05;22;133812;;
2021-07-06;30;133842;;
2021-07-07;29;133871;;
2021-07-08;33;133904;;
2021-07-09;25;133929;;
2021-07-10;18;133947;;
2021-07-11;20;133967;;
2021-07-12;27;133994;;
2021-07-13;31;134025;;
2021-07-14;32;134057;;
2021-07-15;40;134097;;
2021-07-16;30;134127;;
2021-07-17;32;134159;;
2021-07-18;35;134194;;
2021-07-19;28;134222;;
2021-07-20;54;134276;;
2021-07-21;53;134329;;
2021-07-22;48;134377;;
2021-07-23;46;134423;;
2021-07-24;33;134456;;
2021-07-25;35;134491;;
2021-07-26;40;134531;;
2021-07-27;52;134583;;
2021-07-28;48;134631;;
2021-07-29;16;134647;;
2021-07-30;106;134753;;
2021-07-31;52;134805;;
2021-08-01;43;134848;;
2021-08-02;54;134902;;
2021-08-03;52;134954;;
2021-08-04;94;135048;;
2021-08-05;103;135151;;
2021-08-06;92;135243;;
2021-08-07;86;135329;;
2021-08-08;69;135398;;
2021-08-09;86;135484;;
2021-08-10;105;135589;;
2021-08-11;152;135741;;
2021-08-12;143;135884;;
2021-08-13;158;136042;;
2021-08-14;142;136184;;
2021-08-15;135;136319;;
2021-08-16;138;136457;;
2021-08-17;148;136605;;
2021-08-18;201;136806;;
2021-08-19;179;136985;;
2021-08-20;208;137193;;
2021-08-21;157;137350;;
2021-08-22;129;137479;;
2021-08-23;160;137639;;
2021-08-24;217;137856;;
2021-08-25;225;138081;;
2021-08-26;246;138327;;
2021-08-27;200;138527;;
2021-08-28;154;138681;;
2021-08-29;133;138814;;
2021-08-30;181;138995;;
2021-08-31;246;139241;;
2021-09-01;274;139515;;
2021-09-02;245;139760;;
2021-09-03;249;140009;;
2021-09-04;204;140213;;
2021-09-05;192;140405;;
2021-09-06;182;140587;;
2021-09-07;203;140790;;
2021-09-08;238;141028;;
2021-09-09;315;141343;;
2021-09-10;286;141629;;
2021-09-11;236;141865;;
2021-09-12;203;142068;;
2021-09-13;233;142301;;
2021-09-14;249;142550;;
2021-09-15;318;142868;;
2021-09-16;284;143152;;
2021-09-17;266;143418;;
2021-09-18;261;143679;;
2021-09-19;212;143891;;
2021-09-20;207;144098;;
2021-09-21;227;144325;;
2021-09-22;251;144576;;
2021-09-23;210;144786;;
2021-09-24;268;145054;;
2021-09-25;210;145264;;
2021-09-26;137;145401;;
2021-09-27;140;145541;;
2021-09-28;188;145729;;
2021-09-29;234;145963;;
2021-09-30;189;146152;;
2021-10-01;149;146301;;
2021-10-02;119;146420;;
2021-10-03;127;146547;;
2021-10-04;119;146666;;
2021-10-05;130;146796;;
2021-10-06;161;146957;;
2021-10-07;175;147132;;
2021-10-08;155;147287;;
2021-10-09;154;147441;;
2021-10-10;91;147532;;
2021-10-11;129;147661;;
2021-10-12;156;147817;;
2021-10-13;146;147963;;
2021-10-14;192;148155;;
2021-10-15;207;148362;;
2021-10-16;142;148504;;
2021-10-17;95;148599;;
2021-10-18;121;148720;;
2021-10-19;119;148839;;
2021-10-20;142;148981;;
2021-10-21;89;149070;;
2021-10-22;120;149190;;
2021-10-23;99;149289;;
2021-10-24;102;149391;;
2021-10-25;103;149494;;
2021-10-26;147;149641;;
2021-10-27;141;149782;;
2021-10-28;168;149950;;
2021-10-29;138;150088;;
2021-10-30;143;150231;;
2021-10-31;140;150371;;
2021-11-01;123;150494;;
2021-11-02;111;150605;;
2021-11-03;164;150769;;
2021-11-04;153;150922;;
2021-11-05;165;151087;;
2021-11-06;205;151292;;
2021-11-07;179;151471;;
2021-11-08;153;151624;;
2021-11-09;233;151857;;
2021-11-10;212;152069;;
2021-11-11;197;152266;;
2021-11-12;188;152454;;
2021-11-13;168;152622;;
2021-11-14;141;152763;;
2021-11-15;135;152898;;
2021-11-16;268;153166;;
2021-11-17;238;153404;;
2021-11-18;191;153595;;
2021-11-19;256;153851;;
2021-11-20;206;154057;;
2021-11-21;216;154273;;
2021-11-22;179;154452;;
2021-11-23;237;154689;;
2021-11-24;302;154991;;
2021-11-25;302;155293;;
2021-11-26;245;155538;;
2021-11-27;219;155757;;
2021-11-28;223;155980;;
2021-11-29;291;156271;;
2021-11-30;339;156610;;
2021-12-01;385;156995;;
2021-12-02;409;157404;;
2021-12-03;384;157788;;
2021-12-04;387;158175;;
2021-12-05;341;158516;;
2021-12-06;345;158861;;
2021-12-07;403;159264;;
2021-12-08;498;159762;;
2021-12-09;559;160321;;
2021-12-10;546;160867;;
2021-12-11;448;161315;;
2021-12-12;414;161729;;
2021-12-13;724;162453;;
2021-12-14;915;163368;;
2021-12-15;974;164342;;
2021-12-16;1147;165489;;
2021-12-17;1164;166653;;
2021-12-18;1611;168264;;
2021-12-19;1414;169678;;
2021-12-20;2022;171700;;
2021-12-21;2428;174128;;
2021-12-22;3329;177457;;
2021-12-23;3320;180777;;
2021-12-24;3385;184162;;
2021-12-25;3049;187211;;
2021-12-26;2954;190165;;
2021-12-27;3901;194066;;
2021-12-28;4640;198706;;
2021-12-29;4618;203324;;
2021-12-30;4413;207737;;
2021-12-31;3929;211666;;
2022-01-01;3684;215350;;
2022-01-02;3853;219203;;
2022-01-03;3604;222807;;
2022-01-04;4305;227112;;
2022-01-05;4457;231569;;
2022-01-06;3807;235376;;
2022-01-07;3200;238576;;
2022-01-08;2522;241098;;
2022-01-09;3259;244357;;
2022-01-10;3283;247640;;
2022-01-11;2164;249804;;
2022-01-12;2028;251832;;
2022-01-13;1928;253760;;
2022-01-14;1735;255495;;
2022-01-15;1309;256804;;
2022-01-16;1168;257972;;
2022-01-17;950;258922;;
2022-01-18;704;259626;;
;;;;
;;;;
;;;;
;;;;
;;;;
;;;;
;;;;
;;;;
;;;;
;;;;
;;;;
;;;;
;;;;
;;;;
;;;;
;;;;
;;;;
;;;;
;;;;
;;;;
;;;;
;;;;
;;;;
;;;;
;;;;
;;;;
;;;;
;;;;
;;;;
;;;;
;;;;
;;;;
;;;;
;;;;
;;;;
;;;;
;;;;
;;;;
;;;;
;;;;
;;;;
;;;;
;;;;
;;;;
;;;;
;;;;
;;;;
;;;;
;;;;
;;;;
;;;;
;;;;
;;;;
;;;;
;;;;
;;;;
;;;;
;;;;
;;;;
;;;;
;;;;
;;;;
;;;;
;;;;
;;;;
;;;;
;;;;
;;;;
;;;;
;;;;
;;;;
;;;;
;;;;
;;;;
;;;;
;;;;
;;;;
;;;;
;;;;
;;;;
;;;;
;;;;
;;;;
;;;;
;;;;
;;;;
;;;;
;;;;
;;;;
;;;;
;;;;
;;;;
;;;;
;;;;
;;;;
;;;;
;;;;
;;;;
;;;;
;;;;
;;;;
;;;;
;;;;
;;;;
;;;;
;;;;
;;;;
;;;;
;;;;
;;;;
;;;;
;;;;
;;;;
;;;;
;;;;
;;;;
;;;;
;;;;
;;;;
;;;;
;;;;
;;;;
;;;;
;;;;
;;;;
;;;;
;;;;
;;;;
;;;;
;;;;
;;;;
;;;;
;;;;
