date,Regroupement,Croisement,Nom,cas_cum_lab_n,cas_cum_epi_n,cases,cas_cum_tot_t,cas_quo_tot_t,cas_quo_lab_n,cas_quo_epi_n,new_cases,active_cases,act_cum_tot_t,cas_quo_tot_m,cas_quo_tot_tm,recovered,new_recovered,deaths,dec_cum_tot_t,dec_quo_tot_t,deaths_chsld,deaths_psr,deaths_home,deaths_other,new_deaths,dec_quo_chs_n,dec_quo_rpa_n,dec_quo_dom_n,dec_quo_aut_n,dec_quo_tot_m,dec_quo_tot_tm,hos_cum_reg_n,hos_cum_si_n,hos_cum_tot_n,hos_cum_tot_t,hos_quo_tot_t,hos_quo_reg_n,hos_quo_si_n,hos_quo_tot_n,hos_quo_tot_m,psi_cum_tes_n,psi_cum_pos_n,negative_tests,psi_quo_pos_n,new_negative_tests,psi_quo_tes_n,psi_quo_pos_t,psi_cum_adm_n,hos_act_reg_n,hos_act_si_n,hos_act_tot_n,psi_heb_pos_t
2020-12-29,Région,RSS06,Montréal,67622.0,2780.0,70402,3408.21,25.85,534.0,0.0,534,7494,362.79,na,na,58526,647,3833,185.56,0.0,2753,492,431,157,0,0.0,0.0,0.0,0.0,na,na,4994.0,947.0,5941.0,287.61,0.0,0.0,0.0,0.0,na,686832.0,67222.0,619610,0.0,0,0.0,na,na,na,na,na,na
2020-12-30,Région,RSS06,Montréal,68554.0,2784.0,71338,3453.53,22.85,470.0,2.0,472,7766,375.96,na,na,59170,632,3847,186.24,0.19,2758,495,435,159,4,1.0,2.0,1.0,0.0,na,na,5073.0,964.0,6037.0,292.26,0.0,0.0,0.0,0.0,na,689476.0,68215.0,621261,0.0,0,0.0,na,na,na,na,na,na
2021-01-03,Région,RSS06,Montréal,72399.0,2791.0,75190,3617.58,21.55,448.0,0.0,448,8392,403.76,na,na,62359,585,3881,186.72,0.19,2765,503,453,160,4,2.0,2.0,0.0,0.0,na,na,5223.0,998.0,6221.0,299.31,0.0,0.0,0.0,0.0,na,698346.0,71656.0,626690,0.0,0,0.0,na,na,na,na,na,na
2021-01-04,Région,RSS06,Montréal,73189.0,2791.0,75980,3655.58,21.12,439.0,0.0,439,8660,416.65,na,na,62864,498,3893,187.3,0.05,2768,503,461,161,1,0.0,0.0,1.0,0.0,na,na,5266.0,1003.0,6269.0,301.62,0.0,0.0,0.0,0.0,na,700367.0,72436.0,627931,0.0,0,0.0,na,na,na,na,na,na
2021-01-05,Région,RSS06,Montréal,74035.0,2791.0,76826,3696.29,24.39,507.0,0.0,507,8768,421.85,na,na,63577,700,3909,188.07,0.05,2770,508,470,161,1,0.0,1.0,0.0,0.0,na,na,5330.0,1012.0,6342.0,305.13,0.0,0.0,0.0,0.0,na,702137.0,73105.0,629032,0.0,0,0.0,na,na,na,na,na,na
2021-01-06,Région,RSS06,Montréal,74903.0,2792.0,77695,3738.1,27.76,576.0,1.0,577,8961,431.14,na,na,64221,640,3933,189.23,0.14,2780,515,475,163,3,0.0,2.0,0.0,1.0,na,na,5395.0,1022.0,6417.0,308.74,0.0,0.0,0.0,0.0,na,704583.0,73981.0,630602,0.0,0,0.0,na,na,na,na,na,na
2021-01-07,Région,RSS06,Montréal,75738.0,2794.0,78532,3778.37,20.69,428.0,2.0,430,8569,412.28,na,na,65421,1161,3944,189.76,0.1,2782,519,480,163,2,1.0,0.0,1.0,0.0,na,na,5441.0,1026.0,6467.0,311.14,0.0,0.0,0.0,0.0,na,707264.0,74870.0,632394,0.0,0,0.0,na,na,na,na,na,na
2021-01-08,Région,RSS06,Montréal,77269.0,2794.0,80063,3852.03,28.29,588.0,0.0,588,8985,432.29,na,na,66524,1092,3953,190.19,0.05,2785,523,482,163,1,0.0,1.0,0.0,0.0,na,na,5493.0,1036.0,6529.0,314.13,0.0,0.0,0.0,0.0,na,709990.0,75904.0,634086,0.0,0,0.0,na,na,na,na,na,na
2021-01-09,Région,RSS06,Montréal,78338.0,2795.0,81133,3903.51,27.71,576.0,0.0,576,9016,433.78,na,na,67541,1027,3963,190.67,0.24,2789,523,486,165,5,1.0,0.0,3.0,1.0,na,na,5565.0,1047.0,6612.0,318.12,0.0,0.0,0.0,0.0,na,712612.0,76831.0,635781,0.0,0,0.0,na,na,na,na,na,na
2021-01-10,Région,RSS06,Montréal,79085.0,2798.0,81883,3939.59,24.3,504.0,1.0,505,9063,436.04,na,na,68241,684,3969,190.96,0.05,2788,524,490,167,1,0.0,0.0,1.0,0.0,na,na,5630.0,1052.0,6682.0,321.49,0.0,0.0,0.0,0.0,na,714445.0,77512.0,636933,0.0,0,0.0,na,na,na,na,na,na
2021-01-11,Région,RSS06,Montréal,79684.0,2796.0,82480,3968.32,16.74,348.0,0.0,348,8980,432.05,na,na,68905,670,3978,191.39,0.1,2790,525,494,169,2,0.0,0.0,2.0,0.0,na,na,5679.0,1064.0,6743.0,324.42,0.0,0.0,0.0,0.0,na,716290.0,78175.0,638115,0.0,0,0.0,na,na,na,na,na,na
2021-01-12,Région,RSS06,Montréal,80407.0,2800.0,83207,4003.29,24.15,499.0,3.0,502,8866,426.57,na,na,69731,813,3987,191.82,0.0,2793,526,497,171,0,0.0,0.0,0.0,0.0,na,na,5721.0,1073.0,6794.0,326.88,0.0,0.0,0.0,0.0,na,718331.0,78839.0,639492,0.0,0,0.0,na,na,na,na,na,na
2021-01-13,Région,RSS06,Montréal,81217.0,2801.0,84018,4042.31,21.79,452.0,1.0,453,8848,425.7,na,na,70533,784,4008,192.83,0.19,2797,530,509,172,4,0.0,1.0,2.0,1.0,na,na,5770.0,1083.0,6853.0,329.71,0.0,0.0,0.0,0.0,na,720317.0,79512.0,640805,0.0,0,0.0,na,na,na,na,na,na
2021-01-14,Région,RSS06,Montréal,81972.0,2806.0,84778,4078.88,20.06,413.0,4.0,417,8430,405.59,na,na,71672,1092,4034,194.09,0.19,2810,535,517,172,4,4.0,0.0,0.0,0.0,na,na,5826.0,1094.0,6920.0,332.94,0.0,0.0,0.0,0.0,na,722373.0,80188.0,642185,0.0,0,0.0,na,na,na,na,na,na
2021-01-15,Région,RSS06,Montréal,82927.0,2806.0,85733,4124.82,26.27,546.0,0.0,546,8412,404.72,na,na,72648,957,4039,194.33,0.05,2812,536,519,172,1,0.0,0.0,1.0,0.0,na,na,5894.0,1100.0,6994.0,336.5,0.0,0.0,0.0,0.0,na,724962.0,81021.0,643941,0.0,0,0.0,na,na,na,na,na,na
2021-01-16,Région,RSS06,Montréal,83682.0,2808.0,86490,4161.25,28.19,586.0,0.0,586,8209,394.96,na,na,73578,917,4069,195.77,0.14,2818,543,536,172,3,1.0,1.0,1.0,0.0,na,na,5937.0,1108.0,7045.0,338.95,0.0,0.0,0.0,0.0,na,727744.0,81682.0,646062,0.0,0,0.0,na,na,na,na,na,na
2021-01-17,Région,RSS06,Montréal,84328.0,2809.0,87137,4192.37,17.42,362.0,0.0,362,7988,384.32,na,na,74431,852,4080,196.3,0.1,2819,544,543,174,2,0.0,0.0,0.0,2.0,na,na,5967.0,1115.0,7082.0,340.73,0.0,0.0,0.0,0.0,na,729853.0,82330.0,647523,0.0,0,0.0,na,na,na,na,na,na
2021-01-18,Région,RSS06,Montréal,84807.0,2809.0,87616,4215.42,12.61,262.0,0.0,262,7585,364.93,na,na,75293,857,4099,197.21,0.29,2823,551,552,173,6,2.0,2.0,2.0,0.0,na,na,6011.0,1118.0,7129.0,342.99,0.0,0.0,0.0,0.0,na,731582.0,82857.0,648725,0.0,0,0.0,na,na,na,na,na,na
2021-01-19,Région,RSS06,Montréal,85434.0,2811.0,88245,4245.68,19.92,412.0,2.0,414,7428,357.38,na,na,76060,754,4115,197.98,0.24,2828,555,558,174,5,2.0,1.0,2.0,0.0,na,na,6052.0,1123.0,7175.0,345.21,0.0,0.0,0.0,0.0,na,733593.0,83385.0,650208,0.0,0,0.0,na,na,na,na,na,na
2021-01-20,Région,RSS06,Montréal,86111.0,2813.0,88924,4278.35,22.18,459.0,2.0,461,7417,356.85,na,na,76732,676,4135,198.94,0.14,2833,560,568,174,3,2.0,0.0,1.0,0.0,na,na,6091.0,1131.0,7222.0,347.47,0.0,0.0,0.0,0.0,na,735907.0,83959.0,651948,0.0,0,0.0,na,na,na,na,na,na
2021-01-21,Région,RSS06,Montréal,86789.0,2816.0,89605,4311.12,22.42,462.0,4.0,466,7341,353.19,na,na,77459,727,4165,200.39,0.24,2838,564,586,177,5,0.0,1.0,3.0,1.0,na,na,6135.0,1146.0,7281.0,350.31,0.0,0.0,0.0,0.0,na,738290.0,84612.0,653678,0.0,0,0.0,na,na,na,na,na,na
2021-01-22,Région,RSS06,Montréal,87453.0,2821.0,90274,4343.3,17.18,355.0,2.0,357,7279,350.21,na,na,78152,699,4203,202.22,0.29,2854,572,598,179,6,3.0,1.0,2.0,0.0,na,na,6180.0,1150.0,7330.0,352.66,0.0,0.0,0.0,0.0,na,742988.0,85575.0,657413,0.0,0,0.0,na,na,na,na,na,na
2021-01-23,Région,RSS06,Montréal,88031.0,2823.0,90854,4371.21,17.13,355.0,1.0,356,7076,340.44,na,na,78924,762,4214,202.75,0.1,2858,573,604,179,2,2.0,0.0,0.0,0.0,na,na,6210.0,1158.0,7368.0,354.49,0.0,0.0,0.0,0.0,na,754401.0,88361.0,666040,0.0,0,0.0,na,na,na,na,na,na
2021-01-24,Région,RSS06,Montréal,88509.0,2823.0,91332,4394.21,11.4,236.0,1.0,237,6885,331.25,na,na,79577,634,4231,203.56,0.19,2865,575,611,180,4,2.0,1.0,1.0,0.0,na,na,6227.0,1167.0,7394.0,355.74,0.0,0.0,0.0,0.0,na,756542.0,88834.0,667708,0.0,0,0.0,na,na,na,na,na,na
2021-01-25,Région,RSS06,Montréal,88984.0,2827.0,91811,4417.25,13.76,282.0,4.0,286,6604,317.73,na,na,80313,732,4250,204.48,0.05,2871,582,616,181,1,0.0,1.0,0.0,0.0,na,na,6250.0,1172.0,7422.0,357.09,0.0,0.0,0.0,0.0,na,758890.0,89325.0,669565,0.0,0,0.0,na,na,na,na,na,na
2021-01-26,Région,RSS06,Montréal,89535.0,2827.0,92362,4443.76,16.02,331.0,2.0,333,6656,320.24,na,na,80810,500,4257,204.81,0.05,2873,583,619,182,1,0.0,0.0,1.0,0.0,na,na,6289.0,1180.0,7469.0,359.35,0.0,0.0,0.0,0.0,na,761265.0,89846.0,671419,0.0,0,0.0,na,na,na,na,na,na
2021-01-27,Région,RSS06,Montréal,90080.0,2828.0,92908,4470.03,13.86,287.0,1.0,288,6585,316.82,na,na,81420,607,4267,205.3,0.14,2877,590,618,182,3,1.0,2.0,0.0,0.0,na,na,6318.0,1185.0,7503.0,360.99,0.0,0.0,0.0,0.0,na,763754.0,90387.0,673367,0.0,0,0.0,na,na,na,na,na,na
2021-01-28,Région,RSS06,Montréal,90612.0,2833.0,93445,4509.76,17.85,369.0,2.0,371,6353,305.66,na,na,82180,739,4280,206.56,0.14,2881,598,619,182,3,1.0,1.0,1.0,0.0,na,na,6340.0,1187.0,7527.0,363.26,0.0,0.0,0.0,0.0,na,766680.0,90929.0,675751,0.0,0,0.0,na,na,na,na,na,na
2021-01-29,Région,RSS06,Montréal,91190.0,2832.0,94022,4537.61,18.09,375.0,1.0,376,6247,300.56,na,na,82850,657,4292,207.14,0.19,2885,601,624,182,4,1.0,1.0,2.0,0.0,na,na,6364.0,1194.0,7558.0,364.76,0.0,0.0,0.0,0.0,na,769731.0,91518.0,678213,0.0,0,0.0,na,na,na,na,na,na
2021-01-30,Région,RSS06,Montréal,91685.0,2833.0,94518,4561.55,17.99,372.0,2.0,374,6112,294.06,na,na,83475,606,4300,207.52,0.0,2887,601,629,183,0,0.0,0.0,0.0,0.0,na,na,6391.0,1199.0,7590.0,366.3,0.0,0.0,0.0,0.0,na,772140.0,91987.0,680153,0.0,0,0.0,na,na,na,na,na,na
2021-01-31,Région,RSS06,Montréal,92027.0,2834.0,94861,4578.1,8.28,172.0,0.0,172,5867,282.28,na,na,84051,576,4311,208.05,0.24,2889,603,635,184,5,1.0,0.0,4.0,0.0,na,na,6410.0,1203.0,7613.0,367.41,0.0,0.0,0.0,0.0,na,774441.0,92406.0,682035,0.0,0,0.0,na,na,na,na,na,na
2021-02-01,Région,RSS06,Montréal,92561.0,2835.0,95396,4603.92,15.25,316.0,1.0,317,5826,280.3,na,na,84617,563,4317,208.34,0.1,2892,603,637,185,2,1.0,0.0,1.0,0.0,na,na,6438.0,1207.0,7645.0,368.96,0.0,0.0,0.0,0.0,na,776347.0,92834.0,683513,0.0,0,0.0,na,na,na,na,na,na
2021-02-02,Région,RSS06,Montréal,93053.0,2837.0,95890,4627.76,16.7,345.0,2.0,347,5837,280.83,na,na,85095,465,4324,208.68,0.0,2894,605,639,186,0,0.0,0.0,0.0,0.0,na,na,6458.0,1209.0,7667.0,370.02,0.0,0.0,0.0,0.0,na,778773.0,93399.0,685374,0.0,0,0.0,na,na,na,na,na,na
2021-02-03,Région,RSS06,Montréal,93581.0,2841.0,96422,4653.44,15.06,312.0,1.0,313,5909,284.3,na,na,85543,425,4335,209.21,0.19,2898,607,644,186,4,2.0,0.0,2.0,0.0,na,na,6495.0,1211.0,7706.0,371.9,0.0,0.0,0.0,0.0,na,781484.0,93872.0,687612,0.0,0,0.0,na,na,na,na,na,na
2021-02-04,Région,RSS06,Montréal,94070.0,2842.0,96912,4677.08,16.21,336.0,1.0,337,5679,273.23,na,na,86255,710,4343,209.6,0.1,2898,611,648,186,2,0.0,2.0,0.0,0.0,na,na,6528.0,1216.0,7744.0,373.73,0.0,0.0,0.0,0.0,na,784225.0,94448.0,689777,0.0,0,0.0,na,na,na,na,na,na
2021-02-05,Région,RSS06,Montréal,94674.0,2843.0,97517,4706.28,19.92,413.0,1.0,414,5690,273.76,na,na,86855,581,4347,209.79,0.1,2897,613,651,186,2,0.0,1.0,1.0,0.0,na,na,6552.0,1219.0,7771.0,375.04,0.0,0.0,0.0,0.0,na,786985.0,95002.0,691983,0.0,0,0.0,na,1595151.0,na,na,na,na
2021-02-06,Région,RSS06,Montréal,95149.0,2844.0,97993,4729.25,16.12,335.0,0.0,335,5606,269.72,na,na,87401,529,4361,210.47,0.05,2900,616,658,187,1,0.0,0.0,1.0,0.0,na,na,6574.0,1222.0,7796.0,376.24,0.0,0.0,0.0,0.0,na,789593.0,95558.0,694035,0.0,0,0.0,na,1603506.0,na,na,na,na
2021-02-07,Région,RSS06,Montréal,95541.0,2845.0,98386,4748.22,10.1,210.0,0.0,210,5459,262.65,na,na,87937,527,4366,210.71,0.0,2899,618,661,188,0,0.0,0.0,0.0,0.0,na,na,6592.0,1227.0,7819.0,377.35,0.0,0.0,0.0,0.0,na,791638.0,95953.0,695685,0.0,0,0.0,na,1609841.0,na,na,na,na
2021-02-08,Région,RSS06,Montréal,95921.0,2846.0,98767,4766.61,8.95,186.0,0.0,186,5304,255.19,na,na,88462,524,4378,211.29,0.1,2900,622,667,189,2,0.0,1.0,1.0,0.0,na,na,6645.0,1234.0,7879.0,380.25,0.0,0.0,0.0,0.0,na,793399.0,96340.0,697059,0.0,0,0.0,na,1614854.0,na,na,na,na
2021-02-09,Région,RSS06,Montréal,96419.0,2847.0,99266,4790.69,16.94,352.0,0.0,352,5415,260.53,na,na,88839,376,4389,211.82,0.05,2902,625,672,190,1,0.0,1.0,0.0,0.0,na,na,6649.0,1234.0,7883.0,380.44,0.0,0.0,0.0,0.0,na,795503.0,96802.0,698701,0.0,0,0.0,na,1622007.0,na,na,na,na
2021-02-10,Région,RSS06,Montréal,96919.0,2850.0,99769,4814.97,19.73,407.0,3.0,410,5410,260.29,na,na,89329,494,4407,212.69,0.14,2903,631,680,193,3,0.0,1.0,2.0,0.0,na,na,6675.0,1241.0,7916.0,382.04,0.0,0.0,0.0,0.0,na,798313.0,97298.0,701015,0.0,0,0.0,na,1631330.0,na,na,na,na
2021-02-11,Région,RSS06,Montréal,97350.0,2851.0,100201,4835.81,14.72,304.0,2.0,306,5184,249.41,na,na,89974,643,4416,213.12,0.05,2907,631,684,194,1,0.0,0.0,1.0,0.0,na,na,6697.0,1245.0,7942.0,383.29,0.0,0.0,0.0,0.0,na,800935.0,97777.0,703158,0.0,0,0.0,na,1640175.0,na,na,na,na
2021-02-12,Région,RSS06,Montréal,97827.0,2851.0,100678,4858.83,14.34,298.0,0.0,298,5113,246.0,na,na,90513,537,4423,213.46,0.05,2908,631,689,195,1,0.0,0.0,1.0,0.0,na,na,6725.0,1251.0,7976.0,384.93,0.0,0.0,0.0,0.0,na,803701.0,98232.0,705469,0.0,0,0.0,na,1649200.0,na,na,na,na
2021-02-13,Région,RSS06,Montréal,98223.0,2852.0,101075,4877.99,10.25,213.0,0.0,213,4986,239.89,na,na,91036,510,4425,213.56,0.05,2910,631,689,195,1,1.0,0.0,0.0,0.0,na,na,6741.0,1255.0,7996.0,385.9,0.0,0.0,0.0,0.0,na,805911.0,98628.0,707283,0.0,0,0.0,na,1656523.0,na,na,na,na
2021-02-14,Région,RSS06,Montréal,98538.0,2853.0,101391,4893.25,8.9,184.0,1.0,185,4764,229.21,na,na,91568,533,4431,213.85,0.05,2913,633,690,195,1,0.0,0.0,1.0,0.0,na,na,6751.0,1261.0,8012.0,386.67,0.0,0.0,0.0,0.0,na,807711.0,98865.0,708846,0.0,0,0.0,na,1661855.0,na,na,na,na
2021-02-15,Région,RSS06,06 - Montréal,98866.0,2853.0,101719,4909.07,7.65,159.0,0.0,159,4597,221.17,na,na,92056,482,4438,214.18,0.24,2915,633,694,196,5,1.0,1.0,3.0,0.0,na,na,6764.0,1266.0,8030.0,387.54,0.0,0.0,0.0,0.0,na,809520.0,99210.0,710310,0.0,0,0.0,na,1666751.0,na,na,na,na
2021-02-16,Région,RSS06,06 - Montréal,99249.0,2852.0,102101,4927.51,11.07,228.0,2.0,230,4563,219.54,na,na,92467,407,4444,214.47,0.0,2915,635,696,198,0,0.0,0.0,0.0,0.0,na,na,6779.0,1269.0,8048.0,388.41,0.0,0.0,0.0,0.0,na,811822.0,99559.0,712263,0.0,0,0.0,na,1674556.0,na,na,na,na
2021-02-17,Région,RSS06,06 - Montréal,99663.0,2854.0,102517,4947.59,11.21,232.0,1.0,233,4615,222.04,na,na,92830,352,4442,214.38,0.0,2913,635,697,197,0,0.0,0.0,0.0,0.0,na,na,6799.0,1273.0,8072.0,389.56,0.0,0.0,0.0,0.0,na,814040.0,99979.0,714061,0.0,0,0.0,na,1683056.0,na,na,na,na
2021-02-18,Région,RSS06,06 - Montréal,100015.0,2855.0,102870,4964.62,12.85,265.0,2.0,267,4356,209.58,na,na,93435,598,4450,214.76,0.05,2914,638,701,197,1,0.0,0.0,1.0,0.0,na,na,6812.0,1279.0,8091.0,390.48,0.0,0.0,0.0,0.0,na,817166.0,100459.0,716707,0.0,0,0.0,na,1693000.0,na,na,na,na
2021-02-19,Région,RSS06,06 - Montréal,100349.0,2855.0,103204,4980.74,11.07,229.0,1.0,230,4202,202.17,na,na,93915,478,4457,215.1,0.05,2915,640,704,198,1,0.0,1.0,0.0,0.0,na,na,6826.0,1284.0,8110.0,391.4,0.0,0.0,0.0,0.0,na,819457.0,100792.0,718665,0.0,0,0.0,na,1701233.0,na,na,na,na
2021-02-20,Région,RSS06,06 - Montréal,100679.0,2855.0,103534,4996.67,8.13,169.0,0.0,169,4045,194.61,na,na,94397,467,4461,215.29,0.1,2915,640,708,198,2,0.0,0.0,2.0,0.0,na,na,6844.0,1288.0,8132.0,392.46,0.0,0.0,0.0,0.0,na,821741.0,101164.0,720577,0.0,0,0.0,na,1708649.0,na,na,na,na
2021-02-21,Région,RSS06,06 - Montréal,101093.0,2857.0,103950,5016.75,9.53,196.0,2.0,198,4027,193.75,na,na,94823,426,4466,215.53,0.05,2915,640,712,199,1,0.0,0.0,1.0,0.0,na,na,6861.0,1290.0,8151.0,393.38,0.0,0.0,0.0,0.0,na,823737.0,101603.0,722134,0.0,0,0.0,na,1714293.0,na,na,na,na
2021-02-22,Région,RSS06,06 - Montréal,101453.0,2857.0,104310,5034.12,7.07,147.0,0.0,147,3937,189.42,na,na,95269,448,4470,215.73,0.0,2915,641,713,201,0,0.0,0.0,0.0,0.0,na,na,6875.0,1293.0,8168.0,394.2,0.0,0.0,0.0,0.0,na,825403.0,101923.0,723480,0.0,0,0.0,na,1719304.0,na,na,na,na
2021-02-23,Région,RSS06,06 - Montréal,101864.0,2856.0,104720,5053.91,14.72,306.0,0.0,306,4037,194.23,na,na,95577,291,4472,215.82,0.0,2915,642,714,201,0,0.0,0.0,0.0,0.0,na,na,6881.0,1300.0,8181.0,394.82,0.0,0.0,0.0,0.0,na,827817.0,102312.0,725505,0.0,0,0.0,na,1727520.0,na,na,na,na
2021-02-24,Région,RSS06,06 - Montréal,102246.0,2858.0,105104,5072.44,13.04,271.0,0.0,271,4068,195.72,na,na,95924,335,4478,216.11,0.1,2915,644,717,202,2,0.0,1.0,1.0,0.0,na,na,6898.0,1303.0,8201.0,395.79,0.0,0.0,0.0,0.0,na,830368.0,102714.0,727654,0.0,0,0.0,na,1735987.0,na,na,na,na
2021-02-25,Région,RSS06,06 - Montréal,102659.0,2859.0,105518,5092.42,13.57,282.0,0.0,282,4007,192.79,na,na,96394,462,4482,216.31,0.0,2915,644,721,202,0,0.0,0.0,0.0,0.0,na,na,6918.0,1303.0,8221.0,396.75,0.0,0.0,0.0,0.0,na,832634.0,103049.0,729585,0.0,0,0.0,na,1744086.0,na,na,na,na
2021-02-26,Région,RSS06,06 - Montréal,103011.0,2859.0,105870,5109.41,11.79,245.0,0.0,245,4015,193.17,na,na,96736,337,4485,216.45,0.1,2915,644,724,202,2,0.0,0.0,2.0,0.0,na,na,6944.0,1307.0,8251.0,398.2,0.0,0.0,0.0,0.0,na,834767.0,103283.0,731484,0.0,0,0.0,na,1751407.0,na,na,na,na
2021-02-27,Région,RSS06,06 - Montréal,103328.0,2859.0,106187,5124.71,8.37,174.0,0.0,174,3917,188.46,na,na,97146,402,4489,216.64,0.0,2917,646,725,201,0,0.0,0.0,0.0,0.0,na,na,6958.0,1310.0,8268.0,399.02,0.0,0.0,0.0,0.0,na,836903.0,103598.0,733305,0.0,0,0.0,na,1758440.0,na,na,na,na
2021-02-28,Région,RSS06,06 - Montréal,103630.0,2860.0,106490,5139.33,6.93,143.0,1.0,144,3815,183.55,na,na,97550,404,4490,216.69,0.0,2917,647,725,201,0,0.0,0.0,0.0,0.0,na,na,6966.0,1319.0,8285.0,399.84,0.0,0.0,0.0,0.0,na,838708.0,103842.0,734866,0.0,0,0.0,na,1763786.0,na,na,na,na
2021-03-01,Région,RSS06,06 - Montréal,103779.0,2860.0,106639,5146.52,2.74,57.0,0.0,57,3561,171.33,na,na,97953,401,4492,216.79,0.0,2918,647,726,201,0,0.0,0.0,0.0,0.0,na,na,6980.0,1321.0,8301.0,400.62,0.0,0.0,0.0,0.0,na,840208.0,104043.0,736165,0.0,0,0.0,na,1768428.0,na,na,na,na
2021-03-02,Région,RSS06,06 - Montréal,104224.0,2860.0,107084,5168.0,11.5,239.0,0.0,239,3659,176.04,na,na,98289,339,4502,217.27,0.05,2917,648,734,203,1,0.0,1.0,0.0,0.0,na,na,7000.0,1326.0,8326.0,401.82,0.0,0.0,0.0,0.0,na,842287.0,107647.0,737941,0.0,0,0.0,na,1824105.0,na,na,na,na
2021-03-03,Région,RSS06,06 - Montréal,104542.0,2861.0,107403,5183.39,8.61,179.0,0.0,179,3674,176.77,na,na,98583,304,4512,217.75,0.05,2918,650,740,204,1,0.0,0.0,1.0,0.0,na,na,7014.0,1329.0,8343.0,402.64,0.0,0.0,0.0,0.0,na,844559.0,104714.0,739845,0.0,0,0.0,na,1783727.0,na,na,na,na
2021-03-04,Région,RSS06,06 - Montréal,104886.0,2862.0,107748,5200.04,10.87,225.0,1.0,226,3578,172.15,na,na,99023,446,4515,217.9,0.05,2918,654,739,204,1,0.0,1.0,0.0,0.0,na,na,7026.0,1334.0,8360.0,403.46,0.0,0.0,0.0,0.0,na,846601.0,105075.0,741526,0.0,0,0.0,na,1791056.0,na,na,na,na
2021-03-05,Région,RSS06,06 - Montréal,105224.0,2862.0,108086,5216.35,9.33,194.0,0.0,194,3531,169.89,na,na,99404,375,4519,218.09,0.1,2918,655,742,204,2,0.0,1.0,1.0,0.0,na,na,7047.0,1339.0,8386.0,404.72,0.0,0.0,0.0,0.0,na,848300.0,105283.0,743017,0.0,0,0.0,na,1797832.0,na,na,na,na
2021-03-06,Région,RSS06,06 - Montréal,105550.0,2865.0,108415,5232.23,11.98,245.0,4.0,249,3447,165.84,na,na,99811,407,4525,218.38,0.1,2920,655,745,205,2,1.0,0.0,1.0,0.0,na,na,7063.0,1341.0,8404.0,405.59,0.0,0.0,0.0,0.0,na,850373.0,105533.0,744840,0.0,0,0.0,na,1804600.0,na,na,na,na
2021-03-07,Région,RSS06,06 - Montréal,105826.0,2865.0,108691,5245.55,6.45,134.0,0.0,134,3377,162.48,na,na,100154,342,4529,218.57,0.0,2920,658,746,205,0,0.0,0.0,0.0,0.0,na,na,7067.0,1341.0,8408.0,405.78,0.0,0.0,0.0,0.0,na,851983.0,105784.0,746199,0.0,0,0.0,na,1809372.0,na,na,na,na
2021-03-08,Région,RSS06,06 - Montréal,106117.0,2865.0,108982,5259.6,7.6,158.0,0.0,158,3278,157.71,na,na,100538,379,4532,218.72,0.05,2920,660,747,205,1,0.0,1.0,0.0,0.0,na,na,7079.0,1343.0,8422.0,406.46,0.0,0.0,0.0,0.0,na,853211.0,106026.0,747185,0.0,0,0.0,na,1813578.0,na,na,na,na
2021-03-09,Région,RSS06,06 - Montréal,106485.0,2865.0,109350,5277.36,12.99,270.0,0.0,270,3407,163.92,na,na,100770,226,4536,218.91,0.05,2920,661,750,205,1,0.0,0.0,1.0,0.0,na,na,7107.0,1351.0,8458.0,408.19,0.0,0.0,0.0,0.0,na,855227.0,106272.0,748955,0.0,0,0.0,na,1820511.0,na,na,na,na
2021-03-10,Région,RSS06,06 - Montréal,106823.0,2868.0,109691,5293.81,10.73,220.0,3.0,223,3493,168.06,na,na,101019,248,4541,219.15,0.05,2920,662,754,205,1,0.0,1.0,0.0,0.0,na,na,7132.0,1356.0,8488.0,409.64,0.0,0.0,0.0,0.0,na,858029.0,107263.0,750766,0.0,0,0.0,na,1829195.0,na,na,na,na
2021-03-11,Région,RSS06,06 - Montréal,107181.0,2870.0,110051,5311.19,12.51,260.0,0.0,260,3467,166.81,na,na,101404,379,4541,219.15,0.0,2920,662,754,205,0,0.0,0.0,0.0,0.0,na,na,7143.0,1359.0,8502.0,410.32,0.0,0.0,0.0,0.0,na,859780.0,107601.0,752179,0.0,0,0.0,na,1836881.0,na,na,na,na
2021-03-12,Région,RSS06,06 - Montréal,107532.0,2873.0,110405,5328.27,12.46,257.0,2.0,259,3483,167.58,na,na,101735,331,4544,219.3,0.0,2921,663,755,205,0,0.0,0.0,0.0,0.0,na,na,7160.0,1361.0,8521.0,411.23,0.0,0.0,0.0,0.0,na,861688.0,107913.0,753775,0.0,0,0.0,na,1843871.0,na,na,na,na
2021-03-13,Région,RSS06,06 - Montréal,107827.0,2874.0,110701,5342.56,8.13,169.0,0.0,169,3408,163.97,na,na,102099,350,4547,219.44,0.1,2921,664,757,205,2,0.0,1.0,1.0,0.0,na,na,7184.0,1363.0,8547.0,412.49,0.0,0.0,0.0,0.0,na,863832.0,108256.0,755576,0.0,0,0.0,na,1850970.0,na,na,na,na
2021-03-14,Région,RSS06,06 - Montréal,108069.0,2879.0,110948,5354.48,6.74,137.0,3.0,140,3312,159.35,na,na,102428,330,4553,219.73,0.05,2921,666,761,205,1,0.0,1.0,0.0,0.0,na,na,7195.0,1366.0,8561.0,413.16,0.0,0.0,0.0,0.0,na,865227.0,108479.0,756748,0.0,0,0.0,na,1855578.0,na,na,na,na
2021-03-15,Région,RSS06,06 - Montréal,108313.0,2880.0,111193,5366.3,5.48,113.0,1.0,114,3208,154.34,na,na,102770,345,4557,219.93,0.14,2921,666,765,205,3,0.0,0.0,3.0,0.0,na,na,7204.0,1369.0,8573.0,413.74,0.0,0.0,0.0,0.0,na,866931.0,108740.0,758191,0.0,0,0.0,na,1860505.0,na,na,na,na
2021-03-16,Région,RSS06,06 - Montréal,108627.0,2882.0,111509,5381.55,9.14,188.0,2.0,190,3261,156.89,na,na,103024,248,4562,220.17,0.0,2922,668,768,204,0,0.0,0.0,0.0,0.0,na,na,7214.0,1371.0,8585.0,414.32,0.0,0.0,0.0,0.0,na,869077.0,109039.0,760038,0.0,0,0.0,na,1868007.0,na,na,na,na
2021-03-17,Région,RSS06,06 - Montréal,108945.0,2882.0,111827,5396.9,8.32,173.0,0.0,173,3300,158.77,na,na,103300,274,4565,220.31,0.0,2922,668,771,204,0,0.0,0.0,0.0,0.0,na,na,7228.0,1381.0,8609.0,415.48,0.0,0.0,0.0,0.0,na,871495.0,109358.0,762137,0.0,0,0.0,na,1876472.0,na,na,na,na
2021-03-18,Région,RSS06,06 - Montréal,109260.0,2884.0,112144,5412.2,10.01,206.0,2.0,208,3269,157.28,na,na,103644,370,4570,220.55,0.05,2922,669,775,204,1,0.0,0.0,1.0,0.0,na,na,7239.0,1383.0,8622.0,416.11,0.0,0.0,0.0,0.0,na,873968.0,109706.0,764262,0.0,0,0.0,na,1885094.0,na,na,na,na
2021-03-19,Région,RSS06,06 - Montréal,109557.0,2884.0,112441,5426.53,7.94,165.0,0.0,165,3212,154.54,na,na,103998,358,4570,220.55,0.0,2922,669,775,204,0,0.0,0.0,0.0,0.0,na,na,7261.0,1385.0,8646.0,417.27,0.0,0.0,0.0,0.0,na,876557.0,110059.0,766498,0.0,0,0.0,na,1894370.0,na,na,na,na
2021-03-20,Région,RSS06,06 - Montréal,109820.0,2885.0,112705,5439.27,6.11,127.0,0.0,127,3164,152.23,na,na,104308,315,4572,220.65,0.05,2922,669,777,204,1,0.0,0.0,1.0,0.0,na,na,7271.0,1389.0,8660.0,417.94,0.0,0.0,0.0,0.0,na,878802.0,110304.0,768498,0.0,0,0.0,na,1901943.0,na,na,na,na
2021-03-21,Région,RSS06,06 - Montréal,110140.0,2885.0,113025,5454.72,8.95,186.0,0.0,186,3134,150.78,na,na,104650,350,4578,220.94,0.05,2923,670,781,204,1,0.0,0.0,1.0,0.0,na,na,7278.0,1397.0,8675.0,418.67,0.0,0.0,0.0,0.0,na,881131.0,110605.0,770526,0.0,0,0.0,na,1908593.0,na,na,na,na
2021-03-22,Région,RSS06,06 - Montréal,110378.0,2887.0,113265,5466.3,6.74,139.0,1.0,140,3118,150.01,na,na,104904,271,4579,220.99,0.0,2923,671,781,204,0,0.0,0.0,0.0,0.0,na,na,7291.0,1401.0,8692.0,419.49,0.0,0.0,0.0,0.0,na,883069.0,110852.0,772217,0.0,0,0.0,na,1914182.0,na,na,na,na
2021-03-23,Région,RSS06,06 - Montréal,110683.0,2889.0,113572,5481.11,10.92,226.0,1.0,227,3184,153.19,na,na,105139,237,4584,221.23,0.0,2923,671,786,204,0,0.0,0.0,0.0,0.0,na,na,7302.0,1403.0,8705.0,420.11,0.0,0.0,0.0,0.0,na,885636.0,111174.0,774462,0.0,0,0.0,na,1922978.0,na,na,na,na
2021-03-24,Région,RSS06,06 - Montréal,111103.0,2890.0,113993,5501.43,14.82,308.0,0.0,308,3261,156.89,na,na,105140,271,4587,221.37,0.05,2924,671,788,204,1,1.0,0.0,0.0,0.0,na,na,7311.0,1404.0,8715.0,420.6,0.0,0.0,0.0,0.0,na,889451.0,111664.0,777787,0.0,0,0.0,na,1936222.0,na,na,na,na
2021-03-25,Région,RSS06,06 - Montréal,111345.0,2891.0,114236,5513.16,9.86,203.0,2.0,205,3258,156.75,na,na,105725,337,4589,221.47,0.0,2924,671,790,204,0,0.0,0.0,0.0,0.0,na,na,7319.0,1406.0,8725.0,421.08,0.0,0.0,0.0,0.0,na,890974.0,111828.0,779146,0.0,0,0.0,na,1940858.0,na,na,na,na
2021-03-26,Région,RSS06,06 - Montréal,111712.0,2891.0,114603,5530.87,11.11,231.0,0.0,231,3287,158.15,na,na,106060,345,4592,221.62,0.0,2924,672,792,204,0,0.0,0.0,0.0,0.0,na,na,7331.0,1406.0,8737.0,421.66,0.0,0.0,0.0,0.0,na,893724.0,112219.0,781505,0.0,0,0.0,na,1950519.0,na,na,na,na
2021-03-27,Région,RSS06,06 - Montréal,111991.0,2892.0,114883,5544.38,7.84,162.0,1.0,163,3223,155.07,na,na,106404,351,4593,221.66,0.0,2924,672,793,204,0,0.0,0.0,0.0,0.0,na,na,7346.0,1410.0,8756.0,422.57,0.0,0.0,0.0,0.0,na,895505.0,112484.0,783021,0.0,0,0.0,na,1956774.0,na,na,na,na
2021-03-28,Région,RSS06,06 - Montréal,112261.0,2891.0,115152,5557.37,6.4,133.0,0.0,133,3179,152.95,na,na,106715,324,4595,221.76,0.05,2925,672,794,204,1,0.0,0.0,1.0,0.0,na,na,7358.0,1415.0,8773.0,423.39,0.0,0.0,0.0,0.0,na,896877.0,112740.0,784137,0.0,0,0.0,na,1961488.0,na,na,na,na
2021-03-29,Région,RSS06,06 - Montréal,112559.0,2898.0,115457,5572.09,9.0,185.0,2.0,187,3208,154.34,na,na,106989,287,4598,221.9,0.0,2925,672,797,204,0,0.0,0.0,0.0,0.0,na,na,7362.0,1418.0,8780.0,423.73,0.0,0.0,0.0,0.0,na,899249.0,113051.0,786198,0.0,0,0.0,na,1968034.0,na,na,na,na
2021-03-30,Région,RSS06,06 - Montréal,112907.0,2898.0,115805,5588.88,11.69,242.0,1.0,243,3288,158.19,na,na,107256,271,4599,221.95,0.05,2925,672,798,204,1,0.0,0.0,1.0,0.0,na,na,7369.0,1423.0,8792.0,424.31,0.0,0.0,0.0,0.0,na,901583.0,113419.0,788164,0.0,0,0.0,na,1976838.0,na,na,na,na
2021-03-31,Région,RSS06,06 - Montréal,113297.0,2901.0,116198,5607.85,13.09,270.0,2.0,272,3388,163.0,na,na,107541,285,4601,222.05,0.0,2925,673,799,204,0,0.0,0.0,0.0,0.0,na,na,7383.0,1425.0,8808.0,425.08,0.0,0.0,0.0,0.0,na,904345.0,113820.0,790525,0.0,0,0.0,na,1986697.0,na,na,na,na
2021-04-01,Région,RSS06,06 - Montréal,113685.0,2901.0,116586,5626.57,12.17,252.0,1.0,253,3402,163.68,na,na,107908,369,4605,222.24,0.0,2925,673,803,204,0,0.0,0.0,0.0,0.0,na,na,7399.0,1430.0,8829.0,426.1,0.0,0.0,0.0,0.0,na,907191.0,114214.0,792977,0.0,0,0.0,na,1996778.0,na,na,na,na
2021-04-02,Région,RSS06,06 - Montréal,114046.0,2901.0,116947,5644.0,12.56,260.0,1.0,261,3415,164.3,na,na,108252,343,4608,222.39,0.0,2925,673,806,204,0,0.0,0.0,0.0,0.0,na,na,7422.0,1436.0,8858.0,427.5,0.0,0.0,0.0,0.0,na,909314.0,114534.0,794780,0.0,0,0.0,na,2005283.0,na,na,na,na
2021-04-03,Région,RSS06,06 - Montréal,114349.0,2900.0,117249,5658.57,9.24,192.0,0.0,192,3387,162.96,na,na,108579,336,4609,222.44,0.0,2925,673,807,204,0,0.0,0.0,0.0,0.0,na,na,7426.0,1440.0,8866.0,427.88,0.0,0.0,0.0,0.0,na,910987.0,114774.0,796213,0.0,0,0.0,na,2011368.0,na,na,na,na
2021-04-04,Région,RSS06,06 - Montréal,114697.0,2900.0,117597,5675.37,9.29,193.0,0.0,193,3416,164.35,na,na,108895,336,4610,222.48,0.0,2925,674,807,204,0,0.0,0.0,0.0,0.0,na,na,7436.0,1443.0,8879.0,428.51,0.0,0.0,0.0,0.0,na,912522.0,114995.0,797527,0.0,0,0.0,na,2016140.0,na,na,na,na
2021-04-05,Région,RSS06,06 - Montréal,114998.0,2899.0,117897,5689.84,9.33,194.0,0.0,194,3404,163.77,na,na,109204,312,4614,222.68,0.05,2925,674,811,204,1,0.0,0.0,1.0,0.0,na,na,7448.0,1449.0,8897.0,429.38,0.0,0.0,0.0,0.0,na,915611.0,115504.0,800107,0.0,0,0.0,na,2024718.0,na,na,na,na
2021-04-06,Région,RSS06,06 - Montréal,115297.0,2899.0,118196,5704.27,10.06,208.0,1.0,209,3390,163.1,na,na,109512,311,4614,222.68,0.0,2925,674,811,204,0,0.0,0.0,0.0,0.0,na,na,7467.0,1456.0,8923.0,430.63,0.0,0.0,0.0,0.0,na,917627.0,115786.0,801841,0.0,0,0.0,na,2031376.0,na,na,na,na
2021-04-07,Région,RSS06,06 - Montréal,115668.0,2898.0,118566,5722.13,13.57,281.0,1.0,282,3486,167.72,na,na,109780,282,4619,222.92,0.05,2925,674,816,204,1,0.0,0.0,1.0,0.0,na,na,7471.0,1457.0,8928.0,430.88,0.0,0.0,0.0,0.0,na,920550.0,116154.0,804396,0.0,0,0.0,na,2041497.0,na,na,na,na
2021-04-08,Région,RSS06,06 - Montréal,116061.0,2897.0,118958,5741.05,13.9,288.0,1.0,289,3451,166.04,na,na,110205,438,4619,222.92,0.0,2925,674,816,204,0,0.0,0.0,0.0,0.0,na,na,7501.0,1471.0,8972.0,433.0,0.34,4.0,3.0,7.0,na,923543.0,116504.0,807039,0.0,0,0.0,na,2052233.0,195.0,79.0,274.0,na
2021-04-09,Région,RSS06,06 - Montréal,116488.0,2898.0,119386,5761.7,15.78,326.0,2.0,328,3487,167.77,na,na,110593,395,4622,223.06,0.0,2925,674,819,204,0,0.0,0.0,0.0,0.0,na,na,7520.0,1474.0,8994.0,434.06,0.29,6.0,0.0,6.0,na,926428.0,116900.0,809528,0.0,0,0.0,na,2062372.0,194.0,77.0,271.0,na
2021-04-10,Région,RSS06,06 - Montréal,116818.0,2898.0,119716,5777.63,7.79,162.0,0.0,162,3416,164.35,na,na,110988,403,4624,223.16,0.0,2925,674,821,204,0,0.0,0.0,0.0,0.0,na,na,7538.0,1477.0,9015.0,435.07,0.43,9.0,0.0,9.0,na,928946.0,117288.0,811658,0.0,0,0.0,na,2071699.0,201.0,77.0,278.0,na
2021-04-11,Région,RSS06,06 - Montréal,117175.0,2899.0,120074,5794.91,10.97,227.0,1.0,228,3438,165.41,na,na,111320,340,4626,223.26,0.0,2926,674,822,204,0,0.0,0.0,0.0,0.0,na,na,7546.0,1479.0,9025.0,435.56,0.1,2.0,0.0,2.0,na,930395.0,117520.0,812875,0.0,0,0.0,na,2076706.0,203.0,75.0,278.0,na
2021-04-12,Région,RSS06,06 - Montréal,117475.0,2899.0,120374,5809.39,7.84,163.0,0.0,163,3412,164.16,na,na,111646,335,4627,223.3,0.0,2926,674,823,204,0,0.0,0.0,0.0,0.0,na,na,7562.0,1486.0,9048.0,436.67,0.34,6.0,1.0,7.0,na,933202.0,117975.0,815227,0.0,0,0.0,na,2084608.0,204.0,77.0,281.0,na
2021-04-13,Région,RSS06,06 - Montréal,117788.0,2899.0,120687,5824.49,11.11,230.0,1.0,231,3461,166.52,na,na,111909,273,4627,223.3,0.0,2926,674,823,204,0,0.0,0.0,0.0,0.0,na,na,7576.0,1490.0,9066.0,437.54,0.34,6.0,1.0,7.0,na,935708.0,118321.0,817387,0.0,0,0.0,na,2093769.0,210.0,75.0,285.0,na
2021-04-14,Région,RSS06,06 - Montréal,118178.0,2899.0,121077,5843.31,12.7,263.0,1.0,264,3610,173.69,na,na,112145,253,4629,223.4,0.0,2926,674,824,205,0,0.0,0.0,0.0,0.0,na,na,7590.0,1495.0,9085.0,438.45,0.1,1.0,1.0,2.0,na,938395.0,118661.0,819734,0.0,0,0.0,na,2103726.0,212.0,77.0,289.0,na
2021-04-15,Région,RSS06,06 - Montréal,118530.0,2902.0,121432,5860.45,12.89,267.0,1.0,268,3593,172.87,na,na,112514,378,4631,223.5,0.0,2926,674,826,205,0,0.0,0.0,0.0,0.0,na,na,7607.0,1498.0,9105.0,439.42,0.34,6.0,1.0,7.0,na,941242.0,119017.0,822225,0.0,0,0.0,na,2114279.0,208.0,76.0,284.0,na
2021-04-16,Région,RSS06,06 - Montréal,118905.0,2902.0,121807,5878.54,11.07,229.0,1.0,230,3572,171.86,na,na,112908,397,4631,223.5,0.0,2926,674,826,205,0,0.0,0.0,0.0,0.0,na,na,7629.0,1504.0,9133.0,440.77,0.58,11.0,1.0,12.0,na,944058.0,119411.0,824647,0.0,0,0.0,na,2124695.0,216.0,81.0,297.0,na
2021-04-17,Région,RSS06,06 - Montréal,119240.0,2903.0,122143,5894.76,10.2,209.0,3.0,212,3523,169.5,na,na,113290,397,4633,223.59,0.0,2926,674,828,205,0,0.0,0.0,0.0,0.0,na,na,7639.0,1507.0,9146.0,441.4,0.19,3.0,1.0,4.0,na,946200.0,119670.0,826530,0.0,0,0.0,na,2132634.0,212.0,76.0,288.0,na
2021-04-18,Région,RSS06,06 - Montréal,119525.0,2905.0,122430,5908.61,6.98,144.0,1.0,145,3387,162.96,na,na,113710,416,4635,223.69,0.0,2926,674,830,205,0,0.0,0.0,0.0,0.0,na,na,7646.0,1511.0,9157.0,441.93,0.24,3.0,2.0,5.0,na,947705.0,119855.0,827850,0.0,0,0.0,na,2137570.0,206.0,81.0,287.0,na
2021-04-19,Région,RSS06,06 - Montréal,119748.0,2906.0,122654,5919.42,7.89,162.0,2.0,164,3247,156.22,na,na,114068,372,4641,223.98,0.05,2926,675,835,205,1,0.0,0.0,1.0,0.0,na,na,7648.0,1515.0,9163.0,442.22,0.05,1.0,0.0,1.0,na,950608.0,120209.0,830399,0.0,0,0.0,na,2146061.0,193.0,74.0,267.0,na
2021-04-20,Région,RSS06,06 - Montréal,119992.0,2908.0,122900,5931.29,8.61,177.0,2.0,179,3187,153.33,na,na,114371,313,4643,224.08,0.0,2927,675,836,205,0,0.0,0.0,0.0,0.0,na,na,7669.0,1519.0,9188.0,443.42,0.53,11.0,0.0,11.0,na,952984.0,120496.0,832488,0.0,0,0.0,na,2155158.0,197.0,75.0,272.0,na
2021-04-21,Région,RSS06,06 - Montréal,120301.0,2906.0,123207,5946.11,11.5,238.0,1.0,239,3217,154.78,na,na,114644,285,4644,224.12,0.0,2927,675,837,205,0,0.0,0.0,0.0,0.0,na,na,7684.0,1526.0,9210.0,444.49,0.43,8.0,1.0,9.0,na,955711.0,120794.0,834917,0.0,0,0.0,na,2165508.0,193.0,76.0,269.0,na
2021-04-22,Région,RSS06,06 - Montréal,120559.0,2906.0,123465,5958.56,9.67,201.0,0.0,201,3075,147.95,na,na,115041,409,4647,224.27,0.0,2928,675,839,205,0,0.0,0.0,0.0,0.0,na,na,7689.0,1529.0,9218.0,444.87,0.29,5.0,1.0,6.0,na,958263.0,121010.0,837253,0.0,0,0.0,na,2175476.0,177.0,72.0,249.0,na
2021-04-23,Région,RSS06,06 - Montréal,120845.0,2911.0,123756,5972.61,8.95,181.0,5.0,186,3050,146.74,na,na,115355,312,4648,224.32,0.0,2928,674,841,205,0,0.0,0.0,0.0,0.0,na,na,7694.0,1531.0,9225.0,445.21,0.14,3.0,0.0,3.0,na,960959.0,121303.0,839656,0.0,0,0.0,na,2185807.0,154.0,69.0,223.0,na
2021-04-24,Région,RSS06,06 - Montréal,121101.0,2911.0,124012,5984.96,10.92,227.0,0.0,227,2923,140.63,na,na,115733,381,4651,224.46,0.1,2928,674,844,205,2,0.0,0.0,2.0,0.0,na,na,7703.0,1535.0,9238.0,445.84,0.05,1.0,0.0,1.0,na,962773.0,121518.0,841255,0.0,0,0.0,na,2194319.0,153.0,65.0,218.0,na
2021-04-25,Région,RSS06,06 - Montréal,121324.0,2911.0,124235,5995.72,5.92,123.0,0.0,123,2801,134.76,na,na,116070,349,4653,224.56,0.05,2928,675,845,205,1,0.0,1.0,0.0,0.0,na,na,7714.0,1541.0,9255.0,446.66,0.43,6.0,3.0,9.0,na,964164.0,121710.0,842454,0.0,0,0.0,na,2199437.0,157.0,67.0,224.0,na
2021-04-26,Région,RSS06,06 - Montréal,121516.0,2914.0,124430,6005.13,6.59,135.0,2.0,137,2695,129.66,na,na,116366,310,4657,224.75,0.05,2928,675,849,205,1,0.0,0.0,1.0,0.0,na,na,7724.0,1544.0,9268.0,447.28,0.24,4.0,1.0,5.0,na,966337.0,121949.0,844388,0.0,0,0.0,na,2206553.0,152.0,67.0,219.0,na
2021-04-27,Région,RSS06,06 - Montréal,121811.0,2913.0,124724,6019.32,10.01,208.0,0.0,208,2726,131.15,na,na,116626,278,4658,224.8,0.0,2928,675,850,205,0,0.0,0.0,0.0,0.0,na,na,7738.0,1547.0,9285.0,448.1,0.19,4.0,0.0,4.0,na,968828.0,122241.0,846587,0.0,0,0.0,na,2216113.0,na,na,na,na
2021-04-28,Région,RSS06,06 - Montréal,122085.0,2912.0,124997,6032.5,10.49,218.0,0.0,218,2785,133.99,na,na,116843,229,4656,224.7,0.05,2927,675,849,205,1,0.0,1.0,0.0,0.0,na,na,7750.0,1551.0,9301.0,448.88,0.19,4.0,0.0,4.0,na,971159.0,122528.0,848631,0.0,0,0.0,na,2225558.0,148.0,68.0,216.0,na
2021-04-29,Région,RSS06,06 - Montréal,122380.0,2914.0,125294,6046.83,9.96,205.0,2.0,207,2759,132.74,na,na,117164,334,4659,224.85,0.05,2927,677,850,205,1,0.0,1.0,0.0,0.0,na,na,7765.0,1553.0,9318.0,449.7,0.38,8.0,0.0,8.0,na,974040.0,122868.0,851172,0.0,0,0.0,na,2238370.0,144.0,68.0,212.0,na
2021-04-30,Région,RSS06,06 - Montréal,122688.0,2914.0,125602,6061.7,8.56,177.0,1.0,178,2772,133.37,na,na,117458,301,4660,224.9,0.0,2927,677,851,205,0,0.0,0.0,0.0,0.0,na,na,7772.0,1558.0,9330.0,450.28,0.24,3.0,2.0,5.0,na,976496.0,123170.0,853326,0.0,0,0.0,na,2247759.0,138.0,69.0,207.0,na
2021-05-01,Région,RSS06,06 - Montréal,122962.0,2917.0,125879,6075.06,6.64,135.0,3.0,138,2751,132.36,na,na,117750,295,4661,224.95,0.0,2927,677,852,205,0,0.0,0.0,0.0,0.0,na,na,7785.0,1564.0,9349.0,451.19,0.1,1.0,1.0,2.0,na,978351.0,123363.0,854988,0.0,0,0.0,na,2255520.0,143.0,74.0,217.0,na
2021-05-02,Région,RSS06,06 - Montréal,123167.0,2918.0,126085,6085.01,5.05,104.0,1.0,105,2685,129.18,na,na,118018,294,4661,224.95,0.0,2927,677,852,205,0,0.0,0.0,0.0,0.0,na,na,7797.0,1565.0,9362.0,451.82,0.19,3.0,1.0,4.0,na,979741.0,123527.0,856214,0.0,0,0.0,na,2260684.0,152.0,65.0,217.0,na
2021-05-03,Région,RSS06,06 - Montréal,123356.0,2919.0,126275,6094.18,5.24,108.0,1.0,109,2638,126.92,na,na,118253,260,4664,225.09,0.0,2927,677,855,205,0,0.0,0.0,0.0,0.0,na,na,7809.0,1571.0,9380.0,452.69,0.38,6.0,2.0,8.0,na,982242.0,123836.0,858406,0.0,0,0.0,na,2268491.0,162.0,67.0,229.0,na
2021-05-04,Région,RSS06,06 - Montréal,123611.0,2919.0,126530,6106.48,7.36,152.0,1.0,153,2675,128.7,na,na,118464,231,4667,225.23,0.05,2927,678,857,205,1,0.0,0.0,1.0,0.0,na,na,7819.0,1576.0,9395.0,453.41,0.24,5.0,0.0,5.0,na,984854.0,124112.0,860742,0.0,0,0.0,na,2278920.0,160.0,69.0,229.0,na
2021-05-05,Région,RSS06,06 - Montréal,123823.0,2919.0,126742,6116.71,7.07,147.0,0.0,147,2666,128.27,na,na,118683,238,4667,225.23,0.0,2927,678,857,205,0,0.0,0.0,0.0,0.0,na,na,7832.0,1578.0,9410.0,454.14,0.24,3.0,2.0,5.0,na,988226.0,124486.0,863740,0.0,0,0.0,na,2292591.0,156.0,64.0,220.0,na
2021-05-06,Région,RSS06,06 - Montréal,124016.0,2920.0,126936,6126.08,8.13,168.0,1.0,169,2554,122.88,na,na,118989,324,4667,225.23,0.05,2928,678,856,205,1,1.0,0.0,0.0,0.0,na,na,7841.0,1583.0,9424.0,454.81,0.29,5.0,1.0,6.0,na,989770.0,124613.0,865157,0.0,0,0.0,na,2298037.0,153.0,63.0,216.0,na
2021-05-07,Région,RSS06,06 - Montréal,124219.0,2921.0,127140,6135.92,6.5,133.0,2.0,135,2471,118.89,na,na,119275,306,4668,225.28,0.0,2929,678,856,205,0,0.0,0.0,0.0,0.0,na,na,7851.0,1584.0,9435.0,455.34,0.29,5.0,1.0,6.0,na,991358.0,124803.0,866555,0.0,0,0.0,na,2305832.0,154.0,60.0,214.0,na
2021-05-08,Région,RSS06,06 - Montréal,124501.0,2921.0,127422,6149.53,6.16,128.0,0.0,128,2451,117.92,na,na,119572,299,4670,225.38,0.0,2929,679,857,205,0,0.0,0.0,0.0,0.0,na,na,7859.0,1591.0,9450.0,456.07,0.29,5.0,1.0,6.0,na,993276.0,125292.0,867984,0.0,0,0.0,na,2320959.0,153.0,64.0,217.0,na
2021-05-09,Région,RSS06,06 - Montréal,124689.0,2922.0,127611,6158.65,5.29,109.0,1.0,110,2367,113.88,na,na,119844,277,4671,225.43,0.0,2929,680,857,205,0,0.0,0.0,0.0,0.0,na,na,7871.0,1592.0,9463.0,456.7,0.14,2.0,1.0,3.0,na,994779.0,125448.0,869331,0.0,0,0.0,na,2326646.0,157.0,62.0,219.0,na
2021-05-10,Région,RSS06,06 - Montréal,124857.0,2922.0,127779,6166.76,5.73,118.0,1.0,119,2300,110.66,na,na,120073,263,4676,225.67,0.05,2929,680,862,205,1,0.0,0.0,1.0,0.0,na,na,7881.0,1596.0,9477.0,457.37,0.05,1.0,0.0,1.0,na,997617.0,125727.0,871890,0.0,0,0.0,na,2337605.0,154.0,62.0,216.0,na
2021-05-11,Région,RSS06,06 - Montréal,125064.0,2920.0,127984,6176.65,7.36,153.0,0.0,153,2290,110.18,na,na,120288,233,4677,225.72,0.05,2929,680,863,205,1,0.0,0.0,1.0,0.0,na,na,7892.0,1600.0,9492.0,458.09,0.38,6.0,2.0,8.0,na,998972.0,125854.0,873118,0.0,0,0.0,na,2342593.0,155.0,61.0,216.0,na
2021-05-12,Région,RSS06,06 - Montréal,125265.0,2921.0,128186,6186.4,7.26,149.0,2.0,151,2329,112.05,na,na,120447,196,4678,225.77,0.0,2929,680,864,205,0,0.0,0.0,0.0,0.0,na,na,7900.0,1602.0,9502.0,458.58,0.24,3.0,2.0,5.0,na,1001312.0,126087.0,875225,0.0,0,0.0,na,2352797.0,149.0,61.0,210.0,na
2021-05-13,Région,RSS06,06 - Montréal,125502.0,2922.0,128424,6197.89,7.02,145.0,1.0,146,2322,111.72,na,na,120692,259,4680,225.86,0.0,2929,681,865,205,0,0.0,0.0,0.0,0.0,na,na,7913.0,1604.0,9517.0,459.3,0.29,6.0,0.0,6.0,na,1003520.0,126312.0,877208,0.0,0,0.0,na,2362147.0,152.0,61.0,213.0,na
2021-05-14,Région,RSS06,06 - Montréal,125739.0,2920.0,128659,6209.23,5.82,121.0,0.0,121,2331,112.15,na,na,120914,249,4683,226.01,0.1,2929,684,865,205,2,0.0,1.0,1.0,0.0,na,na,7920.0,1606.0,9526.0,459.74,0.1,2.0,0.0,2.0,na,1005420.0,126622.0,878798,0.0,0,0.0,na,2369935.0,144.0,59.0,203.0,na
2021-05-15,Région,RSS06,06 - Montréal,125960.0,2920.0,128880,6219.9,5.2,108.0,0.0,108,2324,111.81,na,na,121143,241,4683,226.01,0.0,2929,684,865,205,0,0.0,0.0,0.0,0.0,na,na,7923.0,1608.0,9531.0,459.98,0.1,2.0,0.0,2.0,na,1007390.0,126866.0,880524,0.0,0,0.0,na,2377788.0,142.0,59.0,201.0,na
2021-05-16,Région,RSS06,06 - Montréal,126149.0,2920.0,129069,6229.02,4.96,102.0,1.0,103,2284,109.89,na,na,121364,233,4689,226.3,0.1,2929,684,870,206,2,0.0,0.0,1.0,1.0,na,na,7934.0,1608.0,9542.0,460.51,0.14,3.0,0.0,3.0,na,1008802.0,127054.0,881748,0.0,0,0.0,na,2383134.0,145.0,54.0,199.0,na
2021-05-17,Région,RSS06,06 - Montréal,126323.0,2919.0,129242,6237.37,4.72,98.0,0.0,98,2243,107.92,na,na,121572,217,4694,226.54,0.14,2929,684,874,207,3,0.0,0.0,2.0,1.0,na,na,7949.0,1610.0,9559.0,461.33,0.38,6.0,2.0,8.0,na,1010683.0,127205.0,883478,0.0,0,0.0,na,2389580.0,138.0,55.0,193.0,na
2021-05-18,Région,RSS06,06 - Montréal,126484.0,2920.0,129404,6245.18,4.28,88.0,1.0,89,2225,107.05,na,na,121749,201,4696,226.63,0.0,2929,684,876,207,0,0.0,0.0,0.0,0.0,na,na,7956.0,1613.0,9569.0,461.81,0.29,6.0,0.0,6.0,na,1012687.0,127408.0,885279,0.0,0,0.0,na,2397852.0,129.0,56.0,185.0,na
2021-05-19,Région,RSS06,06 - Montréal,126673.0,2924.0,129597,6254.5,5.97,121.0,3.0,124,2279,109.65,na,na,121886,184,4698,226.73,0.05,2929,684,878,207,1,0.0,0.0,1.0,0.0,na,na,7946.0,1617.0,9563.0,461.52,0.19,4.0,0.0,4.0,na,1014819.0,127628.0,887191,0.0,0,0.0,na,2406882.0,124.0,55.0,179.0,na
2021-05-20,Région,RSS06,06 - Montréal,126941.0,2923.0,129864,6267.38,6.59,137.0,0.0,137,2320,111.62,na,na,122107,233,4703,226.97,0.0,2929,685,882,207,0,0.0,0.0,0.0,0.0,na,na,7914.0,1656.0,9570.0,461.86,0.1,2.0,0.0,2.0,na,1016635.0,127870.0,888765,0.0,0,0.0,na,2415474.0,119.0,55.0,174.0,na
2021-05-21,Région,RSS06,06 - Montréal,127101.0,2922.0,130023,6275.06,3.75,78.0,0.0,78,2250,108.25,na,na,122332,249,4705,227.07,0.0,2929,686,883,207,0,0.0,0.0,0.0,0.0,na,na,7923.0,1656.0,9579.0,462.29,0.19,3.0,1.0,4.0,na,1018339.0,128027.0,890312,0.0,0,0.0,na,2422847.0,117.0,55.0,172.0,na
2021-05-22,Région,RSS06,06 - Montréal,127265.0,2925.0,130190,6283.12,3.8,79.0,0.0,79,2192,105.46,na,na,122557,249,4707,227.17,0.0,2929,686,885,207,0,0.0,0.0,0.0,0.0,na,na,7928.0,1656.0,9584.0,462.53,0.14,3.0,0.0,3.0,na,1019763.0,128225.0,891538,0.0,0,0.0,na,2429007.0,118.0,55.0,173.0,na
2021-05-23,Région,RSS06,06 - Montréal,127422.0,2928.0,130350,6290.84,3.32,68.0,1.0,69,2107,101.37,na,na,122799,259,4711,227.36,0.0,2929,686,889,207,0,0.0,0.0,0.0,0.0,na,na,7932.0,1656.0,9588.0,462.73,0.1,2.0,0.0,2.0,na,1020787.0,128378.0,892409,0.0,0,0.0,na,2433223.0,119.0,55.0,174.0,na
2021-05-24,Région,RSS06,06 - Montréal,127537.0,2927.0,130464,6296.34,3.95,82.0,0.0,82,2012,96.8,na,na,123006,225,4713,227.45,0.0,2929,686,891,207,0,0.0,0.0,0.0,0.0,na,na,7946.0,1659.0,9605.0,463.55,0.29,5.0,1.0,6.0,na,1021917.0,128498.0,893419,0.0,0,0.0,na,2437705.0,118.0,56.0,174.0,na
2021-05-25,Région,RSS06,06 - Montréal,127635.0,2925.0,130560,6300.97,3.32,69.0,0.0,69,1958,94.2,na,na,123156,189,4713,227.45,0.0,2929,686,891,207,0,0.0,0.0,0.0,0.0,na,na,7959.0,1659.0,9618.0,464.18,0.24,5.0,0.0,5.0,na,1023369.0,128639.0,894730,0.0,0,0.0,na,2444054.0,114.0,55.0,169.0,na
2021-05-26,Région,RSS06,06 - Montréal,127794.0,2924.0,130718,6308.6,3.85,80.0,0.0,80,1923,92.52,na,na,123339,198,4717,227.65,0.0,2929,686,895,207,0,0.0,0.0,0.0,0.0,na,na,7968.0,1666.0,9634.0,464.95,0.14,2.0,1.0,3.0,na,1025028.0,128801.0,896227,0.0,0,0.0,na,2451455.0,117.0,53.0,170.0,na
2021-05-27,Région,RSS06,06 - Montréal,127925.0,2924.0,130849,6314.92,3.18,66.0,0.0,66,1857,89.34,na,na,123537,212,4717,227.65,0.0,2929,686,895,207,0,0.0,0.0,0.0,0.0,na,na,7972.0,1666.0,9638.0,465.14,0.1,2.0,0.0,2.0,na,1026551.0,128927.0,897624,0.0,0,0.0,na,2458578.0,108.0,50.0,158.0,na
2021-05-28,Région,RSS06,06 - Montréal,128065.0,2922.0,130987,6321.58,3.37,70.0,0.0,70,1763,84.82,na,na,123756,238,4718,227.7,0.0,2929,686,896,207,0,0.0,0.0,0.0,0.0,na,na,7972.0,1668.0,9640.0,465.24,0.0,0.0,0.0,0.0,na,1028183.0,129065.0,899118,0.0,0,0.0,na,2465270.0,96.0,50.0,146.0,na
2021-05-29,Région,RSS06,06 - Montréal,128168.0,2924.0,131092,6326.65,2.26,46.0,1.0,47,1633,78.57,na,na,123989,243,4719,227.74,0.0,2929,687,896,207,0,0.0,0.0,0.0,0.0,na,na,7977.0,1669.0,9646.0,465.53,0.1,2.0,0.0,2.0,na,1029227.0,129171.0,900056,0.0,0,0.0,na,2470065.0,93.0,50.0,143.0,na
2021-05-30,Région,RSS06,06 - Montréal,128247.0,2924.0,131171,6330.46,2.41,49.0,1.0,50,1549,74.53,na,na,124153,170,4720,227.79,0.0,2929,687,897,207,0,0.0,0.0,0.0,0.0,na,na,7980.0,1671.0,9651.0,465.77,0.14,2.0,1.0,3.0,na,1030048.0,129253.0,900795,0.0,0,0.0,na,2473509.0,94.0,51.0,145.0,na
2021-05-31,Région,RSS06,06 - Montréal,128282.0,2924.0,131206,6332.15,1.4,29.0,0.0,29,1410,67.84,na,na,124327,202,4720,227.79,0.0,2929,687,897,207,0,0.0,0.0,0.0,0.0,na,na,7984.0,1673.0,9657.0,466.06,0.14,3.0,0.0,3.0,na,1031710.0,129314.0,902396,0.0,0,0.0,na,2479644.0,89.0,53.0,142.0,na
2021-06-01,Région,RSS06,06 - Montréal,128380.0,2925.0,131305,6336.93,2.6,53.0,1.0,54,1366,65.72,na,na,124470,150,4721,227.84,0.0,2929,688,897,207,0,0.0,0.0,0.0,0.0,na,na,7990.0,1674.0,9664.0,466.4,0.1,2.0,0.0,2.0,na,1033382.0,129419.0,903963,0.0,0,0.0,na,2486658.0,89.0,47.0,136.0,na
2021-06-02,Région,RSS06,06 - Montréal,128480.0,2925.0,131405,6341.75,2.6,54.0,0.0,54,1331,64.04,na,na,124603,142,4723,227.94,0.0,2929,689,898,207,0,0.0,0.0,0.0,0.0,na,na,7997.0,1675.0,9672.0,466.78,0.14,3.0,0.0,3.0,na,1035082.0,129526.0,905556,0.0,0,0.0,na,2494162.0,83.0,41.0,124.0,na
2021-06-03,Région,RSS06,06 - Montréal,128571.0,2923.0,131494,6346.05,2.5,52.0,0.0,52,1267,60.96,na,na,124753,152,4726,228.08,0.05,2929,689,901,207,1,0.0,0.0,1.0,0.0,na,na,8003.0,1676.0,9679.0,467.12,0.1,2.0,0.0,2.0,na,1036524.0,129620.0,906904,0.0,0,0.0,na,2500652.0,81.0,41.0,122.0,na
2021-06-04,Région,RSS06,06 - Montréal,128637.0,2923.0,131560,6349.24,2.02,42.0,0.0,42,1176,56.58,na,na,124909,165,4728,228.18,0.0,2929,689,903,207,0,0.0,0.0,0.0,0.0,na,na,8006.0,1678.0,9684.0,467.36,0.1,1.0,1.0,2.0,na,1037914.0,129687.0,908227,0.0,0,0.0,na,2506461.0,68.0,42.0,110.0,na
2021-06-05,Région,RSS06,06 - Montréal,128694.0,2923.0,131617,6351.99,1.25,26.0,0.0,26,1088,52.35,na,na,125057,155,4728,228.18,0.0,2933,690,901,204,0,0.0,0.0,0.0,0.0,na,na,8007.0,1678.0,9685.0,467.41,0.05,1.0,0.0,1.0,na,1038899.0,129753.0,909146,0.0,0,0.0,na,2510873.0,65.0,40.0,105.0,na
2021-06-06,Région,RSS06,06 - Montréal,128759.0,2924.0,131683,6355.17,0.72,14.0,1.0,15,995,47.87,na,na,125215,157,4729,228.23,0.0,2934,690,901,204,0,0.0,0.0,0.0,0.0,na,na,8010.0,1679.0,9689.0,467.6,0.1,2.0,0.0,2.0,na,1039764.0,129808.0,909956,0.0,0,0.0,na,2514308.0,69.0,37.0,106.0,na
2021-06-07,Région,RSS06,06 - Montréal,128808.0,2924.0,131732,6357.54,1.11,23.0,0.0,23,929,44.7,na,na,125328,119,4731,228.32,0.0,2934,690,903,204,0,0.0,0.0,0.0,0.0,na,na,8010.0,1680.0,9690.0,467.65,0.05,0.0,1.0,1.0,na,1041149.0,129869.0,911280,0.0,0,0.0,na,2518727.0,69.0,36.0,105.0,na
2021-06-08,Région,RSS06,06 - Montréal,128870.0,2923.0,131793,6360.48,1.35,28.0,0.0,28,904,43.49,na,na,125414,88,4732,228.37,0.0,2934,690,904,204,0,0.0,0.0,0.0,0.0,na,na,8012.0,1681.0,9693.0,467.8,0.0,0.0,0.0,0.0,na,1042617.0,129929.0,912688,0.0,0,0.0,na,2525225.0,71.0,37.0,108.0,na
2021-06-09,Région,RSS06,06 - Montréal,128923.0,2922.0,131845,6362.99,1.15,24.0,0.0,24,878,42.24,na,na,125490,81,4733,228.42,0.0,2934,690,905,204,0,0.0,0.0,0.0,0.0,na,na,8015.0,1681.0,9696.0,467.94,0.0,0.0,0.0,0.0,na,1043715.0,129987.0,913728,0.0,0,0.0,na,2530742.0,64.0,38.0,102.0,na
2021-06-10,Région,RSS06,06 - Montréal,128991.0,2920.0,131911,6366.18,1.83,38.0,0.0,38,821,39.5,na,na,125613,113,4734,228.47,0.0,2934,690,906,204,0,0.0,0.0,0.0,0.0,na,na,8016.0,1681.0,9697.0,467.99,0.0,0.0,0.0,0.0,na,1045014.0,130041.0,914973,0.0,0,0.0,na,2536420.0,65.0,37.0,102.0,na
2021-06-11,Région,RSS06,06 - Montréal,129050.0,2921.0,131971,6369.07,1.4,28.0,1.0,29,774,37.24,na,na,125719,107,4734,228.47,0.0,2934,690,906,204,0,0.0,0.0,0.0,0.0,na,na,8019.0,1682.0,9701.0,468.18,0.05,0.0,1.0,1.0,na,1046088.0,130099.0,915989,0.0,0,0.0,na,2541023.0,64.0,37.0,101.0,na
2021-06-12,Région,RSS06,06 - Montréal,129113.0,2920.0,132033,6372.06,1.35,28.0,0.0,28,735,35.36,na,na,125817,105,4735,228.52,0.0,2934,690,907,204,0,0.0,0.0,0.0,0.0,na,na,8019.0,1682.0,9701.0,468.18,0.0,0.0,0.0,0.0,na,1046898.0,130166.0,916732,0.0,0,0.0,na,2545218.0,65.0,37.0,102.0,na
2021-06-13,Région,RSS06,06 - Montréal,129161.0,2920.0,132081,6374.38,1.2,25.0,0.0,25,703,33.82,na,na,125896,78,4736,228.56,0.05,2934,690,907,205,1,0.0,0.0,0.0,1.0,na,na,8022.0,1682.0,9704.0,468.33,0.0,0.0,0.0,0.0,na,1047711.0,130216.0,917495,0.0,0,0.0,na,2548593.0,68.0,36.0,104.0,na
2021-06-14,Région,RSS06,06 - Montréal,129186.0,2921.0,132107,6375.63,0.77,15.0,1.0,16,650,31.27,na,na,125974,85,4737,228.61,0.0,2934,690,908,205,0,0.0,0.0,0.0,0.0,na,na,8024.0,1683.0,9707.0,468.47,0.05,1.0,0.0,1.0,na,1049133.0,130240.0,918893,0.0,0,0.0,na,2552953.0,70.0,34.0,104.0,na
2021-06-15,Région,RSS06,06 - Montréal,129232.0,2921.0,132153,6377.85,1.49,31.0,0.0,31,641,30.84,na,na,126029,59,4737,228.61,0.0,2934,690,908,205,0,0.0,0.0,0.0,0.0,na,na,8027.0,1685.0,9712.0,468.71,0.0,0.0,0.0,0.0,na,1050616.0,130290.0,920326,0.0,0,0.0,na,2559100.0,56.0,32.0,88.0,na
2021-06-16,Région,RSS06,06 - Montréal,129287.0,2921.0,132208,6380.51,1.11,23.0,0.0,23,621,29.88,na,na,126104,68,4737,228.61,0.0,2934,690,908,205,0,0.0,0.0,0.0,0.0,na,na,8029.0,1685.0,9714.0,468.81,0.1,2.0,0.0,2.0,na,1051941.0,130335.0,921606,0.0,0,0.0,na,2564686.0,52.0,30.0,82.0,na
2021-06-17,Région,RSS06,06 - Montréal,129323.0,2921.0,132244,6382.25,0.87,18.0,0.0,18,580,27.91,na,na,126182,74,4737,228.61,0.0,2934,691,907,205,0,0.0,0.0,0.0,0.0,na,na,8029.0,1686.0,9715.0,468.86,0.05,0.0,1.0,1.0,na,1054250.0,130402.0,923848,0.0,0,0.0,na,2571062.0,54.0,27.0,81.0,na
2021-06-18,Région,RSS06,06 - Montréal,129396.0,2921.0,132317,6385.77,1.01,21.0,0.0,21,587,28.24,na,na,126247,58,4739,228.71,0.0,2934,691,909,205,0,0.0,0.0,0.0,0.0,na,na,8032.0,1687.0,9719.0,469.05,0.19,4.0,0.0,4.0,na,1055536.0,130469.0,925067,0.0,0,0.0,na,2575785.0,57.0,26.0,83.0,na
2021-06-19,Région,RSS06,06 - Montréal,129433.0,2921.0,132354,6387.55,0.43,8.0,1.0,9,555,26.7,na,na,126314,71,4741,228.81,0.0,2934,691,911,205,0,0.0,0.0,0.0,0.0,na,na,8031.0,1688.0,9719.0,469.05,0.0,0.0,0.0,0.0,na,1056457.0,130504.0,925953,0.0,0,0.0,na,2579901.0,52.0,27.0,79.0,na
2021-06-20,Région,RSS06,06 - Montréal,129469.0,2921.0,132390,6389.29,0.63,13.0,0.0,13,526,25.31,na,na,126380,59,4741,228.81,0.0,2934,691,911,205,0,0.0,0.0,0.0,0.0,na,na,8035.0,1690.0,9725.0,469.34,0.1,2.0,0.0,2.0,na,1057393.0,130534.0,926859,0.0,0,0.0,na,2583467.0,54.0,27.0,81.0,na
2021-06-21,Région,RSS06,06 - Montréal,129494.0,2921.0,132415,6390.5,0.58,12.0,0.0,12,495,23.82,na,na,126434,57,4743,228.9,0.0,2934,692,912,205,0,0.0,0.0,0.0,0.0,na,na,8036.0,1690.0,9726.0,469.39,0.0,0.0,0.0,0.0,na,1058829.0,130559.0,928270,0.0,0,0.0,na,2587931.0,52.0,26.0,78.0,na
2021-06-22,Région,RSS06,06 - Montréal,129537.0,2922.0,132459,6392.62,1.25,25.0,1.0,26,471,22.66,na,na,126498,59,4744,228.95,0.0,2934,692,913,205,0,0.0,0.0,0.0,0.0,na,na,8041.0,1690.0,9731.0,469.63,0.0,0.0,0.0,0.0,na,1060167.0,130593.0,929574,0.0,0,0.0,na,2593388.0,54.0,26.0,80.0,na
2021-06-23,Région,RSS06,06 - Montréal,129566.0,2922.0,132488,6394.02,0.53,11.0,0.0,11,473,22.76,na,na,126525,28,4744,228.95,0.0,2934,692,913,205,0,0.0,0.0,0.0,0.0,na,na,8043.0,1690.0,9733.0,469.73,0.05,1.0,0.0,1.0,na,1061563.0,130620.0,930943,0.0,0,0.0,na,2598597.0,47.0,25.0,72.0,0.6
2021-06-24,Région,RSS06,06 - Montréal,129596.0,2922.0,132518,6395.47,0.58,12.0,0.0,12,439,21.12,na,na,126590,58,4744,228.95,0.0,2934,692,913,205,0,0.0,0.0,0.0,0.0,na,na,8043.0,1692.0,9735.0,469.82,0.0,0.0,0.0,0.0,na,1062638.0,130643.0,931995,0.0,0,0.0,na,2603563.0,44.0,27.0,71.0,0.57
2021-06-27,Région,RSS06,06 - Montréal,129693.0,2922.0,132615,6400.15,0.38,8.0,0.0,8,390,18.76,na,na,126737,52,4744,228.95,0.0,2934,692,913,205,0,0.0,0.0,0.0,0.0,na,na,8049.0,1692.0,9741.0,470.11,0.1,2.0,0.0,2.0,na,1065564.0,130726.0,934838,0.0,0,0.0,na,2615183.0,44.0,22.0,66.0,0.5
2021-06-28,Région,RSS06,06 - Montréal,129723.0,2921.0,132644,6401.55,1.15,24.0,0.0,24,371,17.85,na,na,126783,48,4746,229.05,0.0,2934,692,915,205,0,0.0,0.0,0.0,0.0,na,na,8050.0,1693.0,9743.0,470.21,0.05,0.0,1.0,1.0,na,1067144.0,130755.0,936389,0.0,0,0.0,na,2620193.0,40.0,23.0,63.0,0.63
2021-06-29,Région,RSS06,06 - Montréal,129778.0,2922.0,132700,6404.25,0.77,16.0,0.0,16,374,17.99,na,na,126833,29,4748,229.14,0.0,2935,692,916,205,0,0.0,0.0,0.0,0.0,na,na,8051.0,1694.0,9745.0,470.3,0.0,0.0,0.0,0.0,na,1068491.0,130789.0,937702,0.0,0,0.0,na,2625324.0,37.0,25.0,62.0,0.66
2021-06-30,Région,RSS06,06 - Montréal,129823.0,2923.0,132746,6406.47,0.77,15.0,1.0,16,391,18.81,na,na,126858,26,4747,229.1,0.0,2934,692,916,205,0,0.0,0.0,0.0,0.0,na,na,8052.0,1694.0,9746.0,470.35,0.0,0.0,0.0,0.0,na,1069845.0,130829.0,939016,0.0,0,0.0,na,2629950.0,35.0,25.0,60.0,0.71
2021-07-01,Région,RSS06,06 - Montréal,129852.0,2924.0,132776,6407.92,0.82,17.0,0.0,17,373,17.95,na,na,126902,42,4747,229.1,0.0,2934,692,916,205,0,0.0,0.0,0.0,0.0,na,na,8053.0,1694.0,9747.0,470.4,0.0,0.0,0.0,0.0,na,1071051.0,130848.0,940203,0.0,0,0.0,na,2634810.0,34.0,25.0,59.0,0.63
2021-07-04,Région,RSS06,06 - Montréal,129919.0,2924.0,132843,6411.15,0.34,7.0,0.0,7,347,16.7,na,na,126997,26,4748,229.14,0.0,2934,692,917,205,0,0.0,0.0,0.0,0.0,na,na,8053.0,1694.0,9747.0,470.4,0.0,0.0,0.0,0.0,na,1073116.0,130902.0,942214,0.0,0,0.0,na,2643751.0,36.0,21.0,57.0,0.53
2021-07-05,Région,RSS06,06 - Montréal,129933.0,2924.0,132857,6411.83,0.43,9.0,0.0,9,321,15.44,na,na,127037,41,4748,229.14,0.0,2934,692,917,205,0,0.0,0.0,0.0,0.0,na,na,8053.0,1695.0,9748.0,470.45,0.05,1.0,0.0,1.0,na,1074987.0,130926.0,944061,0.0,0,0.0,na,2648398.0,36.0,21.0,57.0,0.53
2021-07-06,Région,RSS06,06 - Montréal,129968.0,2924.0,132892,6413.52,0.91,19.0,0.0,19,325,15.64,na,na,127068,31,4748,229.14,0.0,2934,692,917,205,0,0.0,0.0,0.0,0.0,na,na,8055.0,1697.0,9752.0,470.64,0.05,1.0,0.0,1.0,na,1088219.0,132731.0,955488,0.0,0,0.0,na,2682666.0,38.0,21.0,59.0,0.65
2021-07-07,Région,RSS06,06 - Montréal,129992.0,2925.0,132917,6414.73,0.43,8.0,1.0,9,320,15.4,na,na,127098,29,4748,229.14,0.0,2934,692,917,205,0,0.0,0.0,0.0,0.0,na,na,8056.0,1697.0,9753.0,470.69,0.0,0.0,0.0,0.0,na,1089715.0,132757.0,956958,0.0,0,0.0,na,2687816.0,39.0,20.0,59.0,0.6
2021-07-08,Région,RSS06,06 - Montréal,130164.0,2944.0,133108,6423.94,1.2,25.0,0.0,25,336,16.17,na,na,127256,23,4748,229.14,0.0,2934,692,917,205,0,0.0,0.0,0.0,0.0,na,na,8055.0,1697.0,9752.0,470.64,0.0,0.0,0.0,0.0,na,1091189.0,132793.0,958396,0.0,0,0.0,na,2692785.0,38.0,19.0,57.0,0.64
2021-07-11,Région,RSS06,06 - Montréal,130237.0,2944.0,133181,6427.47,0.67,14.0,0.0,14,291,14.0,na,na,127359,43,4748,229.14,0.0,2934,692,917,205,0,0.0,0.0,0.0,0.0,na,na,8055.0,1700.0,9755.0,470.79,0.05,1.0,0.0,1.0,na,1095235.0,132857.0,962378,0.0,0,0.0,na,2705278.0,33.0,21.0,54.0,0.96
2021-07-12,Région,RSS06,06 - Montréal,130256.0,2944.0,133200,6428.38,0.63,13.0,0.0,13,280,13.47,na,na,127393,32,4748,229.14,0.0,2934,692,917,205,0,0.0,0.0,0.0,0.0,na,na,8055.0,1701.0,9756.0,470.84,0.0,0.0,0.0,0.0,na,1096298.0,132877.0,963421,0.0,0,0.0,na,2708505.0,27.0,21.0,48.0,0.7
2021-07-13,Région,RSS06,06 - Montréal,130288.0,2944.0,133232,6429.93,0.77,16.0,0.0,16,289,13.9,na,na,127416,21,4748,229.14,0.0,2934,692,917,205,0,0.0,0.0,0.0,0.0,na,na,8055.0,1701.0,9756.0,470.84,0.0,0.0,0.0,0.0,na,1098036.0,132914.0,965122,0.0,0,0.0,na,2713974.0,26.0,20.0,46.0,0.69
2021-07-14,Région,RSS06,06 - Montréal,130316.0,2944.0,133260,6431.28,0.63,13.0,0.0,13,301,14.48,na,na,127432,17,4749,229.19,0.0,2934,692,918,205,0,0.0,0.0,0.0,0.0,na,na,8058.0,1701.0,9759.0,470.98,0.0,0.0,0.0,0.0,na,1099450.0,132940.0,966510,0.0,0,0.0,na,2718394.0,29.0,17.0,46.0,0.7
2021-07-15,Région,RSS06,06 - Montréal,130351.0,2944.0,133295,6432.97,0.87,18.0,0.0,18,300,14.43,na,na,127467,34,4750,229.24,0.0,2934,692,919,205,0,0.0,0.0,0.0,0.0,na,na,8060.0,1702.0,9762.0,471.13,0.0,0.0,0.0,0.0,na,1100836.0,132972.0,967864,0.0,0,0.0,na,2723109.0,30.0,18.0,48.0,0.73
2021-07-18,Région,RSS06,06 - Montréal,130442.0,2944.0,133386,6437.36,0.48,10.0,0.0,10,305,14.67,na,na,127552,20,4751,229.29,0.0,2934,692,920,205,0,0.0,0.0,0.0,0.0,na,na,8064.0,1703.0,9767.0,471.37,0.0,0.0,0.0,0.0,na,1104834.0,133068.0,971766,0.0,0,0.0,na,2735763.0,28.0,16.0,44.0,0.45
2021-07-19,Région,RSS06,06 - Montréal,130387.0,2944.0,133331,6434.71,0.34,7.0,0.0,7,305,14.67,na,na,127498,27,4751,229.29,0.0,2934,692,920,205,0,0.0,0.0,0.0,0.0,na,na,8065.0,1703.0,9768.0,471.41,0.0,0.0,0.0,0.0,na,1106265.0,133100.0,973165,0.0,0,0.0,na,2739905.0,26.0,15.0,41.0,0.7
2021-07-20,Région,RSS06,06 - Montréal,130434.0,2944.0,133378,6436.97,1.64,34.0,0.0,34,336,16.17,na,na,127503,20,4751,229.29,0.0,2934,692,920,205,0,0.0,0.0,0.0,0.0,na,na,8065.0,1703.0,9768.0,471.41,0.0,0.0,0.0,0.0,na,1107657.0,133139.0,974518,0.0,0,0.0,na,2744350.0,23.0,14.0,37.0,0.79
2021-07-21,Région,RSS06,06 - Montréal,130349.0,2928.0,133277,6432.1,1.11,22.0,1.0,23,358,17.22,na,na,127378,25,4752,229.34,0.0,2934,692,921,205,0,0.0,0.0,0.0,0.0,na,na,8066.0,1703.0,9769.0,471.46,0.0,0.0,0.0,0.0,na,1108990.0,133185.0,975805,0.0,0,0.0,na,2748831.0,22.0,14.0,36.0,0.88
2021-07-22,Région,RSS06,06 - Montréal,130394.0,2928.0,133322,6434.27,1.06,22.0,0.0,22,374,17.99,na,na,127627,36,4752,229.34,0.0,2934,692,921,205,0,0.0,0.0,0.0,0.0,na,na,8068.0,1703.0,9771.0,471.56,0.0,0.0,0.0,0.0,na,1110511.0,133230.0,977281,0.0,0,0.0,na,2753756.0,20.0,14.0,34.0,0.89
2021-07-25,Région,RSS06,06 - Montréal,130525.0,2929.0,133454,6440.64,0.96,19.0,1.0,20,401,19.29,na,na,127729,36,4752,229.34,0.0,2934,692,921,205,0,0.0,0.0,0.0,0.0,na,na,8072.0,1704.0,9776.0,471.8,0.05,0.0,1.0,1.0,na,1114387.0,133352.0,981035,0.0,0,0.0,na,2765735.0,21.0,14.0,35.0,0.88
2021-07-26,Région,RSS06,06 - Montréal,130556.0,2929.0,133485,6442.14,0.77,16.0,0.0,16,397,19.1,na,na,127764,35,4754,229.43,0.0,2934,692,923,205,0,0.0,0.0,0.0,0.0,na,na,8073.0,1705.0,9778.0,471.9,0.0,0.0,0.0,0.0,na,1115489.0,133380.0,982109,0.0,0,0.0,na,2769073.0,19.0,15.0,34.0,0.83
2021-07-27,Région,RSS06,06 - Montréal,130601.0,2929.0,133530,6444.31,1.06,22.0,0.0,22,406,19.53,na,na,127800,37,4754,229.43,0.0,2934,692,923,205,0,0.0,0.0,0.0,0.0,na,na,8075.0,1705.0,9780.0,471.99,0.0,0.0,0.0,0.0,na,1116793.0,133432.0,983361,0.0,0,0.0,na,2773694.0,19.0,15.0,34.0,1.03
2021-07-28,Région,RSS06,06 - Montréal,130646.0,2930.0,133576,6446.53,1.01,20.0,1.0,21,416,20.01,na,na,127834,40,4754,229.43,0.0,2934,692,923,205,0,0.0,0.0,0.0,0.0,na,na,8075.0,1705.0,9780.0,471.99,0.0,0.0,0.0,0.0,na,1118926.0,133476.0,985450,0.0,0,0.0,na,2778786.0,na,na,na,1.04
2021-07-29,Région,RSS06,06 - Montréal,130691.0,2929.0,133620,6448.65,0.63,13.0,0.0,13,419,20.16,na,na,127875,41,4754,229.43,0.0,2934,692,923,205,0,0.0,0.0,0.0,0.0,na,na,8076.0,1705.0,9781.0,472.04,0.0,0.0,0.0,0.0,na,1120288.0,133517.0,986771,0.0,0,0.0,na,2783482.0,20.0,13.0,33.0,1.0
2021-08-01,Région,RSS06,06 - Montréal,130883.0,2930.0,133813,6457.97,1.15,24.0,0.0,24,447,21.51,na,na,128024,56,4754,229.43,0.0,2934,692,923,205,0,0.0,0.0,0.0,0.0,na,na,8079.0,1706.0,9785.0,472.24,0.0,0.0,0.0,0.0,na,1124285.0,133709.0,990576,0.0,0,0.0,na,2795806.0,19.0,15.0,34.0,1.06
2021-08-02,Région,RSS06,06 - Montréal,130932.0,2930.0,133862,6460.33,1.54,32.0,0.0,32,449,21.6,na,na,128072,48,4754,229.43,0.0,2934,692,923,205,0,0.0,0.0,0.0,0.0,na,na,8079.0,1706.0,9785.0,472.24,0.0,0.0,0.0,0.0,na,1125554.0,133751.0,991803,0.0,0,0.0,na,2799529.0,17.0,14.0,31.0,1.13
2021-08-03,Région,RSS06,06 - Montréal,130971.0,2930.0,133901,6462.21,1.01,21.0,0.0,21,447,21.51,na,na,128113,41,4754,229.43,0.0,2934,692,923,205,0,0.0,0.0,0.0,0.0,na,na,8081.0,1706.0,9787.0,472.33,0.05,1.0,0.0,1.0,na,1127118.0,133800.0,993318,0.0,0,0.0,na,2804756.0,18.0,13.0,31.0,1.02
2021-08-04,Région,RSS06,06 - Montréal,131113.0,2930.0,134043,6469.07,5.29,110.0,0.0,110,549,26.41,na,na,128153,38,4754,229.43,0.0,2934,692,923,205,0,0.0,0.0,0.0,0.0,na,na,8082.0,1707.0,9789.0,472.43,0.1,1.0,1.0,2.0,na,1129606.0,133874.0,995732,0.0,0,0.0,na,2810992.0,19.0,13.0,32.0,1.11
2021-08-05,Région,RSS06,06 - Montréal,131162.0,2931.0,134093,6471.48,2.65,55.0,0.0,55,561,26.99,na,na,128189,40,4755,229.48,0.0,2934,692,924,205,0,0.0,0.0,0.0,0.0,na,na,8082.0,1707.0,9789.0,472.43,0.0,0.0,0.0,0.0,na,1131713.0,133974.0,997739,0.0,0,0.0,na,2817006.0,20.0,13.0,33.0,1.33
2021-08-07,Région,RSS06,06 - Montréal,131378,2929,134307,6481.81,4.09,84,1,85,697,33.53,na,na,128267,47,4755,229.48,0.0,2934,692,924,205,0,0,0,0,0,na,na,7922.0,1603.0,9525.0,459.69,0.0,0.0,0.0,0.0,na,19.0,12.0,31.0,1136415,134209,1002206,2830819,90,4938,5028,1.79,1.48
2021-08-08,Région,RSS06,06 - Montréal,131415.0,2929.0,134344,6483.59,1.78,37.0,0.0,37,665,31.99,na,na,128336,69,4755,229.48,0.0,2934,692,924,205,0,0.0,0.0,0.0,0.0,na,na,7923.0,1604.0,9527.0,459.78,0.1,1.0,1.0,2.0,na,1137056.0,134237.0,1002819,0.0,0,0.0,na,2832510.0,20.0,12.0,32.0,1.66
