Date;Nouveaux cas;Cumulatif de cas;
2020-02-25;1;1;
2020-02-26;0;1;
2020-02-27;0;1;
2020-02-28;0;1;
2020-02-29;0;1;
2020-03-01;1;2;
2020-03-02;2;4;
2020-03-03;0;4;
2020-03-04;0;4;
2020-03-05;0;4;
2020-03-06;0;4;
2020-03-07;0;4;
2020-03-08;1;5;
2020-03-09;1;6;
2020-03-10;2;8;
2020-03-11;3;11;
2020-03-12;3;14;
2020-03-13;2;16;
2020-03-14;5;21;
2020-03-15;6;27;
2020-03-16;5;32;
2020-03-17;7;39;
2020-03-18;6;45;
2020-03-19;36;81;
2020-03-20;49;130;
2020-03-21;91;221;
2020-03-22;88;309;
2020-03-23;132;441;
2020-03-24;145;586;
2020-03-25;186;772;
2020-03-26;180;952;
2020-03-27;241;1193;
2020-03-28;199;1392;
2020-03-29;258;1650;
2020-03-30;265;1915;
2020-03-31;330;2245;
2020-04-01;304;2549;
2020-04-02;409;2958;
2020-04-03;347;3305;
2020-04-04;340;3645;
2020-04-05;259;3904;
2020-04-06;457;4361;
2020-04-07;422;4783;
2020-04-08;373;5156;
2020-04-09;351;5507;
2020-04-10;305;5812;
2020-04-11;261;6073;
2020-04-12;329;6402;
2020-04-13;542;6944;
2020-04-14;468;7412;
2020-04-15;613;8025;
2020-04-16;497;8522;
2020-04-17;571;9093;
2020-04-18;331;9424;
2020-04-19;430;9854;
2020-04-20;483;10337;
2020-04-21;457;10794;
2020-04-22;531;11325;
2020-04-23;527;11852;
2020-04-24;493;12345;
2020-04-25;312;12657;
2020-04-26;281;12938;
2020-04-27;461;13399;
2020-04-28;471;13870;
2020-04-29;518;14388;
2020-04-30;588;14976;
2020-05-01;615;15591;
2020-05-02;526;16117;
2020-05-03;345;16462;
2020-05-04;419;16881;
2020-05-05;469;17350;
2020-05-06;569;17919;
2020-05-07;429;18348;
2020-05-08;429;18777;
2020-05-09;313;19090;
2020-05-10;299;19389;
2020-05-11;365;19754;
2020-05-12;427;20181;
2020-05-13;401;20582;
2020-05-14;353;20935;
2020-05-15;348;21283;
2020-05-16;271;21554;
2020-05-17;343;21897;
2020-05-18;332;22229;
2020-05-19;319;22548;
2020-05-20;407;22955;
2020-05-21;380;23335;
2020-05-22;257;23592;
2020-05-23;216;23808;
2020-05-24;216;24024;
2020-05-25;204;24228;
2020-05-26;240;24468;
2020-05-27;253;24721;
2020-05-28;193;24914;
2020-05-29;193;25107;
2020-05-30;205;25312;
2020-05-31;140;25452;
2020-06-01;156;25608;
2020-06-02;97;25705;
2020-06-03;114;25819;
2020-06-04;128;25947;
2020-06-05;109;26056;
2020-06-06;105;26161;
2020-06-07;76;26237;
2020-06-08;51;26288;
2020-06-09;79;26367;
2020-06-10;67;26434;
2020-06-11;66;26500;
2020-06-12;72;26572;
2020-06-13;66;26638;
2020-06-14;28;26666;
2020-06-15;56;26722;
2020-06-16;74;26796;
2020-06-17;53;26849;
2020-06-18;48;26897;
2020-06-19;64;26961;
2020-06-20;33;26994;
2020-06-21;27;27021;
2020-06-22;41;27062;
2020-06-23;40;27102;
2020-06-24;29;27131;
2020-06-25;46;27177;
2020-06-26;42;27219;
2020-06-27;30;27249;
2020-06-28;18;27267;
2020-06-29;16;27283;
2020-06-30;40;27323;
2020-07-01;24;27347;
2020-07-02;16;27363;
2020-07-03;17;27380;
2020-07-04;16;27396;
2020-07-05;7;27403;
2020-07-06;16;27419;
2020-07-07;21;27440;
2020-07-08;33;27473;
2020-07-09;52;27525;
2020-07-10;50;27575;
2020-07-11;21;27596;
2020-07-12;13;27609;
2020-07-13;75;27684;
2020-07-14;65;27749;
2020-07-15;69;27818;
2020-07-16;66;27884;
2020-07-17;100;27984;
2020-07-18;97;28081;
2020-07-19;55;28136;
2020-07-20;37;28173;
2020-07-21;63;28236;
2020-07-22;79;28315;
2020-07-23;94;28409;
2020-07-24;69;28478;
2020-07-25;34;28512;
2020-07-26;52;28564;
2020-07-27;34;28598;
2020-07-28;37;28635;
2020-07-29;69;28704;
2020-07-30;59;28763;
2020-07-31;57;28820;
2020-08-01;50;28870;
2020-08-02;31;28901;
2020-08-03;45;28946;
2020-08-04;65;29011;
2020-08-05;46;29057;
2020-08-06;21;29078;
2020-08-07;46;29124;
2020-08-08;35;29159;
2020-08-09;38;29197;
2020-08-10;34;29231;
2020-08-11;36;29267;
2020-08-12;35;29302;
2020-08-13;38;29340;
2020-08-14;30;29370;
2020-08-15;14;29384;
2020-08-16;12;29396;
2020-08-17;17;29413;
2020-08-18;17;29430;
2020-08-19;22;29452;
2020-08-20;36;29488;
2020-08-21;32;29520;
2020-08-22;20;29540;
2020-08-23;21;29561;
2020-08-24;8;29569;
2020-08-25;29;29598;
2020-08-26;41;29639;
2020-08-27;43;29682;
2020-08-28;25;29707;
2020-08-29;54;29761;
2020-08-30;14;29775;
2020-08-31;32;29807;
2020-09-01;36;29843;
2020-09-02;36;29879;
2020-09-03;72;29951;
2020-09-04;49;30000;
2020-09-05;64;30064;
2020-09-06;57;30121;
2020-09-07;50;30171;
2020-09-08;71;30242;
2020-09-09;70;30312;
2020-09-10;90;30402;
2020-09-11;109;30511;
2020-09-12;71;30582;
2020-09-13;98;30680;
2020-09-14;71;30751;
2020-09-15;95;30846;
2020-09-16;80;30926;
2020-09-17;71;30997;
2020-09-18;200;31197;
2020-09-19;141;31338;
2020-09-20;203;31541;
2020-09-21;140;31681;
2020-09-22;170;31851;
2020-09-23;254;32105;
2020-09-24;238;32343;
2020-09-25;287;32630;
2020-09-26;353;32983;
2020-09-27;274;33257;
2020-09-28;284;33541;
2020-09-29;357;33898;
2020-09-30;317;34215;
2020-10-01;313;34528;
2020-10-02;418;34946;
2020-10-03;372;35318;
2020-10-04;301;35619;
2020-10-05;279;35898;
2020-10-06;257;36155;
2020-10-07;305;36460;
2020-10-08;348;36808;
2020-10-09;287;37095;
2020-10-10;196;37291;
2020-10-11;328;37619;
2020-10-12;273;37892;
2020-10-13;204;38096;
2020-10-14;272;38368;
2020-10-15;255;38623;
2020-10-16;266;38889;
2020-10-17;276;39165;
2020-10-18;192;39357;
2020-10-19;244;39601;
2020-10-20;254;39855;
2020-10-21;292;40147;
2020-10-22;223;40370;
2020-10-23;247;40617;
2020-10-24;166;40783;
2020-10-25;220;41003;
2020-10-26;361;41364;
2020-10-27;244;41608;
2020-10-28;212;41820;
2020-10-29;219;42039;
2020-10-30;197;42236;
2020-10-31;239;42542;
2020-11-01;236;42778;
2020-11-02;198;42909;
2020-11-03;241;43150;
2020-11-04;246;43396;
2020-11-05;328;43724;
2020-11-06;265;43989;
2020-11-07;273;44262;
2020-11-08;277;44539;
2020-11-09;271;44810;
2020-11-10;323;45133;
2020-11-11;349;45482;
2020-11-12;286;45768;
2020-11-13;331;46099;
2020-11-14;310;46409;
2020-11-15;278;46687;
2020-11-16;308;46995;
2020-11-17;238;47233;
2020-11-18;230;47463;
2020-11-19;284;47747;
2020-11-20;255;48002;
2020-11-21;268;48270;
2020-11-22;303;48573;
2020-11-23;278;48851;
2020-11-24;245;49096;
2020-11-25;304;49400;
2020-11-26;348;49748;
2020-11-27;417;50165;
2020-11-28;447;50612;
2020-11-29;365;50977;
2020-11-30;338;51315;
2020-12-01;418;51733;
2020-12-02;459;52192;
2020-12-03;452;52644;
2020-12-04;501;53145;
2020-12-05;522;53667;
2020-12-06;486;54153;
2020-12-07;464;54617;
2020-12-08;532;55149;
2020-12-09;589;55738;
2020-12-10;550;56288;
2020-12-11;649;56937;
2020-12-12;738;57675;
2020-12-13;569;58244;
2020-12-14;678;58922;
2020-12-15;560;59482;
2020-12-16;702;60184;
2020-12-17;936;61120;
2020-12-18;817;61937;
2020-12-19;698;62635;
2020-12-20;650;63285;
2020-12-21;753;64038;
2020-12-22;765;64803;
2020-12-23;706;65509;
2020-12-24;883;66392;
2020-12-25;951;67343;
2020-12-26;756;68099;
2020-12-27;804;68903;
2020-12-28;846;69749;
2020-12-29;1001;70750;
2020-12-30;937;71687;
2020-12-31;749;72436;
2021-01-01;1234;73670;
2021-01-02;930;74600;
2021-01-03;793;75393;
2021-01-04;773;76166;
2021-01-05;823;76989;
2021-01-06;1098;78087;
2021-01-07;1283;79370;
2021-01-08;1050;80420;
2021-01-09;824;81244;
2021-01-10;780;82024;
2021-01-11;564;82588;
2021-01-12;864;83452;
2021-01-13;735;84187;
2021-01-14;819;85006;
2021-01-15;717;85723;
2021-01-16;886;86609;
2021-01-17;586;87195;
2021-01-18;472;87667;
2021-01-19;639;88306;
2021-01-20;673;88979;
2021-01-21;767;89746;
2021-01-22;615;90361;
2021-01-23;565;90926;
2021-01-24;431;91357;
2021-01-25;506;91863;
2021-01-26;596;92459;
2021-01-27;455;92914;
2021-01-28;580;93494;
2021-01-29;499;93993;
2021-01-30;557;94550;
2021-01-31;390;94940;
2021-02-01;471;95411;
2021-02-02;561;95972;
2021-02-03;487;96459;
2021-02-04;525;96984;
2021-02-05;554;97538;
2021-02-06;514;98052;
2021-02-07;410;98462;
2021-02-08;335;98797;
2021-02-09;452;99249;
2021-02-10;552;99801;
2021-02-11;477;100278;
2021-02-12;486;100764;
2021-02-13;342;101106;
2021-02-14;354;101460;
2021-02-15;317;101777;
2021-02-16;414;102191;
2021-02-17;332;102523;
2021-02-18;377;102900;
2021-02-19;395;103295;
2021-02-20;392;103687;
2021-02-21;406;104093;
2021-02-22;259;104352;
2021-02-23;419;104771;
2021-02-24;410;105181;
2021-02-25;390;105571;
2021-02-26;399;105970;
2021-02-27;324;106294;
2021-02-28;249;106543;
2021-03-01;259;106802;
2021-03-02;391;107193;
2021-03-03;306;107499;
2021-03-04;372;107871;
2021-03-05;281;108152;
2021-03-06;397;108549;
2021-03-07;277;108826;
2021-03-08;158;108984;
;;;
;;;
;;;
;;;
;;;
;;;
;;;
;;;
;;;
;;;
;;;
;;;
;;;
;;;
;;;
;;;
;;;
;;;
;;;
;;;
;;;
;;;
;;;
;;;
;;;
;;;
;;;
;;;
;;;
;;;
;;;
;;;
;;;
;;;
;;;
;;;
;;;
;;;
;;;
;;;
;;;
;;;
;;;
;;;
;;;
;;;
;;;
;;;
;;;
;;;
;;;
;;;
;;;
;;;
;;;
;;;
;;;
;;;
;;;
;;;
;;;
;;;
;;;
;;;
;;;
;;;
;;;
;;;
;;;
;;;
;;;
;;;
;;;
;;;
;;;
;;;
;;;
;;;
;;;
;;;
;;;
;;;
;;;
;;;
;;;
;;;
;;;
;;;
;;;
;;;
;;;
;;;
;;;
;;;
;;;
;;;
;;;
;;;
;;;
;;;
;;;
;;;
;;;
;;;
;;;
;;;
;;;
;;;
;;;
;;;
;;;
;;;
;;;
;;;
;;;
;;;
;;;
;;;
;;;
;;;
;;;
;;;
;;;
;;;
;;;
;;;
;;;
;;;
;;;
;;;
;;;
;;;
;;;
;;;
;;;
;;;
;;;
;;;
;;;
;;;
;;;
;;;
;;;
;;;
;;;
;;;
;;;
;;;
;;;
