Date;Nouveaux cas;Cumulatif de cas;;
2020-02-25;1;1;;
2020-02-26;0;1;;
2020-02-27;0;1;;
2020-02-28;0;1;;
2020-02-29;0;1;;
2020-03-01;0;1;;
2020-03-02;2;3;;
2020-03-03;0;3;;
2020-03-04;0;3;;
2020-03-05;0;3;;
2020-03-06;0;3;;
2020-03-07;0;3;;
2020-03-08;1;4;;
2020-03-09;1;5;;
2020-03-10;2;7;;
2020-03-11;3;10;;
2020-03-12;3;13;;
2020-03-13;2;15;;
2020-03-14;5;20;;
2020-03-15;6;26;;
2020-03-16;5;31;;
2020-03-17;7;38;;
2020-03-18;6;44;;
2020-03-19;36;80;;
2020-03-20;49;129;;
2020-03-21;91;220;;
2020-03-22;90;310;;
2020-03-23;133;443;;
2020-03-24;145;588;;
2020-03-25;187;775;;
2020-03-26;180;955;;
2020-03-27;243;1198;;
2020-03-28;200;1398;;
2020-03-29;259;1657;;
2020-03-30;266;1923;;
2020-03-31;331;2254;;
2020-04-01;305;2559;;
2020-04-02;408;2967;;
2020-04-03;348;3315;;
2020-04-04;339;3654;;
2020-04-05;261;3915;;
2020-04-06;456;4371;;
2020-04-07;423;4794;;
2020-04-08;375;5169;;
2020-04-09;349;5518;;
2020-04-10;305;5823;;
2020-04-11;264;6087;;
2020-04-12;330;6417;;
2020-04-13;544;6961;;
2020-04-14;469;7430;;
2020-04-15;613;8043;;
2020-04-16;497;8540;;
2020-04-17;571;9111;;
2020-04-18;330;9441;;
2020-04-19;432;9873;;
2020-04-20;482;10355;;
2020-04-21;461;10816;;
2020-04-22;536;11352;;
2020-04-23;531;11883;;
2020-04-24;495;12378;;
2020-04-25;316;12694;;
2020-04-26;286;12980;;
2020-04-27;462;13442;;
2020-04-28;475;13917;;
2020-04-29;523;14440;;
2020-04-30;588;15028;;
2020-05-01;622;15650;;
2020-05-02;526;16176;;
2020-05-03;345;16521;;
2020-05-04;422;16943;;
2020-05-05;470;17413;;
2020-05-06;568;17981;;
2020-05-07;431;18412;;
2020-05-08;433;18845;;
2020-05-09;314;19159;;
2020-05-10;300;19459;;
2020-05-11;364;19823;;
2020-05-12;431;20254;;
2020-05-13;402;20656;;
2020-05-14;354;21010;;
2020-05-15;346;21356;;
2020-05-16;272;21628;;
2020-05-17;336;21964;;
2020-05-18;332;22296;;
2020-05-19;316;22612;;
2020-05-20;408;23020;;
2020-05-21;380;23400;;
2020-05-22;255;23655;;
2020-05-23;218;23873;;
2020-05-24;215;24088;;
2020-05-25;207;24295;;
2020-05-26;240;24535;;
2020-05-27;254;24789;;
2020-05-28;194;24983;;
2020-05-29;194;25177;;
2020-05-30;206;25383;;
2020-05-31;140;25523;;
2020-06-01;159;25682;;
2020-06-02;97;25779;;
2020-06-03;115;25894;;
2020-06-04;129;26023;;
2020-06-05;108;26131;;
2020-06-06;104;26235;;
2020-06-07;76;26311;;
2020-06-08;51;26362;;
2020-06-09;80;26442;;
2020-06-10;67;26509;;
2020-06-11;66;26575;;
2020-06-12;72;26647;;
2020-06-13;67;26714;;
2020-06-14;28;26742;;
2020-06-15;57;26799;;
2020-06-16;73;26872;;
2020-06-17;53;26925;;
2020-06-18;49;26974;;
2020-06-19;65;27039;;
2020-06-20;33;27072;;
2020-06-21;26;27098;;
2020-06-22;39;27137;;
2020-06-23;40;27177;;
2020-06-24;28;27205;;
2020-06-25;47;27252;;
2020-06-26;42;27294;;
2020-06-27;30;27324;;
2020-06-28;18;27342;;
2020-06-29;16;27358;;
2020-06-30;40;27398;;
2020-07-01;23;27421;;
2020-07-02;17;27438;;
2020-07-03;18;27456;;
2020-07-04;16;27472;;
2020-07-05;7;27479;;
2020-07-06;16;27495;;
2020-07-07;21;27516;;
2020-07-08;33;27549;;
2020-07-09;52;27601;;
2020-07-10;48;27649;;
2020-07-11;22;27671;;
2020-07-12;13;27684;;
2020-07-13;76;27760;;
2020-07-14;66;27826;;
2020-07-15;69;27895;;
2020-07-16;68;27963;;
2020-07-17;102;28065;;
2020-07-18;98;28163;;
2020-07-19;55;28218;;
2020-07-20;37;28255;;
2020-07-21;65;28320;;
2020-07-22;78;28398;;
2020-07-23;98;28496;;
2020-07-24;69;28565;;
2020-07-25;32;28597;;
2020-07-26;52;28649;;
2020-07-27;41;28690;;
2020-07-28;37;28727;;
2020-07-29;72;28799;;
2020-07-30;60;28859;;
2020-07-31;57;28916;;
2020-08-01;50;28966;;
2020-08-02;30;28996;;
2020-08-03;45;29041;;
2020-08-04;64;29105;;
2020-08-05;47;29152;;
2020-08-06;21;29173;;
2020-08-07;46;29219;;
2020-08-08;37;29256;;
2020-08-09;37;29293;;
2020-08-10;33;29326;;
2020-08-11;36;29362;;
2020-08-12;33;29395;;
2020-08-13;38;29433;;
2020-08-14;30;29463;;
2020-08-15;14;29477;;
2020-08-16;12;29489;;
2020-08-17;17;29506;;
2020-08-18;16;29522;;
2020-08-19;22;29544;;
2020-08-20;34;29578;;
2020-08-21;33;29611;;
2020-08-22;20;29631;;
2020-08-23;23;29654;;
2020-08-24;10;29664;;
2020-08-25;30;29694;;
2020-08-26;42;29736;;
2020-08-27;43;29779;;
2020-08-28;24;29803;;
2020-08-29;55;29858;;
2020-08-30;13;29871;;
2020-08-31;32;29903;;
2020-09-01;36;29939;;
2020-09-02;36;29975;;
2020-09-03;71;30046;;
2020-09-04;49;30095;;
2020-09-05;66;30161;;
2020-09-06;59;30220;;
2020-09-07;51;30271;;
2020-09-08;72;30343;;
2020-09-09;70;30413;;
2020-09-10;90;30503;;
2020-09-11;108;30611;;
2020-09-12;71;30682;;
2020-09-13;96;30778;;
2020-09-14;73;30851;;
2020-09-15;94;30945;;
2020-09-16;79;31024;;
2020-09-17;71;31095;;
2020-09-18;199;31294;;
2020-09-19;139;31433;;
2020-09-20;204;31637;;
2020-09-21;141;31778;;
2020-09-22;169;31947;;
2020-09-23;255;32202;;
2020-09-24;232;32434;;
2020-09-25;288;32722;;
2020-09-26;343;33065;;
2020-09-27;275;33340;;
2020-09-28;282;33622;;
2020-09-29;355;33977;;
2020-09-30;315;34292;;
2020-10-01;308;34600;;
2020-10-02;415;35015;;
2020-10-03;372;35387;;
2020-10-04;303;35690;;
2020-10-05;280;35970;;
2020-10-06;256;36226;;
2020-10-07;297;36523;;
2020-10-08;346;36869;;
2020-10-09;286;37155;;
2020-10-10;193;37348;;
2020-10-11;329;37677;;
2020-10-12;267;37944;;
2020-10-13;204;38148;;
2020-10-14;270;38418;;
2020-10-15;256;38674;;
2020-10-16;264;38938;;
2020-10-17;272;39210;;
2020-10-18;194;39404;;
2020-10-19;241;39645;;
2020-10-20;253;39898;;
2020-10-21;287;40185;;
2020-10-22;226;40411;;
2020-10-23;246;40657;;
2020-10-24;166;40823;;
2020-10-25;221;41044;;
2020-10-26;354;41398;;
2020-10-27;245;41643;;
2020-10-28;208;41851;;
2020-10-29;219;42070;;
2020-10-30;197;42267;;
2020-10-31;241;42542;;
2020-11-01;236;42778;;
2020-11-02;198;42942;;
2020-11-03;239;43181;;
2020-11-04;247;43428;;
2020-11-05;326;43754;;
2020-11-06;264;44018;;
2020-11-07;271;44289;;
2020-11-08;276;44565;;
2020-11-09;266;44831;;
2020-11-10;319;45150;;
2020-11-11;347;45497;;
2020-11-12;283;45780;;
2020-11-13;327;46107;;
2020-11-14;303;46410;;
2020-11-15;276;46686;;
2020-11-16;309;46995;;
2020-11-17;239;47234;;
2020-11-18;231;47465;;
2020-11-19;284;47749;;
2020-11-20;254;48003;;
2020-11-21;268;48271;;
2020-11-22;300;48571;;
2020-11-23;275;48846;;
2020-11-24;237;49083;;
2020-11-25;303;49386;;
2020-11-26;347;49733;;
2020-11-27;415;50148;;
2020-11-28;446;50594;;
2020-11-29;364;50958;;
2020-11-30;334;51292;;
2020-12-01;418;51710;;
2020-12-02;457;52167;;
2020-12-03;450;52617;;
2020-12-04;499;53116;;
2020-12-05;516;53632;;
2020-12-06;481;54113;;
2020-12-07;461;54574;;
2020-12-08;529;55103;;
2020-12-09;588;55691;;
2020-12-10;547;56238;;
2020-12-11;646;56884;;
2020-12-12;730;57614;;
2020-12-13;564;58178;;
2020-12-14;678;58856;;
2020-12-15;554;59410;;
2020-12-16;699;60109;;
2020-12-17;926;61035;;
2020-12-18;811;61846;;
2020-12-19;699;62545;;
2020-12-20;651;63196;;
2020-12-21;754;63950;;
2020-12-22;759;64709;;
2020-12-23;700;65409;;
2020-12-24;877;66286;;
2020-12-25;944;67230;;
2020-12-26;754;67984;;
2020-12-27;802;68786;;
2020-12-28;842;69628;;
2020-12-29;997;70625;;
2020-12-30;934;71559;;
2020-12-31;746;72305;;
2021-01-01;1231;73536;;
2021-01-02;924;74460;;
2021-01-03;791;75251;;
2021-01-04;769;76020;;
2021-01-05;821;76841;;
2021-01-06;1093;77934;;
2021-01-07;1278;79212;;
2021-01-08;1048;80260;;
2021-01-09;820;81080;;
2021-01-10;778;81858;;
2021-01-11;566;82424;;
2021-01-12;862;83286;;
2021-01-13;729;84015;;
2021-01-14;817;84832;;
2021-01-15;713;85545;;
2021-01-16;881;86426;;
2021-01-17;583;87009;;
2021-01-18;471;87480;;
2021-01-19;638;88118;;
2021-01-20;671;88789;;
2021-01-21;764;89553;;
2021-01-22;614;90167;;
2021-01-23;562;90729;;
2021-01-24;429;91158;;
2021-01-25;504;91662;;
2021-01-26;593;92255;;
2021-01-27;455;92710;;
2021-01-28;575;93285;;
2021-01-29;499;93784;;
2021-01-30;557;94341;;
2021-01-31;387;94728;;
2021-02-01;470;95198;;
2021-02-02;560;95758;;
2021-02-03;485;96243;;
2021-02-04;524;96767;;
2021-02-05;554;97321;;
2021-02-06;510;97831;;
2021-02-07;405;98236;;
2021-02-08;332;98568;;
2021-02-09;451;99019;;
2021-02-10;550;99569;;
2021-02-11;472;100041;;
2021-02-12;483;100524;;
2021-02-13;344;100868;;
2021-02-14;352;101220;;
2021-02-15;322;101542;;
2021-02-16;410;101952;;
2021-02-17;332;102284;;
2021-02-18;377;102661;;
2021-02-19;395;103056;;
2021-02-20;390;103446;;
2021-02-21;404;103850;;
2021-02-22;263;104113;;
2021-02-23;421;104534;;
2021-02-24;409;104943;;
2021-02-25;388;105331;;
2021-02-26;401;105732;;
2021-02-27;324;106056;;
2021-02-28;249;106305;;
2021-03-01;258;106563;;
2021-03-02;392;106955;;
2021-03-03;302;107257;;
2021-03-04;375;107632;;
2021-03-05;280;107912;;
2021-03-06;399;108311;;
2021-03-07;267;108578;;
2021-03-08;260;108838;;
2021-03-09;391;109229;;
2021-03-10;316;109545;;
2021-03-11;362;109907;;
2021-03-12;390;110297;;
2021-03-13;278;110575;;
2021-03-14;271;110846;;
2021-03-15;244;111090;;
2021-03-16;340;111430;;
2021-03-17;315;111745;;
2021-03-18;355;112100;;
2021-03-19;319;112419;;
2021-03-20;267;112686;;
2021-03-21;307;112993;;
2021-03-22;226;113219;;
2021-03-23;339;113558;;
2021-03-24;368;113926;;
2021-03-25;354;114280;;
2021-03-26;361;114641;;
2021-03-27;310;114951;;
2021-03-28;262;115213;;
2021-03-29;306;115519;;
2021-03-30;378;115897;;
2021-03-31;402;116299;;
2021-04-01;357;116656;;
2021-04-02;386;117042;;
2021-04-03;356;117398;;
2021-04-04;301;117699;;
2021-04-05;293;117992;;
2021-04-06;311;118303;;
2021-04-07;406;118709;;
2021-04-08;392;119101;;
2021-04-09;516;119617;;
2021-04-10;296;119913;;
2021-04-11;376;120289;;
2021-04-12;261;120550;;
2021-04-13;373;120923;;
2021-04-14;353;121276;;
2021-04-15;431;121707;;
2021-04-16;367;122074;;
2021-04-17;351;122425;;
2021-04-18;217;122642;;
2021-04-19;253;122895;;
2021-04-20;273;123168;;
2021-04-21;312;123480;;
2021-04-22;315;123795;;
2021-04-23;228;124023;;
2021-04-24;341;124364;;
2021-04-25;198;124562;;
2021-04-26;244;124806;;
2021-04-27;292;125098;;
2021-04-28;310;125408;;
2021-04-29;343;125751;;
2021-04-30;323;126074;;
2021-05-01;262;126336;;
2021-05-02;211;126547;;
2021-05-03;224;126771;;
2021-05-04;238;127009;;
2021-05-05;200;127209;;
2021-05-06;259;127468;;
2021-05-07;279;127747;;
2021-05-08;212;127959;;
2021-05-09;196;128155;;
2021-05-10;189;128344;;
2021-05-11;261;128605;;
2021-05-12;261;128866;;
2021-05-13;291;129157;;
2021-05-14;243;129400;;
2021-05-15;207;129607;;
2021-05-16;186;129793;;
2021-05-17;191;129984;;
2021-05-18;206;130190;;
2021-05-19;263;130453;;
2021-05-20;247;130700;;
2021-05-21;196;130896;;
2021-05-22;181;131077;;
2021-05-23;113;131190;;
2021-05-24;155;131345;;
2021-05-25;164;131509;;
2021-05-26;154;131663;;
2021-05-27;146;131809;;
2021-05-28;140;131949;;
2021-05-29;83;132032;;
2021-05-30;80;132112;;
2021-05-31;83;132195;;
2021-06-01;107;132302;;
2021-06-02;99;132401;;
2021-06-03;84;132485;;
2021-06-04;87;132572;;
2021-06-05;73;132645;;
2021-06-06;49;132694;;
2021-06-07;59;132753;;
2021-06-08;56;132809;;
2021-06-09;42;132851;;
2021-06-10;64;132915;;
2021-06-11;67;132982;;
2021-06-12;51;133033;;
2021-06-13;35;133068;;
2021-06-14;36;133104;;
2021-06-15;62;133166;;
2021-06-16;45;133211;;
2021-06-17;57;133268;;
2021-06-18;50;133318;;
2021-06-19;24;133342;;
2021-06-20;27;133369;;
2021-06-21;28;133397;;
2021-06-22;46;133443;;
2021-06-23;28;133471;;
2021-06-24;27;133498;;
2021-06-25;35;133533;;
2021-06-26;35;133568;;
2021-06-27;13;133581;;
2021-06-28;38;133619;;
2021-06-29;40;133659;;
2021-06-30;26;133685;;
2021-07-01;25;133710;;
2021-07-02;26;133736;;
2021-07-03;23;133759;;
2021-07-04;12;133771;;
2021-07-05;22;133793;;
2021-07-06;30;133823;;
2021-07-07;29;133852;;
2021-07-08;33;133885;;
2021-07-09;25;133910;;
2021-07-10;18;133928;;
2021-07-11;20;133948;;
2021-07-12;27;133975;;
2021-07-13;31;134006;;
2021-07-14;32;134038;;
2021-07-15;40;134078;;
2021-07-16;30;134108;;
2021-07-17;32;134140;;
2021-07-18;35;134175;;
2021-07-19;28;134203;;
2021-07-20;54;134257;;
2021-07-21;53;134310;;
2021-07-22;48;134358;;
2021-07-23;46;134404;;
2021-07-24;33;134437;;
2021-07-25;35;134472;;
2021-07-26;40;134512;;
2021-07-27;52;134564;;
2021-07-28;48;134612;;
2021-07-29;16;134628;;
2021-07-30;106;134734;;
2021-07-31;52;134786;;
2021-08-01;43;134829;;
2021-08-02;54;134883;;
2021-08-03;52;134935;;
2021-08-04;94;135029;;
2021-08-05;103;135132;;
2021-08-06;92;135224;;
2021-08-07;86;135310;;
2021-08-08;69;135379;;
2021-08-09;86;135465;;
2021-08-10;105;135570;;
2021-08-11;152;135722;;
2021-08-12;143;135865;;
2021-08-13;158;136023;;
2021-08-14;142;136165;;
2021-08-15;135;136300;;
2021-08-16;138;136438;;
2021-08-17;148;136586;;
2021-08-18;201;136787;;
2021-08-19;179;136966;;
2021-08-20;208;137174;;
2021-08-21;157;137331;;
2021-08-22;129;137460;;
2021-08-23;160;137620;;
2021-08-24;217;137837;;
2021-08-25;225;138062;;
2021-08-26;246;138308;;
2021-08-27;200;138508;;
2021-08-28;154;138662;;
2021-08-29;133;138795;;
2021-08-30;181;138976;;
2021-08-31;246;139222;;
2021-09-01;274;139496;;
2021-09-02;245;139741;;
2021-09-03;249;139990;;
2021-09-04;204;140194;;
2021-09-05;192;140386;;
2021-09-06;182;140568;;
2021-09-07;203;140771;;
2021-09-08;238;141009;;
2021-09-09;314;141323;;
2021-09-10;286;141609;;
2021-09-11;237;141846;;
2021-09-12;203;142049;;
2021-09-13;233;142282;;
2021-09-14;249;142531;;
2021-09-15;318;142849;;
2021-09-16;284;143133;;
2021-09-17;266;143399;;
2021-09-18;261;143660;;
2021-09-19;212;143872;;
2021-09-20;206;144078;;
2021-09-21;227;144305;;
2021-09-22;251;144556;;
2021-09-23;210;144766;;
2021-09-24;268;145034;;
2021-09-25;210;145244;;
2021-09-26;137;145381;;
2021-09-27;140;145521;;
2021-09-28;188;145709;;
2021-09-29;234;145943;;
2021-09-30;189;146132;;
2021-10-01;149;146281;;
2021-10-02;119;146400;;
2021-10-03;127;146527;;
2021-10-04;119;146646;;
2021-10-05;130;146776;;
2021-10-06;161;146937;;
2021-10-07;175;147112;;
2021-10-08;155;147267;;
2021-10-09;154;147421;;
2021-10-10;91;147512;;
2021-10-11;129;147641;;
2021-10-12;156;147797;;
2021-10-13;146;147943;;
2021-10-14;192;148135;;
2021-10-15;208;148343;;
2021-10-16;142;148485;;
2021-10-17;95;148580;;
2021-10-18;121;148701;;
2021-10-19;119;148820;;
2021-10-20;142;148962;;
2021-10-21;89;149051;;
2021-10-22;120;149171;;
2021-10-23;99;149270;;
2021-10-24;102;149372;;
2021-10-25;103;149475;;
2021-10-26;147;149622;;
2021-10-27;141;149763;;
2021-10-28;168;149931;;
2021-10-29;138;150069;;
2021-10-30;143;150212;;
2021-10-31;141;150353;;
2021-11-01;123;150476;;
2021-11-02;111;150587;;
2021-11-03;164;150751;;
2021-11-04;153;150904;;
2021-11-05;165;151069;;
2021-11-06;204;151273;;
2021-11-07;179;151452;;
2021-11-08;153;151605;;
2021-11-09;234;151839;;
2021-11-10;212;152051;;
2021-11-11;197;152248;;
2021-11-12;188;152436;;
2021-11-13;168;152604;;
2021-11-14;141;152745;;
2021-11-15;135;152880;;
2021-11-16;268;153148;;
2021-11-17;239;153387;;
2021-11-18;190;153577;;
2021-11-19;256;153833;;
2021-11-20;206;154039;;
2021-11-21;216;154255;;
2021-11-22;179;154434;;
2021-11-23;237;154671;;
2021-11-24;302;154973;;
2021-11-25;302;155275;;
2021-11-26;244;155519;;
2021-11-27;219;155738;;
2021-11-28;223;155961;;
2021-11-29;291;156252;;
2021-11-30;341;156593;;
2021-12-01;385;156978;;
2021-12-02;409;157387;;
2021-12-03;383;157770;;
2021-12-04;388;158158;;
2021-12-05;342;158500;;
2021-12-06;345;158845;;
2021-12-07;403;159248;;
2021-12-08;498;159746;;
2021-12-09;559;160305;;
2021-12-10;545;160850;;
2021-12-11;448;161298;;
2021-12-12;415;161713;;
2021-12-13;724;162437;;
2021-12-14;915;163352;;
2021-12-15;977;164329;;
2021-12-16;1147;165476;;
2021-12-17;1164;166640;;
2021-12-18;1610;168250;;
2021-12-19;1412;169662;;
2021-12-20;2024;171686;;
2021-12-21;2437;174123;;
2021-12-22;3341;177464;;
2021-12-23;3351;180815;;
2021-12-24;3401;184216;;
2021-12-25;3064;187280;;
2021-12-26;3003;190283;;
2021-12-27;3958;194241;;
2021-12-28;4672;198913;;
2021-12-29;4634;203547;;
2021-12-30;4463;208010;;
2021-12-31;4027;212037;;
2022-01-01;3693;215730;;
2022-01-02;3878;219608;;
2022-01-03;3659;223267;;
2022-01-04;4469;227736;;
2022-01-05;4473;232209;;
2022-01-06;3817;236026;;
2022-01-07;3211;239237;;
2022-01-08;2528;241765;;
2022-01-09;3267;245032;;
2022-01-10;3284;248316;;
2022-01-11;2166;250482;;
2022-01-12;2038;252520;;
2022-01-13;1929;254449;;
2022-01-14;1748;256197;;
2022-01-15;1326;257523;;
2022-01-16;1171;258694;;
2022-01-17;974;259668;;
2022-01-18;1450;261118;;
2022-01-19;1204;262322;;
2022-01-20;1133;263455;;
2022-01-21;1048;264503;;
2022-01-22;639;265142;;
2022-01-23;506;265648;;
2022-01-24;774;266422;;
2022-01-25;748;267170;;
2022-01-26;773;267943;;
2022-01-27;607;268550;;
2022-01-28;591;269141;;
2022-01-29;567;269708;;
2022-01-30;377;270085;;
2022-01-31;577;270662;;
2022-02-01;679;271341;;
2022-02-02;712;272053;;
2022-02-03;586;272639;;
2022-02-04;481;273120;;
2022-02-05;338;273458;;
2022-02-06;316;273774;;
2022-02-07;286;274060;;
;;;;
;;;;
;;;;
;;;;
;;;;
;;;;
;;;;
;;;;
;;;;
;;;;
;;;;
;;;;
;;;;
;;;;
;;;;
;;;;
;;;;
;;;;
;;;;
;;;;
;;;;
;;;;
;;;;
;;;;
;;;;
;;;;
;;;;
;;;;
;;;;
;;;;
;;;;
;;;;
;;;;
;;;;
;;;;
;;;;
;;;;
;;;;
;;;;
;;;;
;;;;
;;;;
;;;;
;;;;
;;;;
;;;;
;;;;
;;;;
;;;;
;;;;
;;;;
;;;;
;;;;
;;;;
;;;;
;;;;
;;;;
;;;;
;;;;
;;;;
;;;;
;;;;
;;;;
;;;;
;;;;
;;;;
;;;;
;;;;
;;;;
;;;;
;;;;
;;;;
;;;;
;;;;
;;;;
;;;;
;;;;
;;;;
;;;;
;;;;
;;;;
;;;;
;;;;
;;;;
;;;;
;;;;
;;;;
;;;;
;;;;
;;;;
;;;;
;;;;
;;;;
;;;;
;;;;
;;;;
;;;;
;;;;
;;;;
;;;;
;;;;
;;;;
;;;;
;;;;
;;;;
;;;;
;;;;
;;;;
;;;;
;;;;
;;;;
;;;;
;;;;
