Date;Nouveaux cas;Cumulatif de cas;;
2020-02-25;1;1;;
2020-02-26;0;1;;
2020-02-27;0;1;;
2020-02-28;0;1;;
2020-02-29;0;1;;
2020-03-01;0;1;;
2020-03-02;2;3;;
2020-03-03;0;3;;
2020-03-04;0;3;;
2020-03-05;0;3;;
2020-03-06;0;3;;
2020-03-07;0;3;;
2020-03-08;1;4;;
2020-03-09;1;5;;
2020-03-10;2;7;;
2020-03-11;3;10;;
2020-03-12;3;13;;
2020-03-13;2;15;;
2020-03-14;5;20;;
2020-03-15;6;26;;
2020-03-16;5;31;;
2020-03-17;7;38;;
2020-03-18;6;44;;
2020-03-19;36;80;;
2020-03-20;49;129;;
2020-03-21;90;219;;
2020-03-22;90;309;;
2020-03-23;133;442;;
2020-03-24;144;586;;
2020-03-25;187;773;;
2020-03-26;180;953;;
2020-03-27;243;1196;;
2020-03-28;200;1396;;
2020-03-29;259;1655;;
2020-03-30;266;1921;;
2020-03-31;331;2252;;
2020-04-01;305;2557;;
2020-04-02;408;2965;;
2020-04-03;348;3313;;
2020-04-04;339;3652;;
2020-04-05;261;3913;;
2020-04-06;456;4369;;
2020-04-07;423;4792;;
2020-04-08;375;5167;;
2020-04-09;350;5517;;
2020-04-10;305;5822;;
2020-04-11;264;6086;;
2020-04-12;330;6416;;
2020-04-13;544;6960;;
2020-04-14;469;7429;;
2020-04-15;613;8042;;
2020-04-16;497;8539;;
2020-04-17;571;9110;;
2020-04-18;330;9440;;
2020-04-19;432;9872;;
2020-04-20;482;10354;;
2020-04-21;461;10815;;
2020-04-22;536;11351;;
2020-04-23;531;11882;;
2020-04-24;495;12377;;
2020-04-25;318;12695;;
2020-04-26;287;12982;;
2020-04-27;462;13444;;
2020-04-28;475;13919;;
2020-04-29;523;14442;;
2020-04-30;587;15029;;
2020-05-01;622;15651;;
2020-05-02;526;16177;;
2020-05-03;345;16522;;
2020-05-04;422;16944;;
2020-05-05;470;17414;;
2020-05-06;568;17982;;
2020-05-07;431;18413;;
2020-05-08;433;18846;;
2020-05-09;314;19160;;
2020-05-10;300;19460;;
2020-05-11;363;19823;;
2020-05-12;431;20254;;
2020-05-13;402;20656;;
2020-05-14;354;21010;;
2020-05-15;346;21356;;
2020-05-16;272;21628;;
2020-05-17;336;21964;;
2020-05-18;332;22296;;
2020-05-19;316;22612;;
2020-05-20;408;23020;;
2020-05-21;380;23400;;
2020-05-22;255;23655;;
2020-05-23;218;23873;;
2020-05-24;215;24088;;
2020-05-25;207;24295;;
2020-05-26;240;24535;;
2020-05-27;254;24789;;
2020-05-28;194;24983;;
2020-05-29;194;25177;;
2020-05-30;206;25383;;
2020-05-31;140;25523;;
2020-06-01;159;25682;;
2020-06-02;97;25779;;
2020-06-03;115;25894;;
2020-06-04;129;26023;;
2020-06-05;108;26131;;
2020-06-06;104;26235;;
2020-06-07;76;26311;;
2020-06-08;51;26362;;
2020-06-09;80;26442;;
2020-06-10;66;26508;;
2020-06-11;66;26574;;
2020-06-12;72;26646;;
2020-06-13;67;26713;;
2020-06-14;28;26741;;
2020-06-15;57;26798;;
2020-06-16;73;26871;;
2020-06-17;53;26924;;
2020-06-18;49;26973;;
2020-06-19;65;27038;;
2020-06-20;33;27071;;
2020-06-21;26;27097;;
2020-06-22;39;27136;;
2020-06-23;40;27176;;
2020-06-24;28;27204;;
2020-06-25;47;27251;;
2020-06-26;42;27293;;
2020-06-27;30;27323;;
2020-06-28;18;27341;;
2020-06-29;16;27357;;
2020-06-30;40;27397;;
2020-07-01;23;27420;;
2020-07-02;17;27437;;
2020-07-03;18;27455;;
2020-07-04;16;27471;;
2020-07-05;7;27478;;
2020-07-06;16;27494;;
2020-07-07;21;27515;;
2020-07-08;33;27548;;
2020-07-09;52;27600;;
2020-07-10;48;27648;;
2020-07-11;22;27670;;
2020-07-12;13;27683;;
2020-07-13;76;27759;;
2020-07-14;66;27825;;
2020-07-15;69;27894;;
2020-07-16;68;27962;;
2020-07-17;102;28064;;
2020-07-18;98;28162;;
2020-07-19;55;28217;;
2020-07-20;37;28254;;
2020-07-21;65;28319;;
2020-07-22;78;28397;;
2020-07-23;98;28495;;
2020-07-24;69;28564;;
2020-07-25;32;28596;;
2020-07-26;52;28648;;
2020-07-27;41;28689;;
2020-07-28;37;28726;;
2020-07-29;72;28798;;
2020-07-30;60;28858;;
2020-07-31;57;28915;;
2020-08-01;51;28966;;
2020-08-02;30;28996;;
2020-08-03;45;29041;;
2020-08-04;64;29105;;
2020-08-05;47;29152;;
2020-08-06;21;29173;;
2020-08-07;46;29219;;
2020-08-08;37;29256;;
2020-08-09;36;29292;;
2020-08-10;33;29325;;
2020-08-11;36;29361;;
2020-08-12;34;29395;;
2020-08-13;38;29433;;
2020-08-14;30;29463;;
2020-08-15;14;29477;;
2020-08-16;12;29489;;
2020-08-17;17;29506;;
2020-08-18;16;29522;;
2020-08-19;22;29544;;
2020-08-20;34;29578;;
2020-08-21;33;29611;;
2020-08-22;20;29631;;
2020-08-23;23;29654;;
2020-08-24;10;29664;;
2020-08-25;30;29694;;
2020-08-26;42;29736;;
2020-08-27;43;29779;;
2020-08-28;24;29803;;
2020-08-29;55;29858;;
2020-08-30;13;29871;;
2020-08-31;32;29903;;
2020-09-01;36;29939;;
2020-09-02;36;29975;;
2020-09-03;71;30046;;
2020-09-04;49;30095;;
2020-09-05;66;30161;;
2020-09-06;59;30220;;
2020-09-07;51;30271;;
2020-09-08;72;30343;;
2020-09-09;70;30413;;
2020-09-10;90;30503;;
2020-09-11;108;30611;;
2020-09-12;71;30682;;
2020-09-13;96;30778;;
2020-09-14;73;30851;;
2020-09-15;94;30945;;
2020-09-16;79;31024;;
2020-09-17;71;31095;;
2020-09-18;199;31294;;
2020-09-19;139;31433;;
2020-09-20;204;31637;;
2020-09-21;141;31778;;
2020-09-22;169;31947;;
2020-09-23;254;32201;;
2020-09-24;231;32432;;
2020-09-25;288;32720;;
2020-09-26;343;33063;;
2020-09-27;276;33339;;
2020-09-28;282;33621;;
2020-09-29;355;33976;;
2020-09-30;315;34291;;
2020-10-01;308;34599;;
2020-10-02;415;35014;;
2020-10-03;372;35386;;
2020-10-04;303;35689;;
2020-10-05;280;35969;;
2020-10-06;257;36226;;
2020-10-07;297;36523;;
2020-10-08;346;36869;;
2020-10-09;286;37155;;
2020-10-10;193;37348;;
2020-10-11;329;37677;;
2020-10-12;267;37944;;
2020-10-13;204;38148;;
2020-10-14;270;38418;;
2020-10-15;256;38674;;
2020-10-16;264;38938;;
2020-10-17;272;39210;;
2020-10-18;194;39404;;
2020-10-19;241;39645;;
2020-10-20;253;39898;;
2020-10-21;287;40185;;
2020-10-22;226;40411;;
2020-10-23;246;40657;;
2020-10-24;166;40823;;
2020-10-25;220;41043;;
2020-10-26;354;41397;;
2020-10-27;245;41642;;
2020-10-28;208;41850;;
2020-10-29;219;42069;;
2020-10-30;197;42266;;
2020-10-31;241;42542;;
2020-11-01;235;42778;;
2020-11-02;198;42940;;
2020-11-03;239;43179;;
2020-11-04;247;43426;;
2020-11-05;326;43752;;
2020-11-06;264;44016;;
2020-11-07;271;44287;;
2020-11-08;276;44563;;
2020-11-09;266;44829;;
2020-11-10;319;45148;;
2020-11-11;347;45495;;
2020-11-12;283;45778;;
2020-11-13;327;46105;;
2020-11-14;303;46408;;
2020-11-15;277;46685;;
2020-11-16;309;46994;;
2020-11-17;239;47233;;
2020-11-18;231;47464;;
2020-11-19;283;47747;;
2020-11-20;254;48001;;
2020-11-21;269;48270;;
2020-11-22;300;48570;;
2020-11-23;275;48845;;
2020-11-24;238;49083;;
2020-11-25;303;49386;;
2020-11-26;347;49733;;
2020-11-27;416;50149;;
2020-11-28;446;50595;;
2020-11-29;364;50959;;
2020-11-30;334;51293;;
2020-12-01;418;51711;;
2020-12-02;457;52168;;
2020-12-03;452;52620;;
2020-12-04;500;53120;;
2020-12-05;518;53638;;
2020-12-06;482;54120;;
2020-12-07;461;54581;;
2020-12-08;531;55112;;
2020-12-09;590;55702;;
2020-12-10;547;56249;;
2020-12-11;646;56895;;
2020-12-12;730;57625;;
2020-12-13;564;58189;;
2020-12-14;678;58867;;
2020-12-15;554;59421;;
2020-12-16;701;60122;;
2020-12-17;930;61052;;
2020-12-18;812;61864;;
2020-12-19;700;62564;;
2020-12-20;652;63216;;
2020-12-21;755;63971;;
2020-12-22;760;64731;;
2020-12-23;701;65432;;
2020-12-24;879;66311;;
2020-12-25;945;67256;;
2020-12-26;755;68011;;
2020-12-27;803;68814;;
2020-12-28;843;69657;;
2020-12-29;999;70656;;
2020-12-30;933;71589;;
2020-12-31;746;72335;;
2021-01-01;1231;73566;;
2021-01-02;924;74490;;
2021-01-03;791;75281;;
2021-01-04;770;76051;;
2021-01-05;822;76873;;
2021-01-06;1094;77967;;
2021-01-07;1279;79246;;
2021-01-08;1048;80294;;
2021-01-09;821;81115;;
2021-01-10;779;81894;;
2021-01-11;566;82460;;
2021-01-12;863;83323;;
2021-01-13;731;84054;;
2021-01-14;819;84873;;
2021-01-15;714;85587;;
2021-01-16;881;86468;;
2021-01-17;583;87051;;
2021-01-18;471;87522;;
2021-01-19;638;88160;;
2021-01-20;671;88831;;
2021-01-21;765;89596;;
2021-01-22;616;90212;;
2021-01-23;563;90775;;
2021-01-24;430;91205;;
2021-01-25;506;91711;;
2021-01-26;595;92306;;
2021-01-27;455;92761;;
2021-01-28;575;93336;;
2021-01-29;500;93836;;
2021-01-30;558;94394;;
2021-01-31;389;94783;;
2021-02-01;470;95253;;
2021-02-02;561;95814;;
2021-02-03;485;96299;;
2021-02-04;526;96825;;
2021-02-05;554;97379;;
2021-02-06;510;97889;;
2021-02-07;406;98295;;
2021-02-08;333;98628;;
2021-02-09;451;99079;;
2021-02-10;549;99628;;
2021-02-11;474;100102;;
2021-02-12;485;100587;;
2021-02-13;344;100931;;
2021-02-14;352;101283;;
2021-02-15;322;101605;;
2021-02-16;410;102015;;
2021-02-17;332;102347;;
2021-02-18;377;102724;;
2021-02-19;395;103119;;
2021-02-20;391;103510;;
2021-02-21;405;103915;;
2021-02-22;262;104177;;
2021-02-23;421;104598;;
2021-02-24;409;105007;;
2021-02-25;388;105395;;
2021-02-26;401;105796;;
2021-02-27;324;106120;;
2021-02-28;249;106369;;
2021-03-01;258;106627;;
2021-03-02;392;107019;;
2021-03-03;303;107322;;
2021-03-04;375;107697;;
2021-03-05;280;107977;;
2021-03-06;399;108376;;
2021-03-07;267;108643;;
2021-03-08;259;108902;;
2021-03-09;392;109294;;
2021-03-10;316;109610;;
2021-03-11;362;109972;;
2021-03-12;390;110362;;
2021-03-13;277;110639;;
2021-03-14;271;110910;;
2021-03-15;244;111154;;
2021-03-16;340;111494;;
2021-03-17;315;111809;;
2021-03-18;357;112166;;
2021-03-19;319;112485;;
2021-03-20;267;112752;;
2021-03-21;307;113059;;
2021-03-22;226;113285;;
2021-03-23;339;113624;;
2021-03-24;368;113992;;
2021-03-25;354;114346;;
2021-03-26;361;114707;;
2021-03-27;310;115017;;
2021-03-28;262;115279;;
2021-03-29;306;115585;;
2021-03-30;379;115964;;
2021-03-31;402;116366;;
2021-04-01;359;116725;;
2021-04-02;386;117111;;
2021-04-03;356;117467;;
2021-04-04;302;117769;;
2021-04-05;293;118062;;
2021-04-06;311;118373;;
2021-04-07;406;118779;;
2021-04-08;394;119173;;
2021-04-09;517;119690;;
2021-04-10;296;119986;;
2021-04-11;378;120364;;
2021-04-12;261;120625;;
2021-04-13;372;120997;;
2021-04-14;354;121351;;
2021-04-15;431;121782;;
2021-04-16;367;122149;;
2021-04-17;352;122501;;
2021-04-18;217;122718;;
2021-04-19;253;122971;;
2021-04-20;273;123244;;
2021-04-21;312;123556;;
2021-04-22;315;123871;;
2021-04-23;229;124100;;
2021-04-24;341;124441;;
2021-04-25;198;124639;;
2021-04-26;244;124883;;
2021-04-27;292;125175;;
2021-04-28;311;125486;;
2021-04-29;343;125829;;
2021-04-30;323;126152;;
2021-05-01;262;126414;;
2021-05-02;211;126625;;
2021-05-03;224;126849;;
2021-05-04;238;127087;;
2021-05-05;199;127286;;
2021-05-06;259;127545;;
2021-05-07;279;127824;;
2021-05-08;212;128036;;
2021-05-09;196;128232;;
2021-05-10;189;128421;;
2021-05-11;261;128682;;
2021-05-12;261;128943;;
2021-05-13;291;129234;;
2021-05-14;243;129477;;
2021-05-15;207;129684;;
2021-05-16;186;129870;;
2021-05-17;191;130061;;
2021-05-18;206;130267;;
2021-05-19;263;130530;;
2021-05-20;247;130777;;
2021-05-21;197;130974;;
2021-05-22;181;131155;;
2021-05-23;114;131269;;
2021-05-24;155;131424;;
2021-05-25;164;131588;;
2021-05-26;154;131742;;
2021-05-27;147;131889;;
2021-05-28;142;132031;;
2021-05-29;83;132114;;
2021-05-30;80;132194;;
2021-05-31;83;132277;;
2021-06-01;107;132384;;
2021-06-02;99;132483;;
2021-06-03;84;132567;;
2021-06-04;87;132654;;
2021-06-05;73;132727;;
2021-06-06;49;132776;;
2021-06-07;60;132836;;
2021-06-08;56;132892;;
2021-06-09;42;132934;;
2021-06-10;64;132998;;
2021-06-11;67;133065;;
2021-06-12;51;133116;;
2021-06-13;35;133151;;
2021-06-14;36;133187;;
2021-06-15;62;133249;;
2021-06-16;45;133294;;
2021-06-17;57;133351;;
2021-06-18;50;133401;;
2021-06-19;24;133425;;
2021-06-20;27;133452;;
2021-06-21;28;133480;;
2021-06-22;46;133526;;
2021-06-23;28;133554;;
2021-06-24;27;133581;;
2021-06-25;35;133616;;
2021-06-26;35;133651;;
2021-06-27;13;133664;;
2021-06-28;38;133702;;
2021-06-29;40;133742;;
2021-06-30;26;133768;;
2021-07-01;25;133793;;
2021-07-02;26;133819;;
2021-07-03;23;133842;;
2021-07-04;12;133854;;
2021-07-05;22;133876;;
2021-07-06;30;133906;;
2021-07-07;29;133935;;
2021-07-08;33;133968;;
2021-07-09;25;133993;;
2021-07-10;18;134011;;
2021-07-11;20;134031;;
2021-07-12;28;134059;;
2021-07-13;31;134090;;
2021-07-14;32;134122;;
2021-07-15;40;134162;;
2021-07-16;30;134192;;
2021-07-17;32;134224;;
2021-07-18;35;134259;;
2021-07-19;28;134287;;
2021-07-20;54;134341;;
2021-07-21;53;134394;;
2021-07-22;48;134442;;
2021-07-23;46;134488;;
2021-07-24;33;134521;;
2021-07-25;35;134556;;
2021-07-26;40;134596;;
2021-07-27;52;134648;;
2021-07-28;48;134696;;
2021-07-29;16;134712;;
2021-07-30;106;134818;;
2021-07-31;52;134870;;
2021-08-01;43;134913;;
2021-08-02;54;134967;;
2021-08-03;52;135019;;
2021-08-04;94;135113;;
2021-08-05;103;135216;;
2021-08-06;92;135308;;
2021-08-07;86;135394;;
2021-08-08;69;135463;;
2021-08-09;86;135549;;
2021-08-10;105;135654;;
2021-08-11;152;135806;;
2021-08-12;143;135949;;
2021-08-13;158;136107;;
2021-08-14;142;136249;;
2021-08-15;135;136384;;
2021-08-16;138;136522;;
2021-08-17;148;136670;;
2021-08-18;201;136871;;
2021-08-19;179;137050;;
2021-08-20;208;137258;;
2021-08-21;157;137415;;
2021-08-22;129;137544;;
2021-08-23;161;137705;;
2021-08-24;217;137922;;
2021-08-25;225;138147;;
2021-08-26;247;138394;;
2021-08-27;200;138594;;
2021-08-28;154;138748;;
2021-08-29;133;138881;;
2021-08-30;181;139062;;
2021-08-31;246;139308;;
2021-09-01;274;139582;;
2021-09-02;245;139827;;
2021-09-03;249;140076;;
2021-09-04;204;140280;;
2021-09-05;192;140472;;
2021-09-06;182;140654;;
2021-09-07;203;140857;;
2021-09-08;238;141095;;
2021-09-09;315;141410;;
2021-09-10;286;141696;;
2021-09-11;237;141933;;
2021-09-12;204;142137;;
2021-09-13;234;142371;;
2021-09-14;249;142620;;
2021-09-15;319;142939;;
2021-09-16;284;143223;;
2021-09-17;266;143489;;
2021-09-18;261;143750;;
2021-09-19;213;143963;;
2021-09-20;206;144169;;
2021-09-21;227;144396;;
2021-09-22;252;144648;;
2021-09-23;210;144858;;
2021-09-24;268;145126;;
2021-09-25;210;145336;;
2021-09-26;137;145473;;
2021-09-27;140;145613;;
2021-09-28;188;145801;;
2021-09-29;234;146035;;
2021-09-30;189;146224;;
2021-10-01;149;146373;;
2021-10-02;119;146492;;
2021-10-03;127;146619;;
2021-10-04;119;146738;;
2021-10-05;130;146868;;
2021-10-06;161;147029;;
2021-10-07;175;147204;;
2021-10-08;155;147359;;
2021-10-09;154;147513;;
2021-10-10;91;147604;;
2021-10-11;129;147733;;
2021-10-12;156;147889;;
2021-10-13;147;148036;;
2021-10-14;193;148229;;
2021-10-15;209;148438;;
2021-10-16;141;148579;;
2021-10-17;95;148674;;
2021-10-18;121;148795;;
2021-10-19;119;148914;;
2021-10-20;142;149056;;
2021-10-21;89;149145;;
2021-10-22;120;149265;;
2021-10-23;99;149364;;
2021-10-24;102;149466;;
2021-10-25;103;149569;;
2021-10-26;147;149716;;
2021-10-27;142;149858;;
2021-10-28;168;150026;;
2021-10-29;138;150164;;
2021-10-30;143;150307;;
2021-10-31;141;150448;;
2021-11-01;123;150571;;
2021-11-02;111;150682;;
2021-11-03;164;150846;;
2021-11-04;153;150999;;
2021-11-05;165;151164;;
2021-11-06;204;151368;;
2021-11-07;179;151547;;
2021-11-08;153;151700;;
2021-11-09;234;151934;;
2021-11-10;213;152147;;
2021-11-11;197;152344;;
2021-11-12;188;152532;;
2021-11-13;168;152700;;
2021-11-14;141;152841;;
2021-11-15;135;152976;;
2021-11-16;268;153244;;
2021-11-17;239;153483;;
2021-11-18;190;153673;;
2021-11-19;256;153929;;
2021-11-20;206;154135;;
2021-11-21;216;154351;;
2021-11-22;179;154530;;
2021-11-23;237;154767;;
2021-11-24;302;155069;;
2021-11-25;302;155371;;
2021-11-26;244;155615;;
2021-11-27;219;155834;;
2021-11-28;224;156058;;
2021-11-29;291;156349;;
2021-11-30;341;156690;;
2021-12-01;385;157075;;
2021-12-02;410;157485;;
2021-12-03;383;157868;;
2021-12-04;389;158257;;
2021-12-05;342;158599;;
2021-12-06;345;158944;;
2021-12-07;403;159347;;
2021-12-08;498;159845;;
2021-12-09;560;160405;;
2021-12-10;545;160950;;
2021-12-11;449;161399;;
2021-12-12;415;161814;;
2021-12-13;726;162540;;
2021-12-14;916;163456;;
2021-12-15;973;164429;;
2021-12-16;1147;165576;;
2021-12-17;1165;166741;;
2021-12-18;1611;168352;;
2021-12-19;1413;169765;;
2021-12-20;2027;171792;;
2021-12-21;2438;174230;;
2021-12-22;3337;177567;;
2021-12-23;3354;180921;;
2021-12-24;3402;184323;;
2021-12-25;3067;187390;;
2021-12-26;3007;190397;;
2021-12-27;3963;194360;;
2021-12-28;4678;199038;;
2021-12-29;4634;203672;;
2021-12-30;4472;208144;;
2021-12-31;4025;212169;;
2022-01-01;3698;215867;;
2022-01-02;3882;219749;;
2022-01-03;3678;223427;;
2022-01-04;4510;227937;;
2022-01-05;4480;232417;;
2022-01-06;3832;236249;;
2022-01-07;3228;239477;;
2022-01-08;2524;242001;;
2022-01-09;3264;245265;;
2022-01-10;3318;248583;;
2022-01-11;2194;250777;;
2022-01-12;2041;252818;;
2022-01-13;1966;254784;;
2022-01-14;1748;256532;;
2022-01-15;1332;257864;;
2022-01-16;1180;259044;;
2022-01-17;978;260022;;
2022-01-18;1452;261474;;
2022-01-19;1210;262684;;
2022-01-20;1153;263837;;
2022-01-21;1050;264887;;
2022-01-22;648;265535;;
2022-01-23;519;266054;;
2022-01-24;800;266854;;
2022-01-25;761;267615;;
2022-01-26;776;268391;;
2022-01-27;612;269003;;
2022-01-28;601;269604;;
2022-01-29;570;270174;;
2022-01-30;382;270556;;
2022-01-31;580;271136;;
2022-02-01;683;271819;;
2022-02-02;747;272566;;
2022-02-03;619;273185;;
2022-02-04;524;273709;;
2022-02-05;340;274049;;
2022-02-06;331;274380;;
2022-02-07;612;274992;;
2022-02-08;543;275535;;
2022-02-09;455;275990;;
2022-02-10;479;276469;;
2022-02-11;530;276999;;
2022-02-12;239;277238;;
2022-02-13;248;277486;;
2022-02-14;377;277863;;
2022-02-15;339;278202;;
2022-02-16;316;278518;;
2022-02-17;309;278827;;
2022-02-18;222;279049;;
2022-02-19;171;279220;;
2022-02-20;130;279350;;
2022-02-21;269;279619;;
2022-02-22;236;279855;;
2022-02-23;205;280060;;
2022-02-24;232;280292;;
2022-02-25;178;280470;;
2022-02-26;128;280598;;
2022-02-27;97;280695;;
2022-02-28;61;280756;;
;;;;
;;;;
;;;;
;;;;
;;;;
;;;;
;;;;
;;;;
;;;;
;;;;
;;;;
;;;;
;;;;
;;;;
;;;;
;;;;
;;;;
;;;;
;;;;
;;;;
;;;;
;;;;
;;;;
;;;;
;;;;
;;;;
;;;;
;;;;
;;;;
;;;;
;;;;
;;;;
;;;;
;;;;
;;;;
;;;;
;;;;
;;;;
;;;;
;;;;
;;;;
;;;;
;;;;
;;;;
;;;;
;;;;
;;;;
;;;;
;;;;
;;;;
;;;;
;;;;
;;;;
;;;;
;;;;
;;;;
;;;;
;;;;
;;;;
;;;;
;;;;
;;;;
;;;;
;;;;
;;;;
;;;;
;;;;
;;;;
;;;;
;;;;
;;;;
;;;;
;;;;
;;;;
;;;;
;;;;
;;;;
;;;;
;;;;
;;;;
;;;;
;;;;
;;;;
;;;;
;;;;
;;;;
;;;;
;;;;
;;;;
;;;;
;;;;
;;;;
