Date;Nouveaux cas;Cumulatif de cas;;
2020-02-25;1;1;;
2020-02-26;0;1;;
2020-02-27;0;1;;
2020-02-28;0;1;;
2020-02-29;0;1;;
2020-03-01;1;2;;
2020-03-02;2;4;;
2020-03-03;0;4;;
2020-03-04;0;4;;
2020-03-05;0;4;;
2020-03-06;0;4;;
2020-03-07;0;4;;
2020-03-08;1;5;;
2020-03-09;1;6;;
2020-03-10;2;8;;
2020-03-11;3;11;;
2020-03-12;3;14;;
2020-03-13;2;16;;
2020-03-14;5;21;;
2020-03-15;6;27;;
2020-03-16;5;32;;
2020-03-17;7;39;;
2020-03-18;6;45;;
2020-03-19;35;80;;
2020-03-20;49;129;;
2020-03-21;91;220;;
2020-03-22;89;309;;
2020-03-23;133;442;;
2020-03-24;145;587;;
2020-03-25;187;774;;
2020-03-26;180;954;;
2020-03-27;241;1195;;
2020-03-28;200;1395;;
2020-03-29;259;1654;;
2020-03-30;264;1918;;
2020-03-31;329;2247;;
2020-04-01;304;2551;;
2020-04-02;406;2957;;
2020-04-03;345;3302;;
2020-04-04;340;3642;;
2020-04-05;259;3901;;
2020-04-06;456;4357;;
2020-04-07;421;4778;;
2020-04-08;372;5150;;
2020-04-09;349;5499;;
2020-04-10;304;5803;;
2020-04-11;262;6065;;
2020-04-12;328;6393;;
2020-04-13;542;6935;;
2020-04-14;468;7403;;
2020-04-15;610;8013;;
2020-04-16;496;8509;;
2020-04-17;568;9077;;
2020-04-18;330;9407;;
2020-04-19;428;9835;;
2020-04-20;480;10315;;
2020-04-21;455;10770;;
2020-04-22;530;11300;;
2020-04-23;525;11825;;
2020-04-24;491;12316;;
2020-04-25;313;12629;;
2020-04-26;281;12910;;
2020-04-27;461;13371;;
2020-04-28;472;13843;;
2020-04-29;518;14361;;
2020-04-30;588;14949;;
2020-05-01;613;15562;;
2020-05-02;526;16088;;
2020-05-03;343;16431;;
2020-05-04;419;16850;;
2020-05-05;467;17317;;
2020-05-06;566;17883;;
2020-05-07;430;18313;;
2020-05-08;426;18739;;
2020-05-09;312;19051;;
2020-05-10;297;19348;;
2020-05-11;360;19708;;
2020-05-12;427;20135;;
2020-05-13;398;20533;;
2020-05-14;351;20884;;
2020-05-15;341;21225;;
2020-05-16;272;21497;;
2020-05-17;337;21834;;
2020-05-18;331;22165;;
2020-05-19;317;22482;;
2020-05-20;404;22886;;
2020-05-21;375;23261;;
2020-05-22;255;23516;;
2020-05-23;217;23733;;
2020-05-24;215;23948;;
2020-05-25;203;24151;;
2020-05-26;237;24388;;
2020-05-27;253;24641;;
2020-05-28;193;24834;;
2020-05-29;192;25026;;
2020-05-30;204;25230;;
2020-05-31;140;25370;;
2020-06-01;156;25526;;
2020-06-02;96;25622;;
2020-06-03;115;25737;;
2020-06-04;126;25863;;
2020-06-05;108;25971;;
2020-06-06;104;26075;;
2020-06-07;75;26150;;
2020-06-08;51;26201;;
2020-06-09;79;26280;;
2020-06-10;67;26347;;
2020-06-11;66;26413;;
2020-06-12;71;26484;;
2020-06-13;64;26548;;
2020-06-14;28;26576;;
2020-06-15;57;26633;;
2020-06-16;74;26707;;
2020-06-17;53;26760;;
2020-06-18;49;26809;;
2020-06-19;64;26873;;
2020-06-20;33;26906;;
2020-06-21;26;26932;;
2020-06-22;40;26972;;
2020-06-23;40;27012;;
2020-06-24;28;27040;;
2020-06-25;47;27087;;
2020-06-26;42;27129;;
2020-06-27;30;27159;;
2020-06-28;18;27177;;
2020-06-29;16;27193;;
2020-06-30;40;27233;;
2020-07-01;24;27257;;
2020-07-02;16;27273;;
2020-07-03;17;27290;;
2020-07-04;16;27306;;
2020-07-05;7;27313;;
2020-07-06;15;27328;;
2020-07-07;21;27349;;
2020-07-08;33;27382;;
2020-07-09;52;27434;;
2020-07-10;48;27482;;
2020-07-11;22;27504;;
2020-07-12;13;27517;;
2020-07-13;75;27592;;
2020-07-14;65;27657;;
2020-07-15;69;27726;;
2020-07-16;66;27792;;
2020-07-17;101;27893;;
2020-07-18;97;27990;;
2020-07-19;55;28045;;
2020-07-20;37;28082;;
2020-07-21;62;28144;;
2020-07-22;78;28222;;
2020-07-23;94;28316;;
2020-07-24;70;28386;;
2020-07-25;33;28419;;
2020-07-26;52;28471;;
2020-07-27;35;28506;;
2020-07-28;36;28542;;
2020-07-29;69;28611;;
2020-07-30;59;28670;;
2020-07-31;56;28726;;
2020-08-01;48;28774;;
2020-08-02;30;28804;;
2020-08-03;46;28850;;
2020-08-04;64;28914;;
2020-08-05;46;28960;;
2020-08-06;21;28981;;
2020-08-07;45;29026;;
2020-08-08;36;29062;;
2020-08-09;37;29099;;
2020-08-10;33;29132;;
2020-08-11;36;29168;;
2020-08-12;35;29203;;
2020-08-13;38;29241;;
2020-08-14;29;29270;;
2020-08-15;14;29284;;
2020-08-16;12;29296;;
2020-08-17;17;29313;;
2020-08-18;17;29330;;
2020-08-19;22;29352;;
2020-08-20;34;29386;;
2020-08-21;33;29419;;
2020-08-22;19;29438;;
2020-08-23;21;29459;;
2020-08-24;9;29468;;
2020-08-25;30;29498;;
2020-08-26;41;29539;;
2020-08-27;43;29582;;
2020-08-28;25;29607;;
2020-08-29;54;29661;;
2020-08-30;13;29674;;
2020-08-31;32;29706;;
2020-09-01;36;29742;;
2020-09-02;35;29777;;
2020-09-03;72;29849;;
2020-09-04;49;29898;;
2020-09-05;63;29961;;
2020-09-06;57;30018;;
2020-09-07;50;30068;;
2020-09-08;71;30139;;
2020-09-09;69;30208;;
2020-09-10;90;30298;;
2020-09-11;107;30405;;
2020-09-12;71;30476;;
2020-09-13;96;30572;;
2020-09-14;73;30645;;
2020-09-15;92;30737;;
2020-09-16;77;30814;;
2020-09-17;71;30885;;
2020-09-18;198;31083;;
2020-09-19;140;31223;;
2020-09-20;200;31423;;
2020-09-21;138;31561;;
2020-09-22;169;31730;;
2020-09-23;253;31983;;
2020-09-24;231;32214;;
2020-09-25;287;32501;;
2020-09-26;349;32850;;
2020-09-27;273;33123;;
2020-09-28;283;33406;;
2020-09-29;354;33760;;
2020-09-30;313;34073;;
2020-10-01;309;34382;;
2020-10-02;415;34797;;
2020-10-03;367;35164;;
2020-10-04;299;35463;;
2020-10-05;278;35741;;
2020-10-06;255;35996;;
2020-10-07;298;36294;;
2020-10-08;345;36639;;
2020-10-09;282;36921;;
2020-10-10;190;37111;;
2020-10-11;323;37434;;
2020-10-12;267;37701;;
2020-10-13;199;37900;;
2020-10-14;270;38170;;
2020-10-15;252;38422;;
2020-10-16;259;38681;;
2020-10-17;267;38948;;
2020-10-18;188;39136;;
2020-10-19;236;39372;;
2020-10-20;254;39626;;
2020-10-21;284;39910;;
2020-10-22;223;40133;;
2020-10-23;241;40374;;
2020-10-24;166;40540;;
2020-10-25;217;40757;;
2020-10-26;351;41108;;
2020-10-27;242;41350;;
2020-10-28;209;41559;;
2020-10-29;216;41775;;
2020-10-30;194;41969;;
2020-10-31;236;42542;;
2020-11-01;234;42778;;
2020-11-02;192;42631;;
2020-11-03;236;42867;;
2020-11-04;242;43109;;
2020-11-05;320;43429;;
2020-11-06;261;43690;;
2020-11-07;270;43960;;
2020-11-08;272;44232;;
2020-11-09;266;44498;;
2020-11-10;318;44816;;
2020-11-11;343;45159;;
2020-11-12;282;45441;;
2020-11-13;325;45766;;
2020-11-14;300;46066;;
2020-11-15;274;46340;;
2020-11-16;308;46648;;
2020-11-17;239;46887;;
2020-11-18;231;47118;;
2020-11-19;280;47398;;
2020-11-20;250;47648;;
2020-11-21;261;47909;;
2020-11-22;296;48205;;
2020-11-23;277;48482;;
2020-11-24;238;48720;;
2020-11-25;297;49017;;
2020-11-26;344;49361;;
2020-11-27;415;49776;;
2020-11-28;444;50220;;
2020-11-29;361;50581;;
2020-11-30;334;50915;;
2020-12-01;413;51328;;
2020-12-02;454;51782;;
2020-12-03;445;52227;;
2020-12-04;494;52721;;
2020-12-05;514;53235;;
2020-12-06;478;53713;;
2020-12-07;460;54173;;
2020-12-08;523;54696;;
2020-12-09;578;55274;;
2020-12-10;542;55816;;
2020-12-11;635;56451;;
2020-12-12;715;57166;;
2020-12-13;561;57727;;
2020-12-14;670;58397;;
2020-12-15;553;58950;;
2020-12-16;695;59645;;
2020-12-17;925;60570;;
2020-12-18;802;61372;;
2020-12-19;687;62059;;
2020-12-20;646;62705;;
2020-12-21;751;63456;;
2020-12-22;752;64208;;
2020-12-23;693;64901;;
2020-12-24;870;65771;;
2020-12-25;933;66704;;
2020-12-26;744;67448;;
2020-12-27;798;68246;;
2020-12-28;836;69082;;
2020-12-29;996;70078;;
2020-12-30;922;71000;;
2020-12-31;737;71737;;
2021-01-01;1209;72946;;
2021-01-02;923;73869;;
2021-01-03;785;74654;;
2021-01-04;764;75418;;
2021-01-05;815;76233;;
2021-01-06;1083;77316;;
2021-01-07;1271;78587;;
2021-01-08;1031;79618;;
2021-01-09;814;80432;;
2021-01-10;778;81210;;
2021-01-11;559;81769;;
2021-01-12;851;82620;;
2021-01-13;726;83346;;
2021-01-14;809;84155;;
2021-01-15;709;84864;;
2021-01-16;873;85737;;
2021-01-17;577;86314;;
2021-01-18;461;86775;;
2021-01-19;627;87402;;
2021-01-20;664;88066;;
2021-01-21;761;88827;;
2021-01-22;604;89431;;
2021-01-23;556;89987;;
2021-01-24;423;90410;;
2021-01-25;498;90908;;
2021-01-26;587;91495;;
2021-01-27;452;91947;;
2021-01-28;565;92512;;
2021-01-29;493;93005;;
2021-01-30;545;93550;;
2021-01-31;386;93936;;
2021-02-01;467;94403;;
2021-02-02;552;94955;;
2021-02-03;480;95435;;
2021-02-04;521;95956;;
2021-02-05;547;96503;;
2021-02-06;506;97009;;
2021-02-07;402;97411;;
2021-02-08;328;97739;;
2021-02-09;443;98182;;
2021-02-10;549;98731;;
2021-02-11;471;99202;;
2021-02-12;474;99676;;
2021-02-13;339;100015;;
2021-02-14;348;100363;;
2021-02-15;318;100681;;
2021-02-16;407;101088;;
2021-02-17;325;101413;;
2021-02-18;371;101784;;
2021-02-19;394;102178;;
2021-02-20;380;102558;;
2021-02-21;398;102956;;
2021-02-22;259;103215;;
2021-02-23;418;103633;;
2021-02-24;406;104039;;
2021-02-25;379;104418;;
2021-02-26;394;104812;;
2021-02-27;318;105130;;
2021-02-28;247;105377;;
2021-03-01;255;105632;;
2021-03-02;386;106018;;
2021-03-03;300;106318;;
2021-03-04;375;106693;;
2021-03-05;278;106971;;
2021-03-06;400;107371;;
2021-03-07;266;107637;;
2021-03-08;259;107896;;
2021-03-09;388;108284;;
2021-03-10;314;108598;;
2021-03-11;360;108958;;
2021-03-12;387;109345;;
2021-03-13;277;109622;;
2021-03-14;266;109888;;
2021-03-15;245;110133;;
2021-03-16;335;110468;;
2021-03-17;314;110782;;
2021-03-18;352;111134;;
2021-03-19;315;111449;;
2021-03-20;266;111715;;
2021-03-21;306;112021;;
2021-03-22;227;112248;;
2021-03-23;333;112581;;
2021-03-24;368;112949;;
2021-03-25;353;113302;;
2021-03-26;360;113662;;
2021-03-27;308;113970;;
2021-03-28;257;114227;;
2021-03-29;304;114531;;
2021-03-30;376;114907;;
2021-03-31;396;115303;;
2021-04-01;356;115659;;
2021-04-02;385;116044;;
2021-04-03;351;116395;;
2021-04-04;296;116691;;
2021-04-05;291;116982;;
2021-04-06;307;117289;;
2021-04-07;404;117693;;
2021-04-08;395;118088;;
2021-04-09;516;118604;;
2021-04-10;297;118901;;
2021-04-11;377;119278;;
2021-04-12;260;119538;;
2021-04-13;372;119910;;
2021-04-14;354;120264;;
2021-04-15;430;120694;;
2021-04-16;366;121060;;
2021-04-17;354;121414;;
2021-04-18;218;121632;;
2021-04-19;251;121883;;
2021-04-20;275;122158;;
2021-04-21;313;122471;;
2021-04-22;316;122787;;
2021-04-23;229;123016;;
2021-04-24;340;123356;;
2021-04-25;198;123554;;
2021-04-26;245;123799;;
2021-04-27;291;124090;;
2021-04-28;311;124401;;
2021-04-29;341;124742;;
2021-04-30;325;125067;;
2021-05-01;264;125331;;
2021-05-02;211;125542;;
2021-05-03;225;125767;;
2021-05-04;238;126005;;
2021-05-05;201;126206;;
2021-05-06;260;126466;;
2021-05-07;281;126747;;
2021-05-08;212;126959;;
2021-05-09;196;127155;;
2021-05-10;188;127343;;
2021-05-11;262;127605;;
2021-05-12;261;127866;;
2021-05-13;291;128157;;
2021-05-14;243;128400;;
2021-05-15;207;128607;;
2021-05-16;186;128793;;
2021-05-17;191;128984;;
2021-05-18;208;129192;;
2021-05-19;263;129455;;
2021-05-20;248;129703;;
2021-05-21;197;129900;;
2021-05-22;181;130081;;
2021-05-23;114;130195;;
2021-05-24;153;130348;;
2021-05-25;164;130512;;
2021-05-26;155;130667;;
2021-05-27;148;130815;;
2021-05-28;142;130957;;
2021-05-29;82;131039;;
2021-05-30;80;131119;;
2021-05-31;83;131202;;
2021-06-01;107;131309;;
2021-06-02;99;131408;;
2021-06-03;84;131492;;
2021-06-04;87;131579;;
2021-06-05;73;131652;;
2021-06-06;49;131701;;
2021-06-07;60;131761;;
2021-06-08;56;131817;;
2021-06-09;42;131859;;
2021-06-10;64;131923;;
2021-06-11;67;131990;;
2021-06-12;51;132041;;
2021-06-13;35;132076;;
2021-06-14;36;132112;;
2021-06-15;62;132174;;
2021-06-16;44;132218;;
2021-06-17;57;132275;;
2021-06-18;50;132325;;
2021-06-19;24;132349;;
2021-06-20;28;132377;;
2021-06-21;28;132405;;
2021-06-22;45;132450;;
2021-06-23;28;132478;;
2021-06-24;27;132505;;
2021-06-25;35;132540;;
2021-06-26;35;132575;;
2021-06-27;13;132588;;
2021-06-28;38;132626;;
2021-06-29;40;132666;;
2021-06-30;26;132692;;
2021-07-01;25;132717;;
2021-07-02;26;132743;;
2021-07-03;24;132767;;
2021-07-04;12;132779;;
2021-07-05;22;132801;;
2021-07-06;30;132831;;
2021-07-07;29;132860;;
2021-07-08;33;132893;;
2021-07-09;25;132918;;
2021-07-10;18;132936;;
2021-07-11;22;132958;;
2021-07-12;27;132985;;
2021-07-13;31;133016;;
2021-07-14;32;133048;;
2021-07-15;40;133088;;
2021-07-16;30;133118;;
2021-07-17;32;133150;;
2021-07-18;35;133185;;
2021-07-19;28;133213;;
2021-07-20;54;133267;;
2021-07-21;53;133320;;
2021-07-22;48;133368;;
2021-07-23;46;133414;;
2021-07-24;33;133447;;
2021-07-25;35;133482;;
2021-07-26;40;133522;;
2021-07-27;52;133574;;
2021-07-28;48;133622;;
2021-07-29;16;133638;;
2021-07-30;106;133744;;
2021-07-31;52;133796;;
2021-08-01;43;133839;;
2021-08-02;54;133893;;
2021-08-03;52;133945;;
2021-08-04;94;134039;;
2021-08-05;103;134142;;
2021-08-06;92;134234;;
2021-08-07;86;134320;;
2021-08-08;69;134389;;
2021-08-09;86;134475;;
2021-08-10;105;134580;;
2021-08-11;152;134732;;
2021-08-12;143;134875;;
2021-08-13;158;135033;;
2021-08-14;143;135176;;
2021-08-15;135;135311;;
2021-08-16;139;135450;;
2021-08-17;148;135598;;
2021-08-18;201;135799;;
2021-08-19;179;135978;;
2021-08-20;209;136187;;
2021-08-21;157;136344;;
2021-08-22;129;136473;;
2021-08-23;160;136633;;
2021-08-24;217;136850;;
2021-08-25;226;137076;;
2021-08-26;246;137322;;
2021-08-27;200;137522;;
2021-08-28;154;137676;;
2021-08-29;133;137809;;
2021-08-30;182;137991;;
2021-08-31;246;138237;;
2021-09-01;275;138512;;
2021-09-02;243;138755;;
2021-09-03;250;139005;;
2021-09-04;204;139209;;
2021-09-05;193;139402;;
2021-09-06;182;139584;;
2021-09-07;203;139787;;
2021-09-08;239;140026;;
2021-09-09;317;140343;;
2021-09-10;286;140629;;
2021-09-11;238;140867;;
2021-09-12;204;141071;;
2021-09-13;236;141307;;
2021-09-14;250;141557;;
2021-09-15;319;141876;;
2021-09-16;284;142160;;
2021-09-17;266;142426;;
2021-09-18;261;142687;;
2021-09-19;214;142901;;
2021-09-20;207;143108;;
2021-09-21;229;143337;;
2021-09-22;252;143589;;
2021-09-23;210;143799;;
2021-09-24;269;144068;;
2021-09-25;211;144279;;
2021-09-26;137;144416;;
2021-09-27;140;144556;;
2021-09-28;190;144746;;
2021-09-29;234;144980;;
2021-09-30;189;145169;;
2021-10-01;149;145318;;
2021-10-02;119;145437;;
2021-10-03;127;145564;;
2021-10-04;120;145684;;
2021-10-05;130;145814;;
2021-10-06;160;145974;;
2021-10-07;175;146149;;
2021-10-08;156;146305;;
2021-10-09;154;146459;;
2021-10-10;91;146550;;
2021-10-11;129;146679;;
2021-10-12;156;146835;;
2021-10-13;147;146982;;
2021-10-14;193;147175;;
2021-10-15;208;147383;;
2021-10-16;142;147525;;
2021-10-17;95;147620;;
2021-10-18;121;147741;;
2021-10-19;119;147860;;
2021-10-20;142;148002;;
2021-10-21;89;148091;;
2021-10-22;120;148211;;
2021-10-23;99;148310;;
2021-10-24;102;148412;;
2021-10-25;103;148515;;
2021-10-26;147;148662;;
2021-10-27;142;148804;;
2021-10-28;168;148972;;
2021-10-29;138;149110;;
2021-10-30;143;149253;;
2021-10-31;140;149393;;
2021-11-01;122;149515;;
2021-11-02;112;149627;;
2021-11-03;165;149792;;
2021-11-04;153;149945;;
2021-11-05;165;150110;;
2021-11-06;205;150315;;
2021-11-07;179;150494;;
2021-11-08;152;150646;;
2021-11-09;233;150879;;
2021-11-10;213;151092;;
2021-11-11;197;151289;;
2021-11-12;185;151474;;
2021-11-13;168;151642;;
2021-11-14;141;151783;;
2021-11-15;138;151921;;
2021-11-16;160;152081;;
;;;;
;;;;
;;;;
;;;;
;;;;
;;;;
;;;;
;;;;
;;;;
;;;;
;;;;
;;;;
;;;;
;;;;
;;;;
;;;;
;;;;
;;;;
;;;;
;;;;
;;;;
;;;;
;;;;
;;;;
;;;;
;;;;
;;;;
;;;;
;;;;
;;;;
;;;;
;;;;
;;;;
;;;;
;;;;
;;;;
;;;;
;;;;
;;;;
;;;;
;;;;
;;;;
;;;;
;;;;
;;;;
;;;;
;;;;
;;;;
;;;;
;;;;
;;;;
;;;;
;;;;
;;;;
;;;;
;;;;
;;;;
;;;;
;;;;
;;;;
;;;;
;;;;
;;;;
;;;;
;;;;
;;;;
;;;;
;;;;
;;;;
;;;;
;;;;
;;;;
;;;;
;;;;
;;;;
;;;;
;;;;
;;;;
;;;;
;;;;
;;;;
;;;;
;;;;
;;;;
;;;;
;;;;
;;;;
;;;;
;;;;
;;;;
;;;;
;;;;
;;;;
;;;;
;;;;
;;;;
;;;;
;;;;
;;;;
;;;;
;;;;
;;;;
;;;;
;;;;
;;;;
;;;;
;;;;
;;;;
;;;;
;;;;
;;;;
;;;;
;;;;
;;;;
;;;;
;;;;
;;;;
;;;;
;;;;
;;;;
;;;;
;;;;
;;;;
;;;;
;;;;
;;;;
;;;;
;;;;
;;;;
;;;;
;;;;
;;;;
;;;;
;;;;
;;;;
;;;;
;;;;
;;;;
;;;;
;;;;
;;;;
;;;;
;;;;
;;;;
;;;;
;;;;
;;;;
;;;;
;;;;
;;;;
;;;;
;;;;
;;;;
;;;;
;;;;
;;;;
;;;;
;;;;
;;;;
;;;;
;;;;
;;;;
;;;;
;;;;
;;;;
;;;;
;;;;
;;;;
;;;;
;;;;
;;;;
;;;;
;;;;
;;;;
;;;;
;;;;
;;;;
;;;;
;;;;
;;;;
;;;;
;;;;
;;;;
;;;;
;;;;
;;;;
;;;;
;;;;
;;;;
;;;;
;;;;
;;;;
;;;;
;;;;
;;;;
;;;;
