Date;Nouveaux cas;Cumulatif de cas;
2020-02-25;1;1;
2020-02-26;0;1;
2020-02-27;0;1;
2020-02-28;0;1;
2020-02-29;0;1;
2020-03-01;1;2;
2020-03-02;2;4;
2020-03-03;0;4;
2020-03-04;0;4;
2020-03-05;0;4;
2020-03-06;0;4;
2020-03-07;0;4;
2020-03-08;1;5;
2020-03-09;1;6;
2020-03-10;2;8;
2020-03-11;3;11;
2020-03-12;3;14;
2020-03-13;2;16;
2020-03-14;5;21;
2020-03-15;6;27;
2020-03-16;5;32;
2020-03-17;7;39;
2020-03-18;6;45;
2020-03-19;36;81;
2020-03-20;49;130;
2020-03-21;91;221;
2020-03-22;88;309;
2020-03-23;132;441;
2020-03-24;145;586;
2020-03-25;185;771;
2020-03-26;179;950;
2020-03-27;239;1189;
2020-03-28;198;1387;
2020-03-29;258;1645;
2020-03-30;264;1909;
2020-03-31;330;2239;
2020-04-01;303;2542;
2020-04-02;408;2950;
2020-04-03;347;3297;
2020-04-04;340;3637;
2020-04-05;258;3895;
2020-04-06;457;4352;
2020-04-07;421;4773;
2020-04-08;373;5146;
2020-04-09;350;5496;
2020-04-10;305;5801;
2020-04-11;261;6062;
2020-04-12;328;6390;
2020-04-13;542;6932;
2020-04-14;468;7400;
2020-04-15;612;8012;
2020-04-16;496;8508;
2020-04-17;570;9078;
2020-04-18;331;9409;
2020-04-19;428;9837;
2020-04-20;481;10318;
2020-04-21;456;10774;
2020-04-22;529;11303;
2020-04-23;526;11829;
2020-04-24;491;12320;
2020-04-25;312;12632;
2020-04-26;282;12914;
2020-04-27;461;13375;
2020-04-28;470;13845;
2020-04-29;517;14362;
2020-04-30;588;14950;
2020-05-01;612;15562;
2020-05-02;525;16087;
2020-05-03;345;16432;
2020-05-04;419;16851;
2020-05-05;467;17318;
2020-05-06;569;17887;
2020-05-07;429;18316;
2020-05-08;427;18743;
2020-05-09;312;19055;
2020-05-10;298;19353;
2020-05-11;364;19717;
2020-05-12;426;20143;
2020-05-13;400;20543;
2020-05-14;353;20896;
2020-05-15;344;21240;
2020-05-16;271;21511;
2020-05-17;342;21853;
2020-05-18;331;22184;
2020-05-19;319;22503;
2020-05-20;405;22908;
2020-05-21;378;23286;
2020-05-22;257;23543;
2020-05-23;216;23759;
2020-05-24;216;23975;
2020-05-25;203;24178;
2020-05-26;240;24418;
2020-05-27;253;24671;
2020-05-28;193;24864;
2020-05-29;193;25057;
2020-05-30;205;25262;
2020-05-31;140;25402;
2020-06-01;155;25557;
2020-06-02;97;25654;
2020-06-03;114;25768;
2020-06-04;127;25895;
2020-06-05;109;26004;
2020-06-06;105;26109;
2020-06-07;75;26184;
2020-06-08;51;26235;
2020-06-09;79;26314;
2020-06-10;67;26381;
2020-06-11;66;26447;
2020-06-12;72;26519;
2020-06-13;66;26585;
2020-06-14;28;26613;
2020-06-15;56;26669;
2020-06-16;74;26743;
2020-06-17;53;26796;
2020-06-18;48;26844;
2020-06-19;64;26908;
2020-06-20;33;26941;
2020-06-21;27;26968;
2020-06-22;41;27009;
2020-06-23;40;27049;
2020-06-24;29;27078;
2020-06-25;45;27123;
2020-06-26;42;27165;
2020-06-27;30;27195;
2020-06-28;18;27213;
2020-06-29;16;27229;
2020-06-30;40;27269;
2020-07-01;24;27293;
2020-07-02;16;27309;
2020-07-03;17;27326;
2020-07-04;16;27342;
2020-07-05;7;27349;
2020-07-06;16;27365;
2020-07-07;21;27386;
2020-07-08;33;27419;
2020-07-09;52;27471;
2020-07-10;48;27519;
2020-07-11;22;27541;
2020-07-12;13;27554;
2020-07-13;75;27629;
2020-07-14;65;27694;
2020-07-15;69;27763;
2020-07-16;66;27829;
2020-07-17;100;27929;
2020-07-18;97;28026;
2020-07-19;55;28081;
2020-07-20;37;28118;
2020-07-21;62;28180;
2020-07-22;78;28258;
2020-07-23;94;28352;
2020-07-24;69;28421;
2020-07-25;34;28455;
2020-07-26;52;28507;
2020-07-27;34;28541;
2020-07-28;37;28578;
2020-07-29;69;28647;
2020-07-30;58;28705;
2020-07-31;57;28762;
2020-08-01;50;28812;
2020-08-02;31;28843;
2020-08-03;45;28888;
2020-08-04;65;28953;
2020-08-05;46;28999;
2020-08-06;21;29020;
2020-08-07;46;29066;
2020-08-08;35;29101;
2020-08-09;37;29138;
2020-08-10;34;29172;
2020-08-11;36;29208;
2020-08-12;35;29243;
2020-08-13;38;29281;
2020-08-14;30;29311;
2020-08-15;14;29325;
2020-08-16;12;29337;
2020-08-17;17;29354;
2020-08-18;17;29371;
2020-08-19;22;29393;
2020-08-20;34;29427;
2020-08-21;32;29459;
2020-08-22;19;29478;
2020-08-23;21;29499;
2020-08-24;8;29507;
2020-08-25;29;29536;
2020-08-26;41;29577;
2020-08-27;43;29620;
2020-08-28;25;29645;
2020-08-29;54;29699;
2020-08-30;14;29713;
2020-08-31;32;29745;
2020-09-01;36;29781;
2020-09-02;36;29817;
2020-09-03;72;29889;
2020-09-04;49;29938;
2020-09-05;63;30001;
2020-09-06;57;30058;
2020-09-07;50;30108;
2020-09-08;71;30179;
2020-09-09;70;30249;
2020-09-10;90;30339;
2020-09-11;108;30447;
2020-09-12;71;30518;
2020-09-13;98;30616;
2020-09-14;71;30687;
2020-09-15;93;30780;
2020-09-16;79;30859;
2020-09-17;70;30929;
2020-09-18;198;31127;
2020-09-19;141;31268;
2020-09-20;201;31469;
2020-09-21;140;31609;
2020-09-22;169;31778;
2020-09-23;254;32032;
2020-09-24;235;32267;
2020-09-25;287;32554;
2020-09-26;352;32906;
2020-09-27;274;33180;
2020-09-28;282;33462;
2020-09-29;355;33817;
2020-09-30;317;34134;
2020-10-01;312;34446;
2020-10-02;416;34862;
2020-10-03;365;35227;
2020-10-04;299;35526;
2020-10-05;277;35803;
2020-10-06;254;36057;
2020-10-07;301;36358;
2020-10-08;347;36705;
2020-10-09;284;36989;
2020-10-10;194;37183;
2020-10-11;326;37509;
2020-10-12;270;37779;
2020-10-13;201;37980;
2020-10-14;270;38250;
2020-10-15;254;38504;
2020-10-16;264;38768;
2020-10-17;271;39039;
2020-10-18;191;39230;
2020-10-19;244;39474;
2020-10-20;254;39728;
2020-10-21;288;40016;
2020-10-22;222;40238;
2020-10-23;245;40483;
2020-10-24;166;40649;
2020-10-25;220;40869;
2020-10-26;356;41225;
2020-10-27;243;41468;
2020-10-28;211;41679;
2020-10-29;219;41898;
2020-10-30;196;42094;
2020-10-31;237;42542;
2020-11-01;235;42778;
2020-11-02;194;42760;
2020-11-03;240;43000;
2020-11-04;243;43243;
2020-11-05;328;43571;
2020-11-06;264;43835;
2020-11-07;270;44105;
2020-11-08;277;44382;
2020-11-09;268;44650;
2020-11-10;319;44969;
2020-11-11;347;45316;
2020-11-12;286;45602;
2020-11-13;328;45930;
2020-11-14;306;46236;
2020-11-15;277;46513;
2020-11-16;306;46819;
2020-11-17;238;47057;
2020-11-18;229;47286;
2020-11-19;281;47567;
2020-11-20;254;47821;
2020-11-21;264;48085;
2020-11-22;299;48384;
2020-11-23;277;48661;
2020-11-24;243;48904;
2020-11-25;302;49206;
2020-11-26;348;49554;
2020-11-27;414;49968;
2020-11-28;445;50413;
2020-11-29;364;50777;
2020-11-30;337;51114;
2020-12-01;418;51532;
2020-12-02;457;51989;
2020-12-03;448;52437;
2020-12-04;498;52935;
2020-12-05;520;53455;
2020-12-06;484;53939;
2020-12-07;462;54401;
2020-12-08;528;54929;
2020-12-09;582;55511;
2020-12-10;546;56057;
2020-12-11;640;56697;
2020-12-12;731;57428;
2020-12-13;564;57992;
2020-12-14;674;58666;
2020-12-15;557;59223;
2020-12-16;696;59919;
2020-12-17;931;60850;
2020-12-18;810;61660;
2020-12-19;692;62352;
2020-12-20;650;63002;
2020-12-21;752;63754;
2020-12-22;756;64510;
2020-12-23;702;65212;
2020-12-24;874;66086;
2020-12-25;942;67028;
2020-12-26;752;67780;
2020-12-27;801;68581;
2020-12-28;842;69423;
2020-12-29;999;70422;
2020-12-30;932;71354;
2020-12-31;742;72096;
2021-01-01;1223;73319;
2021-01-02;926;74245;
2021-01-03;790;75035;
2021-01-04;770;75805;
2021-01-05;820;76625;
2021-01-06;1090;77715;
2021-01-07;1277;78992;
2021-01-08;1045;80037;
2021-01-09;821;80858;
2021-01-10;778;81636;
2021-01-11;563;82199;
2021-01-12;864;83063;
2021-01-13;730;83793;
2021-01-14;815;84608;
2021-01-15;714;85322;
2021-01-16;881;86203;
2021-01-17;582;86785;
2021-01-18;467;87252;
2021-01-19;633;87885;
2021-01-20;670;88555;
2021-01-21;764;89319;
2021-01-22;611;89930;
2021-01-23;563;90493;
2021-01-24;430;90923;
2021-01-25;504;91427;
2021-01-26;594;92021;
2021-01-27;454;92475;
2021-01-28;576;93051;
2021-01-29;498;93549;
2021-01-30;556;94105;
2021-01-31;389;94494;
2021-02-01;468;94962;
2021-02-02;559;95521;
2021-02-03;485;96006;
2021-02-04;523;96529;
2021-02-05;548;97077;
2021-02-06;511;97588;
2021-02-07;409;97997;
2021-02-08;333;98330;
2021-02-09;451;98781;
2021-02-10;551;99332;
2021-02-11;475;99807;
2021-02-12;481;100288;
2021-02-13;341;100629;
2021-02-14;352;100981;
2021-02-15;317;101298;
2021-02-16;413;101711;
2021-02-17;327;102038;
2021-02-18;375;102413;
2021-02-19;395;102808;
2021-02-20;387;103195;
2021-02-21;401;103596;
2021-02-22;257;103853;
2021-02-23;419;104272;
2021-02-24;409;104681;
2021-02-25;390;105071;
2021-02-26;396;105467;
2021-02-27;321;105788;
2021-02-28;249;106037;
2021-03-01;260;106297;
2021-03-02;392;106689;
2021-03-03;303;106992;
2021-03-04;376;107368;
2021-03-05;281;107649;
2021-03-06;398;108047;
2021-03-07;266;108313;
2021-03-08;260;108573;
2021-03-09;391;108964;
2021-03-10;315;109279;
2021-03-11;366;109645;
2021-03-12;389;110034;
2021-03-13;280;110314;
2021-03-14;271;110585;
2021-03-15;245;110830;
2021-03-16;339;111169;
2021-03-17;313;111482;
2021-03-18;352;111834;
2021-03-19;319;112153;
2021-03-20;266;112419;
2021-03-21;309;112728;
2021-03-22;229;112957;
2021-03-23;339;113296;
2021-03-24;370;113666;
2021-03-25;356;114022;
2021-03-26;360;114382;
2021-03-27;309;114691;
2021-03-28;261;114952;
2021-03-29;303;115255;
2021-03-30;374;115629;
2021-03-31;401;116030;
2021-04-01;360;116390;
2021-04-02;385;116775;
2021-04-03;356;117131;
2021-04-04;300;117431;
2021-04-05;295;117726;
2021-04-06;311;118037;
2021-04-07;403;118440;
2021-04-08;395;118835;
2021-04-09;515;119350;
2021-04-10;297;119647;
2021-04-11;377;120024;
2021-04-12;262;120286;
2021-04-13;375;120661;
2021-04-14;354;121015;
2021-04-15;433;121448;
2021-04-16;369;121817;
2021-04-17;352;122169;
2021-04-18;219;122388;
2021-04-19;253;122641;
2021-04-20;274;122915;
2021-04-21;311;123226;
2021-04-22;316;123542;
2021-04-23;231;123773;
2021-04-24;341;124114;
2021-04-25;123;124237;
;;;
;;;
;;;
;;;
;;;
;;;
;;;
;;;
;;;
;;;
;;;
;;;
;;;
;;;
;;;
;;;
;;;
;;;
;;;
;;;
;;;
;;;
;;;
;;;
;;;
;;;
;;;
;;;
;;;
;;;
;;;
;;;
;;;
;;;
;;;
;;;
;;;
;;;
;;;
;;;
;;;
;;;
;;;
;;;
;;;
;;;
;;;
;;;
;;;
;;;
;;;
;;;
;;;
;;;
;;;
;;;
;;;
;;;
;;;
;;;
;;;
;;;
;;;
;;;
;;;
;;;
;;;
;;;
;;;
;;;
;;;
;;;
;;;
;;;
;;;
;;;
;;;
;;;
;;;
;;;
;;;
;;;
;;;
;;;
;;;
;;;
;;;
;;;
;;;
;;;
;;;
;;;
;;;
;;;
;;;
;;;
;;;
;;;
;;;
;;;
;;;
