Date;Nouveaux cas;Cumulatif de cas;
2020-02-25;1;1;
2020-02-26;0;1;
2020-02-27;0;1;
2020-02-28;0;1;
2020-02-29;0;1;
2020-03-01;1;2;
2020-03-02;2;4;
2020-03-03;0;4;
2020-03-04;0;4;
2020-03-05;0;4;
2020-03-06;0;4;
2020-03-07;0;4;
2020-03-08;1;5;
2020-03-09;1;6;
2020-03-10;2;8;
2020-03-11;3;11;
2020-03-12;3;14;
2020-03-13;2;16;
2020-03-14;5;21;
2020-03-15;6;27;
2020-03-16;5;32;
2020-03-17;7;39;
2020-03-18;6;45;
2020-03-19;36;81;
2020-03-20;49;130;
2020-03-21;91;221;
2020-03-22;88;309;
2020-03-23;132;441;
2020-03-24;145;586;
2020-03-25;185;771;
2020-03-26;179;950;
2020-03-27;239;1189;
2020-03-28;198;1387;
2020-03-29;258;1645;
2020-03-30;264;1909;
2020-03-31;330;2239;
2020-04-01;303;2542;
2020-04-02;408;2950;
2020-04-03;347;3297;
2020-04-04;340;3637;
2020-04-05;258;3895;
2020-04-06;457;4352;
2020-04-07;421;4773;
2020-04-08;373;5146;
2020-04-09;350;5496;
2020-04-10;305;5801;
2020-04-11;261;6062;
2020-04-12;328;6390;
2020-04-13;542;6932;
2020-04-14;468;7400;
2020-04-15;612;8012;
2020-04-16;496;8508;
2020-04-17;570;9078;
2020-04-18;331;9409;
2020-04-19;428;9837;
2020-04-20;481;10318;
2020-04-21;456;10774;
2020-04-22;529;11303;
2020-04-23;526;11829;
2020-04-24;491;12320;
2020-04-25;312;12632;
2020-04-26;282;12914;
2020-04-27;461;13375;
2020-04-28;470;13845;
2020-04-29;517;14362;
2020-04-30;588;14950;
2020-05-01;612;15562;
2020-05-02;525;16087;
2020-05-03;345;16432;
2020-05-04;419;16851;
2020-05-05;467;17318;
2020-05-06;569;17887;
2020-05-07;429;18316;
2020-05-08;427;18743;
2020-05-09;312;19055;
2020-05-10;298;19353;
2020-05-11;364;19717;
2020-05-12;426;20143;
2020-05-13;400;20543;
2020-05-14;353;20896;
2020-05-15;344;21240;
2020-05-16;271;21511;
2020-05-17;342;21853;
2020-05-18;331;22184;
2020-05-19;319;22503;
2020-05-20;405;22908;
2020-05-21;378;23286;
2020-05-22;257;23543;
2020-05-23;216;23759;
2020-05-24;216;23975;
2020-05-25;203;24178;
2020-05-26;240;24418;
2020-05-27;253;24671;
2020-05-28;193;24864;
2020-05-29;193;25057;
2020-05-30;205;25262;
2020-05-31;140;25402;
2020-06-01;155;25557;
2020-06-02;97;25654;
2020-06-03;114;25768;
2020-06-04;127;25895;
2020-06-05;109;26004;
2020-06-06;105;26109;
2020-06-07;75;26184;
2020-06-08;51;26235;
2020-06-09;79;26314;
2020-06-10;67;26381;
2020-06-11;66;26447;
2020-06-12;72;26519;
2020-06-13;66;26585;
2020-06-14;28;26613;
2020-06-15;56;26669;
2020-06-16;74;26743;
2020-06-17;53;26796;
2020-06-18;48;26844;
2020-06-19;64;26908;
2020-06-20;33;26941;
2020-06-21;27;26968;
2020-06-22;41;27009;
2020-06-23;40;27049;
2020-06-24;29;27078;
2020-06-25;45;27123;
2020-06-26;42;27165;
2020-06-27;30;27195;
2020-06-28;18;27213;
2020-06-29;16;27229;
2020-06-30;40;27269;
2020-07-01;24;27293;
2020-07-02;16;27309;
2020-07-03;17;27326;
2020-07-04;16;27342;
2020-07-05;7;27349;
2020-07-06;16;27365;
2020-07-07;21;27386;
2020-07-08;33;27419;
2020-07-09;52;27471;
2020-07-10;48;27519;
2020-07-11;22;27541;
2020-07-12;13;27554;
2020-07-13;75;27629;
2020-07-14;65;27694;
2020-07-15;69;27763;
2020-07-16;66;27829;
2020-07-17;100;27929;
2020-07-18;97;28026;
2020-07-19;55;28081;
2020-07-20;37;28118;
2020-07-21;62;28180;
2020-07-22;78;28258;
2020-07-23;94;28352;
2020-07-24;69;28421;
2020-07-25;34;28455;
2020-07-26;52;28507;
2020-07-27;34;28541;
2020-07-28;37;28578;
2020-07-29;69;28647;
2020-07-30;58;28705;
2020-07-31;57;28762;
2020-08-01;50;28812;
2020-08-02;31;28843;
2020-08-03;45;28888;
2020-08-04;65;28953;
2020-08-05;46;28999;
2020-08-06;21;29020;
2020-08-07;46;29066;
2020-08-08;35;29101;
2020-08-09;37;29138;
2020-08-10;34;29172;
2020-08-11;36;29208;
2020-08-12;35;29243;
2020-08-13;38;29281;
2020-08-14;30;29311;
2020-08-15;14;29325;
2020-08-16;12;29337;
2020-08-17;17;29354;
2020-08-18;17;29371;
2020-08-19;22;29393;
2020-08-20;34;29427;
2020-08-21;32;29459;
2020-08-22;19;29478;
2020-08-23;21;29499;
2020-08-24;8;29507;
2020-08-25;29;29536;
2020-08-26;41;29577;
2020-08-27;43;29620;
2020-08-28;25;29645;
2020-08-29;54;29699;
2020-08-30;14;29713;
2020-08-31;32;29745;
2020-09-01;36;29781;
2020-09-02;36;29817;
2020-09-03;72;29889;
2020-09-04;49;29938;
2020-09-05;63;30001;
2020-09-06;57;30058;
2020-09-07;50;30108;
2020-09-08;71;30179;
2020-09-09;70;30249;
2020-09-10;90;30339;
2020-09-11;108;30447;
2020-09-12;71;30518;
2020-09-13;98;30616;
2020-09-14;71;30687;
2020-09-15;93;30780;
2020-09-16;79;30859;
2020-09-17;70;30929;
2020-09-18;198;31127;
2020-09-19;141;31268;
2020-09-20;201;31469;
2020-09-21;140;31609;
2020-09-22;169;31778;
2020-09-23;254;32032;
2020-09-24;235;32267;
2020-09-25;287;32554;
2020-09-26;352;32906;
2020-09-27;274;33180;
2020-09-28;282;33462;
2020-09-29;355;33817;
2020-09-30;317;34134;
2020-10-01;312;34446;
2020-10-02;416;34862;
2020-10-03;365;35227;
2020-10-04;299;35526;
2020-10-05;277;35803;
2020-10-06;254;36057;
2020-10-07;301;36358;
2020-10-08;347;36705;
2020-10-09;284;36989;
2020-10-10;194;37183;
2020-10-11;326;37509;
2020-10-12;270;37779;
2020-10-13;201;37980;
2020-10-14;270;38250;
2020-10-15;254;38504;
2020-10-16;264;38768;
2020-10-17;271;39039;
2020-10-18;191;39230;
2020-10-19;244;39474;
2020-10-20;254;39728;
2020-10-21;288;40016;
2020-10-22;222;40238;
2020-10-23;245;40483;
2020-10-24;166;40649;
2020-10-25;220;40869;
2020-10-26;356;41225;
2020-10-27;243;41468;
2020-10-28;211;41679;
2020-10-29;219;41898;
2020-10-30;196;42094;
2020-10-31;237;42542;
2020-11-01;235;42778;
2020-11-02;194;42760;
2020-11-03;240;43000;
2020-11-04;243;43243;
2020-11-05;327;43570;
2020-11-06;264;43834;
2020-11-07;270;44104;
2020-11-08;277;44381;
2020-11-09;267;44648;
2020-11-10;319;44967;
2020-11-11;347;45314;
2020-11-12;286;45600;
2020-11-13;328;45928;
2020-11-14;306;46234;
2020-11-15;277;46511;
2020-11-16;306;46817;
2020-11-17;238;47055;
2020-11-18;229;47284;
2020-11-19;281;47565;
2020-11-20;254;47819;
2020-11-21;263;48082;
2020-11-22;299;48381;
2020-11-23;277;48658;
2020-11-24;243;48901;
2020-11-25;302;49203;
2020-11-26;348;49551;
2020-11-27;414;49965;
2020-11-28;445;50410;
2020-11-29;364;50774;
2020-11-30;337;51111;
2020-12-01;418;51529;
2020-12-02;457;51986;
2020-12-03;448;52434;
2020-12-04;498;52932;
2020-12-05;520;53452;
2020-12-06;484;53936;
2020-12-07;462;54398;
2020-12-08;528;54926;
2020-12-09;582;55508;
2020-12-10;546;56054;
2020-12-11;640;56694;
2020-12-12;731;57425;
2020-12-13;564;57989;
2020-12-14;674;58663;
2020-12-15;557;59220;
2020-12-16;696;59916;
2020-12-17;931;60847;
2020-12-18;810;61657;
2020-12-19;692;62349;
2020-12-20;649;62998;
2020-12-21;751;63749;
2020-12-22;756;64505;
2020-12-23;702;65207;
2020-12-24;874;66081;
2020-12-25;942;67023;
2020-12-26;752;67775;
2020-12-27;801;68576;
2020-12-28;842;69418;
2020-12-29;999;70417;
2020-12-30;932;71349;
2020-12-31;742;72091;
2021-01-01;1223;73314;
2021-01-02;926;74240;
2021-01-03;790;75030;
2021-01-04;769;75799;
2021-01-05;820;76619;
2021-01-06;1090;77709;
2021-01-07;1276;78985;
2021-01-08;1044;80029;
2021-01-09;821;80850;
2021-01-10;778;81628;
2021-01-11;563;82191;
2021-01-12;863;83054;
2021-01-13;730;83784;
2021-01-14;815;84599;
2021-01-15;714;85313;
2021-01-16;881;86194;
2021-01-17;582;86776;
2021-01-18;467;87243;
2021-01-19;633;87876;
2021-01-20;670;88546;
2021-01-21;764;89310;
2021-01-22;611;89921;
2021-01-23;563;90484;
2021-01-24;429;90913;
2021-01-25;503;91416;
2021-01-26;593;92009;
2021-01-27;454;92463;
2021-01-28;576;93039;
2021-01-29;498;93537;
2021-01-30;556;94093;
2021-01-31;389;94482;
2021-02-01;468;94950;
2021-02-02;559;95509;
2021-02-03;485;95994;
2021-02-04;523;96517;
2021-02-05;548;97065;
2021-02-06;511;97576;
2021-02-07;409;97985;
2021-02-08;333;98318;
2021-02-09;451;98769;
2021-02-10;551;99320;
2021-02-11;474;99794;
2021-02-12;481;100275;
2021-02-13;341;100616;
2021-02-14;352;100968;
2021-02-15;317;101285;
2021-02-16;413;101698;
2021-02-17;327;102025;
2021-02-18;375;102400;
2021-02-19;395;102795;
2021-02-20;387;103182;
2021-02-21;401;103583;
2021-02-22;257;103840;
2021-02-23;419;104259;
2021-02-24;409;104668;
2021-02-25;389;105057;
2021-02-26;396;105453;
2021-02-27;321;105774;
2021-02-28;249;106023;
2021-03-01;259;106282;
2021-03-02;391;106673;
2021-03-03;303;106976;
2021-03-04;376;107352;
2021-03-05;281;107633;
2021-03-06;398;108031;
2021-03-07;266;108297;
2021-03-08;260;108557;
2021-03-09;391;108948;
2021-03-10;315;109263;
2021-03-11;366;109629;
2021-03-12;389;110018;
2021-03-13;280;110298;
2021-03-14;271;110569;
2021-03-15;245;110814;
2021-03-16;339;111153;
2021-03-17;313;111466;
2021-03-18;352;111818;
2021-03-19;319;112137;
2021-03-20;266;112403;
2021-03-21;309;112712;
2021-03-22;229;112941;
2021-03-23;339;113280;
2021-03-24;370;113650;
2021-03-25;356;114006;
2021-03-26;360;114366;
2021-03-27;309;114675;
2021-03-28;261;114936;
2021-03-29;303;115239;
2021-03-30;374;115613;
2021-03-31;401;116014;
2021-04-01;360;116374;
2021-04-02;385;116759;
2021-04-03;356;117115;
2021-04-04;300;117415;
2021-04-05;295;117710;
2021-04-06;311;118021;
2021-04-07;403;118424;
2021-04-08;395;118819;
2021-04-09;515;119334;
2021-04-10;297;119631;
2021-04-11;377;120008;
2021-04-12;262;120270;
2021-04-13;375;120645;
2021-04-14;354;120999;
2021-04-15;433;121432;
2021-04-16;369;121801;
2021-04-17;352;122153;
2021-04-18;219;122372;
2021-04-19;253;122625;
2021-04-20;274;122899;
2021-04-21;311;123210;
2021-04-22;316;123526;
2021-04-23;230;123756;
2021-04-24;341;124097;
2021-04-25;198;124295;
;;;
;;;
;;;
;;;
;;;
;;;
;;;
;;;
;;;
;;;
;;;
;;;
;;;
;;;
;;;
;;;
;;;
;;;
;;;
;;;
;;;
;;;
;;;
;;;
;;;
;;;
;;;
;;;
;;;
;;;
;;;
;;;
;;;
;;;
;;;
;;;
;;;
;;;
;;;
;;;
;;;
;;;
;;;
;;;
;;;
;;;
;;;
;;;
;;;
;;;
;;;
;;;
;;;
;;;
;;;
;;;
;;;
;;;
;;;
;;;
;;;
;;;
;;;
;;;
;;;
;;;
;;;
;;;
;;;
;;;
;;;
;;;
;;;
;;;
;;;
;;;
;;;
;;;
;;;
;;;
;;;
;;;
;;;
;;;
;;;
;;;
;;;
;;;
;;;
;;;
;;;
;;;
;;;
;;;
;;;
;;;
;;;
;;;
;;;
;;;
;;;
