Date;Nouveaux cas;Cumulatif de cas;
2020-02-25;1;1;
2020-02-26;0;1;
2020-02-27;0;1;
2020-02-28;0;1;
2020-02-29;0;1;
2020-03-01;1;2;
2020-03-02;2;4;
2020-03-03;0;4;
2020-03-04;0;4;
2020-03-05;0;4;
2020-03-06;0;4;
2020-03-07;0;4;
2020-03-08;1;5;
2020-03-09;1;6;
2020-03-10;2;8;
2020-03-11;3;11;
2020-03-12;3;14;
2020-03-13;2;16;
2020-03-14;5;21;
2020-03-15;6;27;
2020-03-16;5;32;
2020-03-17;7;39;
2020-03-18;6;45;
2020-03-19;36;81;
2020-03-20;49;130;
2020-03-21;91;221;
2020-03-22;88;309;
2020-03-23;132;441;
2020-03-24;145;586;
2020-03-25;185;771;
2020-03-26;180;951;
2020-03-27;240;1191;
2020-03-28;198;1389;
2020-03-29;258;1647;
2020-03-30;264;1911;
2020-03-31;330;2241;
2020-04-01;303;2544;
2020-04-02;408;2952;
2020-04-03;347;3299;
2020-04-04;340;3639;
2020-04-05;258;3897;
2020-04-06;457;4354;
2020-04-07;422;4776;
2020-04-08;373;5149;
2020-04-09;351;5500;
2020-04-10;305;5805;
2020-04-11;261;6066;
2020-04-12;329;6395;
2020-04-13;542;6937;
2020-04-14;468;7405;
2020-04-15;613;8018;
2020-04-16;496;8514;
2020-04-17;571;9085;
2020-04-18;331;9416;
2020-04-19;429;9845;
2020-04-20;483;10328;
2020-04-21;457;10785;
2020-04-22;530;11315;
2020-04-23;527;11842;
2020-04-24;492;12334;
2020-04-25;312;12646;
2020-04-26;282;12928;
2020-04-27;461;13389;
2020-04-28;471;13860;
2020-04-29;518;14378;
2020-04-30;588;14966;
2020-05-01;613;15579;
2020-05-02;526;16105;
2020-05-03;345;16450;
2020-05-04;419;16869;
2020-05-05;468;17337;
2020-05-06;569;17906;
2020-05-07;429;18335;
2020-05-08;429;18764;
2020-05-09;313;19077;
2020-05-10;299;19376;
2020-05-11;365;19741;
2020-05-12;426;20167;
2020-05-13;400;20567;
2020-05-14;353;20920;
2020-05-15;346;21266;
2020-05-16;271;21537;
2020-05-17;343;21880;
2020-05-18;331;22211;
2020-05-19;319;22530;
2020-05-20;407;22937;
2020-05-21;379;23316;
2020-05-22;257;23573;
2020-05-23;216;23789;
2020-05-24;216;24005;
2020-05-25;203;24208;
2020-05-26;240;24448;
2020-05-27;253;24701;
2020-05-28;193;24894;
2020-05-29;193;25087;
2020-05-30;205;25292;
2020-05-31;140;25432;
2020-06-01;155;25587;
2020-06-02;97;25684;
2020-06-03;114;25798;
2020-06-04;128;25926;
2020-06-05;109;26035;
2020-06-06;105;26140;
2020-06-07;75;26215;
2020-06-08;51;26266;
2020-06-09;79;26345;
2020-06-10;67;26412;
2020-06-11;66;26478;
2020-06-12;72;26550;
2020-06-13;66;26616;
2020-06-14;28;26644;
2020-06-15;56;26700;
2020-06-16;74;26774;
2020-06-17;53;26827;
2020-06-18;48;26875;
2020-06-19;64;26939;
2020-06-20;33;26972;
2020-06-21;27;26999;
2020-06-22;41;27040;
2020-06-23;40;27080;
2020-06-24;29;27109;
2020-06-25;45;27154;
2020-06-26;42;27196;
2020-06-27;30;27226;
2020-06-28;18;27244;
2020-06-29;16;27260;
2020-06-30;40;27300;
2020-07-01;24;27324;
2020-07-02;16;27340;
2020-07-03;17;27357;
2020-07-04;16;27373;
2020-07-05;7;27380;
2020-07-06;16;27396;
2020-07-07;21;27417;
2020-07-08;33;27450;
2020-07-09;52;27502;
2020-07-10;49;27551;
2020-07-11;22;27573;
2020-07-12;13;27586;
2020-07-13;75;27661;
2020-07-14;65;27726;
2020-07-15;69;27795;
2020-07-16;66;27861;
2020-07-17;100;27961;
2020-07-18;97;28058;
2020-07-19;55;28113;
2020-07-20;37;28150;
2020-07-21;63;28213;
2020-07-22;78;28291;
2020-07-23;94;28385;
2020-07-24;68;28453;
2020-07-25;34;28487;
2020-07-26;52;28539;
2020-07-27;34;28573;
2020-07-28;37;28610;
2020-07-29;69;28679;
2020-07-30;59;28738;
2020-07-31;57;28795;
2020-08-01;50;28845;
2020-08-02;31;28876;
2020-08-03;45;28921;
2020-08-04;65;28986;
2020-08-05;46;29032;
2020-08-06;21;29053;
2020-08-07;46;29099;
2020-08-08;35;29134;
2020-08-09;37;29171;
2020-08-10;34;29205;
2020-08-11;36;29241;
2020-08-12;35;29276;
2020-08-13;38;29314;
2020-08-14;30;29344;
2020-08-15;14;29358;
2020-08-16;12;29370;
2020-08-17;17;29387;
2020-08-18;17;29404;
2020-08-19;22;29426;
2020-08-20;34;29460;
2020-08-21;32;29492;
2020-08-22;20;29512;
2020-08-23;21;29533;
2020-08-24;8;29541;
2020-08-25;29;29570;
2020-08-26;41;29611;
2020-08-27;43;29654;
2020-08-28;25;29679;
2020-08-29;54;29733;
2020-08-30;14;29747;
2020-08-31;32;29779;
2020-09-01;36;29815;
2020-09-02;36;29851;
2020-09-03;72;29923;
2020-09-04;49;29972;
2020-09-05;63;30035;
2020-09-06;57;30092;
2020-09-07;50;30142;
2020-09-08;71;30213;
2020-09-09;70;30283;
2020-09-10;90;30373;
2020-09-11;109;30482;
2020-09-12;71;30553;
2020-09-13;98;30651;
2020-09-14;71;30722;
2020-09-15;94;30816;
2020-09-16;80;30896;
2020-09-17;71;30967;
2020-09-18;199;31166;
2020-09-19;141;31307;
2020-09-20;203;31510;
2020-09-21;140;31650;
2020-09-22;169;31819;
2020-09-23;254;32073;
2020-09-24;237;32310;
2020-09-25;287;32597;
2020-09-26;352;32949;
2020-09-27;274;33223;
2020-09-28;283;33506;
2020-09-29;356;33862;
2020-09-30;317;34179;
2020-10-01;312;34491;
2020-10-02;416;34907;
2020-10-03;367;35274;
2020-10-04;300;35574;
2020-10-05;279;35853;
2020-10-06;256;36109;
2020-10-07;303;36412;
2020-10-08;348;36760;
2020-10-09;286;37046;
2020-10-10;194;37240;
2020-10-11;327;37567;
2020-10-12;270;37837;
2020-10-13;202;38039;
2020-10-14;270;38309;
2020-10-15;254;38563;
2020-10-16;264;38827;
2020-10-17;273;39100;
2020-10-18;192;39292;
2020-10-19;244;39536;
2020-10-20;254;39790;
2020-10-21;288;40078;
2020-10-22;223;40301;
2020-10-23;247;40548;
2020-10-24;166;40714;
2020-10-25;220;40934;
2020-10-26;357;41291;
2020-10-27;244;41535;
2020-10-28;211;41746;
2020-10-29;219;41965;
2020-10-30;197;42162;
2020-10-31;239;42542;
2020-11-01;236;42778;
2020-11-02;198;42835;
2020-11-03;240;43075;
2020-11-04;245;43320;
2020-11-05;328;43648;
2020-11-06;265;43913;
2020-11-07;272;44185;
2020-11-08;277;44462;
2020-11-09;268;44730;
2020-11-10;320;45050;
2020-11-11;349;45399;
2020-11-12;286;45685;
2020-11-13;329;46014;
2020-11-14;307;46321;
2020-11-15;277;46598;
2020-11-16;307;46905;
2020-11-17;238;47143;
2020-11-18;229;47372;
2020-11-19;282;47654;
2020-11-20;254;47908;
2020-11-21;266;48174;
2020-11-22;303;48477;
2020-11-23;278;48755;
2020-11-24;244;48999;
2020-11-25;303;49302;
2020-11-26;348;49650;
2020-11-27;416;50066;
2020-11-28;445;50511;
2020-11-29;365;50876;
2020-11-30;338;51214;
2020-12-01;418;51632;
2020-12-02;458;52090;
2020-12-03;451;52541;
2020-12-04;500;53041;
2020-12-05;522;53563;
2020-12-06;484;54047;
2020-12-07;464;54511;
2020-12-08;531;55042;
2020-12-09;587;55629;
2020-12-10;548;56177;
2020-12-11;647;56824;
2020-12-12;736;57560;
2020-12-13;567;58127;
2020-12-14;678;58805;
2020-12-15;560;59365;
2020-12-16;700;60065;
2020-12-17;934;60999;
2020-12-18;815;61814;
2020-12-19;697;62511;
2020-12-20;650;63161;
2020-12-21;752;63913;
2020-12-22;763;64676;
2020-12-23;705;65381;
2020-12-24;879;66260;
2020-12-25;949;67209;
2020-12-26;754;67963;
2020-12-27;803;68766;
2020-12-28;843;69609;
2020-12-29;999;70608;
2020-12-30;936;71544;
2020-12-31;747;72291;
2021-01-01;1231;73522;
2021-01-02;927;74449;
2021-01-03;793;75242;
2021-01-04;771;76013;
2021-01-05;822;76835;
2021-01-06;1095;77930;
2021-01-07;1280;79210;
2021-01-08;1049;80259;
2021-01-09;824;81083;
2021-01-10;779;81862;
2021-01-11;564;82426;
2021-01-12;865;83291;
2021-01-13;732;84023;
2021-01-14;816;84839;
2021-01-15;714;85553;
2021-01-16;885;86438;
2021-01-17;584;87022;
2021-01-18;470;87492;
2021-01-19;638;88130;
2021-01-20;673;88803;
2021-01-21;765;89568;
2021-01-22;614;90182;
2021-01-23;565;90747;
2021-01-24;430;91177;
2021-01-25;506;91683;
2021-01-26;594;92277;
2021-01-27;455;92732;
2021-01-28;577;93309;
2021-01-29;498;93807;
2021-01-30;555;94362;
2021-01-31;390;94752;
2021-02-01;470;95222;
2021-02-02;560;95782;
2021-02-03;487;96269;
2021-02-04;525;96794;
2021-02-05;550;97344;
2021-02-06;514;97858;
2021-02-07;410;98268;
2021-02-08;335;98603;
2021-02-09;451;99054;
2021-02-10;552;99606;
2021-02-11;477;100083;
2021-02-12;484;100567;
2021-02-13;342;100909;
2021-02-14;352;101261;
2021-02-15;317;101578;
2021-02-16;414;101992;
2021-02-17;330;102322;
2021-02-18;377;102699;
2021-02-19;396;103095;
2021-02-20;391;103486;
2021-02-21;406;103892;
2021-02-22;258;104150;
2021-02-23;419;104569;
2021-02-24;410;104979;
2021-02-25;390;105369;
2021-02-26;398;105767;
2021-02-27;324;106091;
2021-02-28;249;106340;
2021-03-01;260;106600;
2021-03-02;390;106990;
2021-03-03;304;107294;
2021-03-04;372;107666;
2021-03-05;282;107948;
2021-03-06;398;108346;
2021-03-07;269;108615;
2021-03-08;260;108875;
2021-03-09;393;109268;
2021-03-10;317;109585;
2021-03-11;366;109951;
2021-03-12;391;110342;
2021-03-13;280;110622;
2021-03-14;271;110893;
2021-03-15;245;111138;
2021-03-16;341;111479;
2021-03-17;313;111792;
2021-03-18;355;112147;
2021-03-19;320;112467;
2021-03-20;266;112733;
2021-03-21;309;113042;
2021-03-22;230;113272;
2021-03-23;341;113613;
2021-03-24;369;113982;
2021-03-25;357;114339;
2021-03-26;357;114696;
2021-03-27;309;115005;
2021-03-28;266;115271;
2021-03-29;293;115564;
2021-03-30;243;115807;
;;;
;;;
;;;
;;;
;;;
;;;
;;;
;;;
;;;
;;;
;;;
;;;
;;;
;;;
;;;
;;;
;;;
;;;
;;;
;;;
;;;
;;;
;;;
;;;
;;;
;;;
;;;
;;;
;;;
;;;
;;;
;;;
;;;
;;;
;;;
;;;
;;;
;;;
;;;
;;;
;;;
;;;
;;;
;;;
;;;
;;;
;;;
;;;
;;;
;;;
;;;
;;;
;;;
;;;
;;;
;;;
;;;
;;;
;;;
;;;
;;;
;;;
;;;
;;;
;;;
;;;
;;;
;;;
;;;
;;;
;;;
;;;
;;;
;;;
;;;
;;;
;;;
;;;
;;;
;;;
;;;
;;;
;;;
;;;
;;;
;;;
;;;
;;;
;;;
;;;
;;;
;;;
;;;
;;;
;;;
;;;
;;;
;;;
;;;
;;;
;;;
;;;
;;;
;;;
;;;
;;;
;;;
;;;
;;;
;;;
;;;
;;;
;;;
;;;
;;;
;;;
;;;
;;;
;;;
;;;
;;;
;;;
;;;
;;;
;;;
;;;
;;;
