Date;Nouveaux cas;Cumulatif de cas;
2020-02-25;1;1;
2020-02-26;0;1;
2020-02-27;0;1;
2020-02-28;0;1;
2020-02-29;0;1;
2020-03-01;1;2;
2020-03-02;2;4;
2020-03-03;0;4;
2020-03-04;0;4;
2020-03-05;0;4;
2020-03-06;0;4;
2020-03-07;0;4;
2020-03-08;1;5;
2020-03-09;1;6;
2020-03-10;2;8;
2020-03-11;3;11;
2020-03-12;3;14;
2020-03-13;2;16;
2020-03-14;5;21;
2020-03-15;6;27;
2020-03-16;5;32;
2020-03-17;7;39;
2020-03-18;6;45;
2020-03-19;36;81;
2020-03-20;49;130;
2020-03-21;91;221;
2020-03-22;88;309;
2020-03-23;132;441;
2020-03-24;145;586;
2020-03-25;185;771;
2020-03-26;179;950;
2020-03-27;240;1190;
2020-03-28;198;1388;
2020-03-29;258;1646;
2020-03-30;264;1910;
2020-03-31;330;2240;
2020-04-01;303;2543;
2020-04-02;408;2951;
2020-04-03;347;3298;
2020-04-04;340;3638;
2020-04-05;258;3896;
2020-04-06;457;4353;
2020-04-07;421;4774;
2020-04-08;373;5147;
2020-04-09;350;5497;
2020-04-10;305;5802;
2020-04-11;261;6063;
2020-04-12;328;6391;
2020-04-13;542;6933;
2020-04-14;468;7401;
2020-04-15;612;8013;
2020-04-16;496;8509;
2020-04-17;570;9079;
2020-04-18;331;9410;
2020-04-19;428;9838;
2020-04-20;481;10319;
2020-04-21;456;10775;
2020-04-22;529;11304;
2020-04-23;526;11830;
2020-04-24;491;12321;
2020-04-25;312;12633;
2020-04-26;282;12915;
2020-04-27;461;13376;
2020-04-28;470;13846;
2020-04-29;517;14363;
2020-04-30;588;14951;
2020-05-01;612;15563;
2020-05-02;525;16088;
2020-05-03;345;16433;
2020-05-04;419;16852;
2020-05-05;467;17319;
2020-05-06;569;17888;
2020-05-07;429;18317;
2020-05-08;427;18744;
2020-05-09;312;19056;
2020-05-10;298;19354;
2020-05-11;364;19718;
2020-05-12;426;20144;
2020-05-13;400;20544;
2020-05-14;353;20897;
2020-05-15;344;21241;
2020-05-16;271;21512;
2020-05-17;342;21854;
2020-05-18;331;22185;
2020-05-19;319;22504;
2020-05-20;405;22909;
2020-05-21;378;23287;
2020-05-22;257;23544;
2020-05-23;216;23760;
2020-05-24;216;23976;
2020-05-25;203;24179;
2020-05-26;240;24419;
2020-05-27;253;24672;
2020-05-28;193;24865;
2020-05-29;193;25058;
2020-05-30;205;25263;
2020-05-31;140;25403;
2020-06-01;155;25558;
2020-06-02;97;25655;
2020-06-03;114;25769;
2020-06-04;127;25896;
2020-06-05;109;26005;
2020-06-06;105;26110;
2020-06-07;75;26185;
2020-06-08;51;26236;
2020-06-09;79;26315;
2020-06-10;67;26382;
2020-06-11;66;26448;
2020-06-12;72;26520;
2020-06-13;66;26586;
2020-06-14;28;26614;
2020-06-15;56;26670;
2020-06-16;74;26744;
2020-06-17;53;26797;
2020-06-18;48;26845;
2020-06-19;64;26909;
2020-06-20;33;26942;
2020-06-21;27;26969;
2020-06-22;41;27010;
2020-06-23;40;27050;
2020-06-24;29;27079;
2020-06-25;45;27124;
2020-06-26;42;27166;
2020-06-27;30;27196;
2020-06-28;18;27214;
2020-06-29;16;27230;
2020-06-30;40;27270;
2020-07-01;24;27294;
2020-07-02;16;27310;
2020-07-03;17;27327;
2020-07-04;16;27343;
2020-07-05;7;27350;
2020-07-06;16;27366;
2020-07-07;21;27387;
2020-07-08;33;27420;
2020-07-09;52;27472;
2020-07-10;48;27520;
2020-07-11;22;27542;
2020-07-12;13;27555;
2020-07-13;75;27630;
2020-07-14;65;27695;
2020-07-15;69;27764;
2020-07-16;66;27830;
2020-07-17;100;27930;
2020-07-18;97;28027;
2020-07-19;55;28082;
2020-07-20;37;28119;
2020-07-21;62;28181;
2020-07-22;78;28259;
2020-07-23;94;28353;
2020-07-24;69;28422;
2020-07-25;34;28456;
2020-07-26;52;28508;
2020-07-27;34;28542;
2020-07-28;37;28579;
2020-07-29;69;28648;
2020-07-30;58;28706;
2020-07-31;57;28763;
2020-08-01;50;28813;
2020-08-02;31;28844;
2020-08-03;45;28889;
2020-08-04;65;28954;
2020-08-05;46;29000;
2020-08-06;21;29021;
2020-08-07;46;29067;
2020-08-08;35;29102;
2020-08-09;37;29139;
2020-08-10;34;29173;
2020-08-11;36;29209;
2020-08-12;35;29244;
2020-08-13;38;29282;
2020-08-14;30;29312;
2020-08-15;14;29326;
2020-08-16;12;29338;
2020-08-17;17;29355;
2020-08-18;17;29372;
2020-08-19;22;29394;
2020-08-20;34;29428;
2020-08-21;32;29460;
2020-08-22;19;29479;
2020-08-23;21;29500;
2020-08-24;8;29508;
2020-08-25;29;29537;
2020-08-26;41;29578;
2020-08-27;43;29621;
2020-08-28;25;29646;
2020-08-29;54;29700;
2020-08-30;14;29714;
2020-08-31;32;29746;
2020-09-01;36;29782;
2020-09-02;36;29818;
2020-09-03;72;29890;
2020-09-04;49;29939;
2020-09-05;63;30002;
2020-09-06;57;30059;
2020-09-07;50;30109;
2020-09-08;71;30180;
2020-09-09;70;30250;
2020-09-10;90;30340;
2020-09-11;108;30448;
2020-09-12;71;30519;
2020-09-13;98;30617;
2020-09-14;71;30688;
2020-09-15;93;30781;
2020-09-16;79;30860;
2020-09-17;71;30931;
2020-09-18;198;31129;
2020-09-19;141;31270;
2020-09-20;201;31471;
2020-09-21;140;31611;
2020-09-22;169;31780;
2020-09-23;254;32034;
2020-09-24;235;32269;
2020-09-25;287;32556;
2020-09-26;352;32908;
2020-09-27;274;33182;
2020-09-28;282;33464;
2020-09-29;355;33819;
2020-09-30;317;34136;
2020-10-01;312;34448;
2020-10-02;416;34864;
2020-10-03;365;35229;
2020-10-04;299;35528;
2020-10-05;277;35805;
2020-10-06;255;36060;
2020-10-07;301;36361;
2020-10-08;347;36708;
2020-10-09;284;36992;
2020-10-10;194;37186;
2020-10-11;327;37513;
2020-10-12;270;37783;
2020-10-13;201;37984;
2020-10-14;270;38254;
2020-10-15;254;38508;
2020-10-16;264;38772;
2020-10-17;273;39045;
2020-10-18;191;39236;
2020-10-19;244;39480;
2020-10-20;254;39734;
2020-10-21;288;40022;
2020-10-22;222;40244;
2020-10-23;246;40490;
2020-10-24;166;40656;
2020-10-25;220;40876;
2020-10-26;357;41233;
2020-10-27;244;41477;
2020-10-28;211;41688;
2020-10-29;219;41907;
2020-10-30;196;42103;
2020-10-31;237;42542;
2020-11-01;235;42778;
2020-11-02;194;42769;
2020-11-03;240;43009;
2020-11-04;243;43252;
2020-11-05;328;43580;
2020-11-06;265;43845;
2020-11-07;271;44116;
2020-11-08;277;44393;
2020-11-09;268;44661;
2020-11-10;320;44981;
2020-11-11;348;45329;
2020-11-12;286;45615;
2020-11-13;328;45943;
2020-11-14;306;46249;
2020-11-15;277;46526;
2020-11-16;306;46832;
2020-11-17;238;47070;
2020-11-18;229;47299;
2020-11-19;282;47581;
2020-11-20;254;47835;
2020-11-21;266;48101;
2020-11-22;300;48401;
2020-11-23;278;48679;
2020-11-24;243;48922;
2020-11-25;302;49224;
2020-11-26;348;49572;
2020-11-27;414;49986;
2020-11-28;445;50431;
2020-11-29;364;50795;
2020-11-30;337;51132;
2020-12-01;418;51550;
2020-12-02;457;52007;
2020-12-03;448;52455;
2020-12-04;498;52953;
2020-12-05;520;53473;
2020-12-06;484;53957;
2020-12-07;462;54419;
2020-12-08;528;54947;
2020-12-09;582;55529;
2020-12-10;547;56076;
2020-12-11;640;56716;
2020-12-12;731;57447;
2020-12-13;564;58011;
2020-12-14;676;58687;
2020-12-15;557;59244;
2020-12-16;696;59940;
2020-12-17;932;60872;
2020-12-18;810;61682;
2020-12-19;692;62374;
2020-12-20;650;63024;
2020-12-21;752;63776;
2020-12-22;758;64534;
2020-12-23;703;65237;
2020-12-24;874;66111;
2020-12-25;942;67053;
2020-12-26;752;67805;
2020-12-27;803;68608;
2020-12-28;842;69450;
2020-12-29;999;70449;
2020-12-30;934;71383;
2020-12-31;742;72125;
2021-01-01;1224;73349;
2021-01-02;927;74276;
2021-01-03;791;75067;
2021-01-04;770;75837;
2021-01-05;821;76658;
2021-01-06;1091;77749;
2021-01-07;1278;79027;
2021-01-08;1046;80073;
2021-01-09;822;80895;
2021-01-10;778;81673;
2021-01-11;564;82237;
2021-01-12;863;83100;
2021-01-13;731;83831;
2021-01-14;816;84647;
2021-01-15;714;85361;
2021-01-16;882;86243;
2021-01-17;584;86827;
2021-01-18;467;87294;
2021-01-19;633;87927;
2021-01-20;671;88598;
2021-01-21;764;89362;
2021-01-22;613;89975;
2021-01-23;563;90538;
2021-01-24;430;90968;
2021-01-25;504;91472;
2021-01-26;594;92066;
2021-01-27;454;92520;
2021-01-28;576;93096;
2021-01-29;498;93594;
2021-01-30;556;94150;
2021-01-31;389;94539;
2021-02-01;468;95007;
2021-02-02;559;95566;
2021-02-03;485;96051;
2021-02-04;523;96574;
2021-02-05;548;97122;
2021-02-06;511;97633;
2021-02-07;409;98042;
2021-02-08;334;98376;
2021-02-09;451;98827;
2021-02-10;551;99378;
2021-02-11;477;99855;
2021-02-12;481;100336;
2021-02-13;341;100677;
2021-02-14;352;101029;
2021-02-15;317;101346;
2021-02-16;413;101759;
2021-02-17;327;102086;
2021-02-18;375;102461;
2021-02-19;396;102857;
2021-02-20;387;103244;
2021-02-21;401;103645;
2021-02-22;257;103902;
2021-02-23;419;104321;
2021-02-24;409;104730;
2021-02-25;390;105120;
2021-02-26;396;105516;
2021-02-27;321;105837;
2021-02-28;249;106086;
2021-03-01;260;106346;
2021-03-02;392;106738;
2021-03-03;303;107041;
2021-03-04;376;107417;
2021-03-05;281;107698;
2021-03-06;398;108096;
2021-03-07;266;108362;
2021-03-08;260;108622;
2021-03-09;392;109014;
2021-03-10;315;109329;
2021-03-11;366;109695;
2021-03-12;390;110085;
2021-03-13;280;110365;
2021-03-14;271;110636;
2021-03-15;245;110881;
2021-03-16;341;111222;
2021-03-17;313;111535;
2021-03-18;353;111888;
2021-03-19;319;112207;
2021-03-20;266;112473;
2021-03-21;309;112782;
2021-03-22;229;113011;
2021-03-23;340;113351;
2021-03-24;370;113721;
2021-03-25;356;114077;
2021-03-26;360;114437;
2021-03-27;309;114746;
2021-03-28;261;115007;
2021-03-29;304;115311;
2021-03-30;375;115686;
2021-03-31;401;116087;
2021-04-01;360;116447;
2021-04-02;385;116832;
2021-04-03;356;117188;
2021-04-04;301;117489;
2021-04-05;295;117784;
2021-04-06;311;118095;
2021-04-07;404;118499;
2021-04-08;395;118894;
2021-04-09;514;119408;
2021-04-10;297;119705;
2021-04-11;377;120082;
2021-04-12;262;120344;
2021-04-13;375;120719;
2021-04-14;353;121072;
2021-04-15;433;121505;
2021-04-16;368;121873;
2021-04-17;351;122224;
2021-04-18;218;122442;
2021-04-19;254;122696;
2021-04-20;274;122970;
2021-04-21;239;123209;
;;;
;;;
;;;
;;;
;;;
;;;
;;;
;;;
;;;
;;;
;;;
;;;
;;;
;;;
;;;
;;;
;;;
;;;
;;;
;;;
;;;
;;;
;;;
;;;
;;;
;;;
;;;
;;;
;;;
;;;
;;;
;;;
;;;
;;;
;;;
;;;
;;;
;;;
;;;
;;;
;;;
;;;
;;;
;;;
;;;
;;;
;;;
;;;
;;;
;;;
;;;
;;;
;;;
;;;
;;;
;;;
;;;
;;;
;;;
;;;
;;;
;;;
;;;
;;;
;;;
;;;
;;;
;;;
;;;
;;;
;;;
;;;
;;;
;;;
;;;
;;;
;;;
;;;
;;;
;;;
;;;
;;;
;;;
;;;
;;;
;;;
;;;
;;;
;;;
;;;
;;;
;;;
;;;
;;;
;;;
;;;
;;;
;;;
;;;
;;;
;;;
;;;
;;;
;;;
;;;
