Date;Nouveaux cas;Cumulatif de cas;
2020-02-25;1;1;
2020-02-26;0;1;
2020-02-27;0;1;
2020-02-28;0;1;
2020-02-29;0;1;
2020-03-01;1;2;
2020-03-02;2;4;
2020-03-03;0;4;
2020-03-04;0;4;
2020-03-05;0;4;
2020-03-06;0;4;
2020-03-07;0;4;
2020-03-08;1;5;
2020-03-09;1;6;
2020-03-10;2;8;
2020-03-11;3;11;
2020-03-12;3;14;
2020-03-13;2;16;
2020-03-14;5;21;
2020-03-15;6;27;
2020-03-16;5;32;
2020-03-17;7;39;
2020-03-18;6;45;
2020-03-19;35;80;
2020-03-20;49;129;
2020-03-21;91;220;
2020-03-22;88;308;
2020-03-23;132;440;
2020-03-24;145;585;
2020-03-25;184;769;
2020-03-26;179;948;
2020-03-27;239;1187;
2020-03-28;198;1385;
2020-03-29;258;1643;
2020-03-30;264;1907;
2020-03-31;329;2236;
2020-04-01;303;2539;
2020-04-02;408;2947;
2020-04-03;347;3294;
2020-04-04;340;3634;
2020-04-05;258;3892;
2020-04-06;455;4347;
2020-04-07;421;4768;
2020-04-08;372;5140;
2020-04-09;350;5490;
2020-04-10;305;5795;
2020-04-11;261;6056;
2020-04-12;327;6383;
2020-04-13;542;6925;
2020-04-14;468;7393;
2020-04-15;612;8005;
2020-04-16;496;8501;
2020-04-17;568;9069;
2020-04-18;330;9399;
2020-04-19;428;9827;
2020-04-20;480;10307;
2020-04-21;456;10763;
2020-04-22;529;11292;
2020-04-23;526;11818;
2020-04-24;491;12309;
2020-04-25;312;12621;
2020-04-26;282;12903;
2020-04-27;461;13364;
2020-04-28;470;13834;
2020-04-29;517;14351;
2020-04-30;587;14938;
2020-05-01;613;15551;
2020-05-02;525;16076;
2020-05-03;345;16421;
2020-05-04;419;16840;
2020-05-05;467;17307;
2020-05-06;568;17875;
2020-05-07;429;18304;
2020-05-08;427;18731;
2020-05-09;312;19043;
2020-05-10;297;19340;
2020-05-11;362;19702;
2020-05-12;426;20128;
2020-05-13;400;20528;
2020-05-14;353;20881;
2020-05-15;344;21225;
2020-05-16;271;21496;
2020-05-17;341;21837;
2020-05-18;330;22167;
2020-05-19;319;22486;
2020-05-20;405;22891;
2020-05-21;377;23268;
2020-05-22;256;23524;
2020-05-23;216;23740;
2020-05-24;216;23956;
2020-05-25;203;24159;
2020-05-26;239;24398;
2020-05-27;252;24650;
2020-05-28;193;24843;
2020-05-29;192;25035;
2020-05-30;205;25240;
2020-05-31;140;25380;
2020-06-01;155;25535;
2020-06-02;97;25632;
2020-06-03;114;25746;
2020-06-04;126;25872;
2020-06-05;109;25981;
2020-06-06;105;26086;
2020-06-07;75;26161;
2020-06-08;51;26212;
2020-06-09;78;26290;
2020-06-10;67;26357;
2020-06-11;66;26423;
2020-06-12;71;26494;
2020-06-13;66;26560;
2020-06-14;28;26588;
2020-06-15;56;26644;
2020-06-16;74;26718;
2020-06-17;53;26771;
2020-06-18;48;26819;
2020-06-19;64;26883;
2020-06-20;33;26916;
2020-06-21;27;26943;
2020-06-22;41;26984;
2020-06-23;40;27024;
2020-06-24;29;27053;
2020-06-25;45;27098;
2020-06-26;42;27140;
2020-06-27;30;27170;
2020-06-28;18;27188;
2020-06-29;16;27204;
2020-06-30;39;27243;
2020-07-01;24;27267;
2020-07-02;16;27283;
2020-07-03;17;27300;
2020-07-04;16;27316;
2020-07-05;7;27323;
2020-07-06;16;27339;
2020-07-07;21;27360;
2020-07-08;33;27393;
2020-07-09;52;27445;
2020-07-10;48;27493;
2020-07-11;22;27515;
2020-07-12;13;27528;
2020-07-13;75;27603;
2020-07-14;64;27667;
2020-07-15;69;27736;
2020-07-16;66;27802;
2020-07-17;99;27901;
2020-07-18;97;27998;
2020-07-19;55;28053;
2020-07-20;37;28090;
2020-07-21;61;28151;
2020-07-22;78;28229;
2020-07-23;94;28323;
2020-07-24;69;28392;
2020-07-25;34;28426;
2020-07-26;52;28478;
2020-07-27;33;28511;
2020-07-28;36;28547;
2020-07-29;69;28616;
2020-07-30;58;28674;
2020-07-31;57;28731;
2020-08-01;50;28781;
2020-08-02;31;28812;
2020-08-03;45;28857;
2020-08-04;65;28922;
2020-08-05;46;28968;
2020-08-06;21;28989;
2020-08-07;46;29035;
2020-08-08;35;29070;
2020-08-09;37;29107;
2020-08-10;34;29141;
2020-08-11;36;29177;
2020-08-12;35;29212;
2020-08-13;38;29250;
2020-08-14;30;29280;
2020-08-15;14;29294;
2020-08-16;12;29306;
2020-08-17;17;29323;
2020-08-18;17;29340;
2020-08-19;22;29362;
2020-08-20;34;29396;
2020-08-21;32;29428;
2020-08-22;19;29447;
2020-08-23;21;29468;
2020-08-24;8;29476;
2020-08-25;29;29505;
2020-08-26;41;29546;
2020-08-27;43;29589;
2020-08-28;25;29614;
2020-08-29;54;29668;
2020-08-30;14;29682;
2020-08-31;32;29714;
2020-09-01;36;29750;
2020-09-02;36;29786;
2020-09-03;72;29858;
2020-09-04;49;29907;
2020-09-05;63;29970;
2020-09-06;57;30027;
2020-09-07;50;30077;
2020-09-08;71;30148;
2020-09-09;70;30218;
2020-09-10;90;30308;
2020-09-11;107;30415;
2020-09-12;71;30486;
2020-09-13;97;30583;
2020-09-14;71;30654;
2020-09-15;93;30747;
2020-09-16;79;30826;
2020-09-17;70;30896;
2020-09-18;197;31093;
2020-09-19;141;31234;
2020-09-20;200;31434;
2020-09-21;139;31573;
2020-09-22;168;31741;
2020-09-23;254;31995;
2020-09-24;235;32230;
2020-09-25;286;32516;
2020-09-26;352;32868;
2020-09-27;274;33142;
2020-09-28;281;33423;
2020-09-29;355;33778;
2020-09-30;316;34094;
2020-10-01;311;34405;
2020-10-02;416;34821;
2020-10-03;365;35186;
2020-10-04;298;35484;
2020-10-05;277;35761;
2020-10-06;254;36015;
2020-10-07;301;36316;
2020-10-08;346;36662;
2020-10-09;284;36946;
2020-10-10;193;37139;
2020-10-11;325;37464;
2020-10-12;267;37731;
2020-10-13;201;37932;
2020-10-14;269;38201;
2020-10-15;254;38455;
2020-10-16;262;38717;
2020-10-17;270;38987;
2020-10-18;190;39177;
2020-10-19;241;39418;
2020-10-20;254;39672;
2020-10-21;288;39960;
2020-10-22;222;40182;
2020-10-23;243;40425;
2020-10-24;166;40591;
2020-10-25;219;40810;
2020-10-26;356;41166;
2020-10-27;243;41409;
2020-10-28;211;41620;
2020-10-29;217;41837;
2020-10-30;195;42032;
2020-10-31;236;42542;
2020-11-01;234;42778;
2020-11-02;194;42696;
2020-11-03;239;42935;
2020-11-04;241;43176;
2020-11-05;325;43501;
2020-11-06;263;43764;
2020-11-07;270;44034;
2020-11-08;273;44307;
2020-11-09;267;44574;
2020-11-10;319;44893;
2020-11-11;345;45238;
2020-11-12;282;45520;
2020-11-13;327;45847;
2020-11-14;302;46149;
2020-11-15;275;46424;
2020-11-16;304;46728;
2020-11-17;238;46966;
2020-11-18;229;47195;
2020-11-19;281;47476;
2020-11-20;251;47727;
2020-11-21;260;47987;
2020-11-22;298;48285;
2020-11-23;276;48561;
2020-11-24;243;48804;
2020-11-25;298;49102;
2020-11-26;347;49449;
2020-11-27;413;49862;
2020-11-28;445;50307;
2020-11-29;363;50670;
2020-11-30;335;51005;
2020-12-01;417;51422;
2020-12-02;457;51879;
2020-12-03;446;52325;
2020-12-04;496;52821;
2020-12-05;518;53339;
2020-12-06;483;53822;
2020-12-07;461;54283;
2020-12-08;527;54810;
2020-12-09;580;55390;
2020-12-10;543;55933;
2020-12-11;640;56573;
2020-12-12;728;57301;
2020-12-13;564;57865;
2020-12-14;673;58538;
2020-12-15;554;59092;
2020-12-16;696;59788;
2020-12-17;929;60717;
2020-12-18;806;61523;
2020-12-19;691;62214;
2020-12-20;649;62863;
2020-12-21;748;63611;
2020-12-22;755;64366;
2020-12-23;699;65065;
2020-12-24;871;65936;
2020-12-25;939;66875;
2020-12-26;751;67626;
2020-12-27;801;68427;
2020-12-28;838;69265;
2020-12-29;998;70263;
2020-12-30;928;71191;
2020-12-31;741;71932;
2021-01-01;1218;73150;
2021-01-02;925;74075;
2021-01-03;789;74864;
2021-01-04;768;75632;
2021-01-05;818;76450;
2021-01-06;1087;77537;
2021-01-07;1273;78810;
2021-01-08;1040;79850;
2021-01-09;818;80668;
2021-01-10;777;81445;
2021-01-11;559;82004;
2021-01-12;858;82862;
2021-01-13;728;83590;
2021-01-14;812;84402;
2021-01-15;713;85115;
2021-01-16;878;85993;
2021-01-17;579;86572;
2021-01-18;466;87038;
2021-01-19;630;87668;
2021-01-20;667;88335;
2021-01-21;763;89098;
2021-01-22;607;89705;
2021-01-23;560;90265;
2021-01-24;425;90690;
2021-01-25;502;91192;
2021-01-26;591;91783;
2021-01-27;454;92237;
2021-01-28;574;92811;
2021-01-29;497;93308;
2021-01-30;552;93860;
2021-01-31;389;94249;
2021-02-01;468;94717;
2021-02-02;558;95275;
2021-02-03;481;95756;
2021-02-04;522;96278;
2021-02-05;546;96824;
2021-02-06;511;97335;
2021-02-07;407;97742;
2021-02-08;331;98073;
2021-02-09;450;98523;
2021-02-10;551;99074;
2021-02-11;473;99547;
2021-02-12;477;100024;
2021-02-13;339;100363;
2021-02-14;351;100714;
2021-02-15;319;101033;
2021-02-16;412;101445;
2021-02-17;327;101772;
2021-02-18;373;102145;
2021-02-19;396;102541;
2021-02-20;384;102925;
2021-02-21;401;103326;
2021-02-22;257;103583;
2021-02-23;419;104002;
2021-02-24;408;104410;
2021-02-25;387;104797;
2021-02-26;397;105194;
2021-02-27;320;105514;
2021-02-28;248;105762;
2021-03-01;258;106020;
2021-03-02;390;106410;
2021-03-03;303;106713;
2021-03-04;376;107089;
2021-03-05;281;107370;
2021-03-06;399;107769;
2021-03-07;266;108035;
2021-03-08;260;108295;
2021-03-09;391;108686;
2021-03-10;315;109001;
2021-03-11;364;109365;
2021-03-12;387;109752;
2021-03-13;279;110031;
2021-03-14;267;110298;
2021-03-15;245;110543;
2021-03-16;336;110879;
2021-03-17;312;111191;
2021-03-18;352;111543;
2021-03-19;319;111862;
2021-03-20;266;112128;
2021-03-21;308;112436;
2021-03-22;228;112664;
2021-03-23;335;112999;
2021-03-24;370;113369;
2021-03-25;355;113724;
2021-03-26;360;114084;
2021-03-27;307;114391;
2021-03-28;260;114651;
2021-03-29;304;114955;
2021-03-30;375;115330;
2021-03-31;399;115729;
2021-04-01;360;116089;
2021-04-02;385;116474;
2021-04-03;355;116829;
2021-04-04;299;117128;
2021-04-05;294;117422;
2021-04-06;309;117731;
2021-04-07;405;118136;
2021-04-08;395;118531;
2021-04-09;515;119046;
2021-04-10;298;119344;
2021-04-11;377;119721;
2021-04-12;264;119985;
2021-04-13;376;120361;
2021-04-14;354;120715;
2021-04-15;432;121147;
2021-04-16;367;121514;
2021-04-17;352;121866;
2021-04-18;219;122085;
2021-04-19;253;122338;
2021-04-20;276;122614;
2021-04-21;312;122926;
2021-04-22;316;123242;
2021-04-23;229;123471;
2021-04-24;340;123811;
2021-04-25;201;124012;
2021-04-26;245;124257;
2021-04-27;291;124548;
2021-04-28;312;124860;
2021-04-29;344;125204;
2021-04-30;325;125529;
2021-05-01;265;125794;
2021-05-02;209;126003;
2021-05-03;229;126232;
2021-05-04;238;126470;
2021-05-05;201;126671;
2021-05-06;261;126932;
2021-05-07;284;127216;
2021-05-08;218;127434;
2021-05-09;201;127635;
2021-05-10;198;127833;
2021-05-11;153;127986;
;;;
;;;
;;;
;;;
;;;
;;;
;;;
;;;
;;;
;;;
;;;
;;;
;;;
;;;
;;;
;;;
;;;
;;;
;;;
;;;
;;;
;;;
;;;
;;;
;;;
;;;
;;;
;;;
;;;
;;;
;;;
;;;
;;;
;;;
;;;
;;;
;;;
;;;
;;;
;;;
;;;
;;;
;;;
;;;
;;;
;;;
;;;
;;;
;;;
;;;
;;;
;;;
;;;
;;;
;;;
;;;
;;;
;;;
;;;
;;;
;;;
;;;
;;;
;;;
;;;
;;;
;;;
;;;
;;;
;;;
;;;
;;;
;;;
;;;
;;;
;;;
;;;
;;;
;;;
;;;
;;;
;;;
;;;
;;;
;;;
