Date;Nouveaux cas;Cumulatif de cas;
2020-02-25;1;1;
2020-02-26;0;1;
2020-02-27;0;1;
2020-02-28;0;1;
2020-02-29;0;1;
2020-03-01;1;2;
2020-03-02;2;4;
2020-03-03;0;4;
2020-03-04;0;4;
2020-03-05;0;4;
2020-03-06;0;4;
2020-03-07;0;4;
2020-03-08;1;5;
2020-03-09;1;6;
2020-03-10;2;8;
2020-03-11;3;11;
2020-03-12;3;14;
2020-03-13;2;16;
2020-03-14;5;21;
2020-03-15;6;27;
2020-03-16;5;32;
2020-03-17;7;39;
2020-03-18;6;45;
2020-03-19;35;80;
2020-03-20;49;129;
2020-03-21;91;220;
2020-03-22;88;308;
2020-03-23;132;440;
2020-03-24;145;585;
2020-03-25;184;769;
2020-03-26;179;948;
2020-03-27;239;1187;
2020-03-28;198;1385;
2020-03-29;258;1643;
2020-03-30;264;1907;
2020-03-31;329;2236;
2020-04-01;303;2539;
2020-04-02;408;2947;
2020-04-03;347;3294;
2020-04-04;340;3634;
2020-04-05;258;3892;
2020-04-06;455;4347;
2020-04-07;421;4768;
2020-04-08;372;5140;
2020-04-09;350;5490;
2020-04-10;305;5795;
2020-04-11;261;6056;
2020-04-12;327;6383;
2020-04-13;542;6925;
2020-04-14;468;7393;
2020-04-15;612;8005;
2020-04-16;496;8501;
2020-04-17;568;9069;
2020-04-18;330;9399;
2020-04-19;428;9827;
2020-04-20;480;10307;
2020-04-21;456;10763;
2020-04-22;529;11292;
2020-04-23;526;11818;
2020-04-24;491;12309;
2020-04-25;312;12621;
2020-04-26;282;12903;
2020-04-27;461;13364;
2020-04-28;470;13834;
2020-04-29;517;14351;
2020-04-30;587;14938;
2020-05-01;613;15551;
2020-05-02;525;16076;
2020-05-03;344;16420;
2020-05-04;419;16839;
2020-05-05;467;17306;
2020-05-06;568;17874;
2020-05-07;429;18303;
2020-05-08;427;18730;
2020-05-09;312;19042;
2020-05-10;297;19339;
2020-05-11;362;19701;
2020-05-12;426;20127;
2020-05-13;400;20527;
2020-05-14;353;20880;
2020-05-15;344;21224;
2020-05-16;271;21495;
2020-05-17;341;21836;
2020-05-18;330;22166;
2020-05-19;319;22485;
2020-05-20;405;22890;
2020-05-21;377;23267;
2020-05-22;256;23523;
2020-05-23;216;23739;
2020-05-24;216;23955;
2020-05-25;203;24158;
2020-05-26;239;24397;
2020-05-27;252;24649;
2020-05-28;193;24842;
2020-05-29;192;25034;
2020-05-30;205;25239;
2020-05-31;140;25379;
2020-06-01;155;25534;
2020-06-02;97;25631;
2020-06-03;114;25745;
2020-06-04;125;25870;
2020-06-05;109;25979;
2020-06-06;105;26084;
2020-06-07;75;26159;
2020-06-08;51;26210;
2020-06-09;78;26288;
2020-06-10;67;26355;
2020-06-11;66;26421;
2020-06-12;71;26492;
2020-06-13;66;26558;
2020-06-14;28;26586;
2020-06-15;56;26642;
2020-06-16;74;26716;
2020-06-17;53;26769;
2020-06-18;48;26817;
2020-06-19;64;26881;
2020-06-20;33;26914;
2020-06-21;27;26941;
2020-06-22;41;26982;
2020-06-23;40;27022;
2020-06-24;29;27051;
2020-06-25;45;27096;
2020-06-26;42;27138;
2020-06-27;30;27168;
2020-06-28;18;27186;
2020-06-29;16;27202;
2020-06-30;39;27241;
2020-07-01;24;27265;
2020-07-02;16;27281;
2020-07-03;17;27298;
2020-07-04;16;27314;
2020-07-05;7;27321;
2020-07-06;16;27337;
2020-07-07;21;27358;
2020-07-08;33;27391;
2020-07-09;52;27443;
2020-07-10;48;27491;
2020-07-11;22;27513;
2020-07-12;13;27526;
2020-07-13;75;27601;
2020-07-14;64;27665;
2020-07-15;69;27734;
2020-07-16;66;27800;
2020-07-17;99;27899;
2020-07-18;97;27996;
2020-07-19;55;28051;
2020-07-20;37;28088;
2020-07-21;61;28149;
2020-07-22;78;28227;
2020-07-23;94;28321;
2020-07-24;69;28390;
2020-07-25;34;28424;
2020-07-26;52;28476;
2020-07-27;33;28509;
2020-07-28;36;28545;
2020-07-29;69;28614;
2020-07-30;58;28672;
2020-07-31;57;28729;
2020-08-01;50;28779;
2020-08-02;31;28810;
2020-08-03;45;28855;
2020-08-04;65;28920;
2020-08-05;46;28966;
2020-08-06;21;28987;
2020-08-07;46;29033;
2020-08-08;35;29068;
2020-08-09;37;29105;
2020-08-10;34;29139;
2020-08-11;36;29175;
2020-08-12;35;29210;
2020-08-13;38;29248;
2020-08-14;30;29278;
2020-08-15;14;29292;
2020-08-16;12;29304;
2020-08-17;17;29321;
2020-08-18;17;29338;
2020-08-19;22;29360;
2020-08-20;34;29394;
2020-08-21;32;29426;
2020-08-22;19;29445;
2020-08-23;21;29466;
2020-08-24;8;29474;
2020-08-25;29;29503;
2020-08-26;41;29544;
2020-08-27;43;29587;
2020-08-28;25;29612;
2020-08-29;54;29666;
2020-08-30;14;29680;
2020-08-31;32;29712;
2020-09-01;36;29748;
2020-09-02;36;29784;
2020-09-03;72;29856;
2020-09-04;49;29905;
2020-09-05;63;29968;
2020-09-06;57;30025;
2020-09-07;50;30075;
2020-09-08;71;30146;
2020-09-09;70;30216;
2020-09-10;90;30306;
2020-09-11;107;30413;
2020-09-12;71;30484;
2020-09-13;97;30581;
2020-09-14;71;30652;
2020-09-15;93;30745;
2020-09-16;79;30824;
2020-09-17;70;30894;
2020-09-18;197;31091;
2020-09-19;141;31232;
2020-09-20;200;31432;
2020-09-21;139;31571;
2020-09-22;168;31739;
2020-09-23;254;31993;
2020-09-24;235;32228;
2020-09-25;286;32514;
2020-09-26;352;32866;
2020-09-27;273;33139;
2020-09-28;281;33420;
2020-09-29;355;33775;
2020-09-30;316;34091;
2020-10-01;311;34402;
2020-10-02;416;34818;
2020-10-03;365;35183;
2020-10-04;298;35481;
2020-10-05;277;35758;
2020-10-06;254;36012;
2020-10-07;301;36313;
2020-10-08;346;36659;
2020-10-09;284;36943;
2020-10-10;193;37136;
2020-10-11;325;37461;
2020-10-12;267;37728;
2020-10-13;200;37928;
2020-10-14;269;38197;
2020-10-15;254;38451;
2020-10-16;262;38713;
2020-10-17;270;38983;
2020-10-18;190;39173;
2020-10-19;241;39414;
2020-10-20;254;39668;
2020-10-21;288;39956;
2020-10-22;222;40178;
2020-10-23;243;40421;
2020-10-24;166;40587;
2020-10-25;219;40806;
2020-10-26;355;41161;
2020-10-27;243;41404;
2020-10-28;211;41615;
2020-10-29;217;41832;
2020-10-30;195;42027;
2020-10-31;236;42542;
2020-11-01;234;42778;
2020-11-02;194;42691;
2020-11-03;239;42930;
2020-11-04;241;43171;
2020-11-05;325;43496;
2020-11-06;263;43759;
2020-11-07;270;44029;
2020-11-08;273;44302;
2020-11-09;267;44569;
2020-11-10;319;44888;
2020-11-11;345;45233;
2020-11-12;282;45515;
2020-11-13;327;45842;
2020-11-14;302;46144;
2020-11-15;275;46419;
2020-11-16;304;46723;
2020-11-17;238;46961;
2020-11-18;229;47190;
2020-11-19;281;47471;
2020-11-20;252;47723;
2020-11-21;260;47983;
2020-11-22;298;48281;
2020-11-23;276;48557;
2020-11-24;243;48800;
2020-11-25;298;49098;
2020-11-26;346;49444;
2020-11-27;413;49857;
2020-11-28;444;50301;
2020-11-29;363;50664;
2020-11-30;335;50999;
2020-12-01;416;51415;
2020-12-02;457;51872;
2020-12-03;446;52318;
2020-12-04;496;52814;
2020-12-05;518;53332;
2020-12-06;483;53815;
2020-12-07;461;54276;
2020-12-08;524;54800;
2020-12-09;580;55380;
2020-12-10;542;55922;
2020-12-11;639;56561;
2020-12-12;728;57289;
2020-12-13;564;57853;
2020-12-14;672;58525;
2020-12-15;554;59079;
2020-12-16;696;59775;
2020-12-17;929;60704;
2020-12-18;806;61510;
2020-12-19;691;62201;
2020-12-20;649;62850;
2020-12-21;748;63598;
2020-12-22;754;64352;
2020-12-23;698;65050;
2020-12-24;868;65918;
2020-12-25;938;66856;
2020-12-26;750;67606;
2020-12-27;801;68407;
2020-12-28;836;69243;
2020-12-29;997;70240;
2020-12-30;928;71168;
2020-12-31;741;71909;
2021-01-01;1218;73127;
2021-01-02;924;74051;
2021-01-03;789;74840;
2021-01-04;767;75607;
2021-01-05;818;76425;
2021-01-06;1087;77512;
2021-01-07;1273;78785;
2021-01-08;1040;79825;
2021-01-09;818;80643;
2021-01-10;777;81420;
2021-01-11;559;81979;
2021-01-12;858;82837;
2021-01-13;728;83565;
2021-01-14;812;84377;
2021-01-15;713;85090;
2021-01-16;878;85968;
2021-01-17;579;86547;
2021-01-18;466;87013;
2021-01-19;630;87643;
2021-01-20;667;88310;
2021-01-21;762;89072;
2021-01-22;607;89679;
2021-01-23;560;90239;
2021-01-24;424;90663;
2021-01-25;502;91165;
2021-01-26;591;91756;
2021-01-27;454;92210;
2021-01-28;574;92784;
2021-01-29;497;93281;
2021-01-30;552;93833;
2021-01-31;389;94222;
2021-02-01;468;94690;
2021-02-02;557;95247;
2021-02-03;481;95728;
2021-02-04;522;96250;
2021-02-05;545;96795;
2021-02-06;511;97306;
2021-02-07;407;97713;
2021-02-08;331;98044;
2021-02-09;449;98493;
2021-02-10;551;99044;
2021-02-11;473;99517;
2021-02-12;477;99994;
2021-02-13;338;100332;
2021-02-14;351;100683;
2021-02-15;319;101002;
2021-02-16;411;101413;
2021-02-17;327;101740;
2021-02-18;373;102113;
2021-02-19;396;102509;
2021-02-20;384;102893;
2021-02-21;401;103294;
2021-02-22;256;103550;
2021-02-23;419;103969;
2021-02-24;408;104377;
2021-02-25;387;104764;
2021-02-26;396;105160;
2021-02-27;320;105480;
2021-02-28;248;105728;
2021-03-01;257;105985;
2021-03-02;390;106375;
2021-03-03;303;106678;
2021-03-04;376;107054;
2021-03-05;280;107334;
2021-03-06;399;107733;
2021-03-07;266;107999;
2021-03-08;260;108259;
2021-03-09;391;108650;
2021-03-10;315;108965;
2021-03-11;364;109329;
2021-03-12;387;109716;
2021-03-13;279;109995;
2021-03-14;267;110262;
2021-03-15;245;110507;
2021-03-16;335;110842;
2021-03-17;312;111154;
2021-03-18;352;111506;
2021-03-19;319;111825;
2021-03-20;266;112091;
2021-03-21;308;112399;
2021-03-22;228;112627;
2021-03-23;335;112962;
2021-03-24;370;113332;
2021-03-25;355;113687;
2021-03-26;360;114047;
2021-03-27;307;114354;
2021-03-28;259;114613;
2021-03-29;304;114917;
2021-03-30;375;115292;
2021-03-31;398;115690;
2021-04-01;359;116049;
2021-04-02;385;116434;
2021-04-03;355;116789;
2021-04-04;299;117088;
2021-04-05;294;117382;
2021-04-06;309;117691;
2021-04-07;405;118096;
2021-04-08;395;118491;
2021-04-09;515;119006;
2021-04-10;298;119304;
2021-04-11;377;119681;
2021-04-12;264;119945;
2021-04-13;376;120321;
2021-04-14;354;120675;
2021-04-15;432;121107;
2021-04-16;367;121474;
2021-04-17;352;121826;
2021-04-18;219;122045;
2021-04-19;253;122298;
2021-04-20;276;122574;
2021-04-21;311;122885;
2021-04-22;316;123201;
2021-04-23;229;123430;
2021-04-24;340;123770;
2021-04-25;201;123971;
2021-04-26;245;124216;
2021-04-27;291;124507;
2021-04-28;312;124819;
2021-04-29;344;125163;
2021-04-30;325;125488;
2021-05-01;265;125753;
2021-05-02;209;125962;
2021-05-03;229;126191;
2021-05-04;238;126429;
2021-05-05;201;126630;
2021-05-06;261;126891;
2021-05-07;282;127173;
2021-05-08;213;127386;
2021-05-09;198;127584;
2021-05-10;192;127776;
2021-05-11;261;128037;
2021-05-12;151;128188;
;;;
;;;
;;;
;;;
;;;
;;;
;;;
;;;
;;;
;;;
;;;
;;;
;;;
;;;
;;;
;;;
;;;
;;;
;;;
;;;
;;;
;;;
;;;
;;;
;;;
;;;
;;;
;;;
;;;
;;;
;;;
;;;
;;;
;;;
;;;
;;;
;;;
;;;
;;;
;;;
;;;
;;;
;;;
;;;
;;;
;;;
;;;
;;;
;;;
;;;
;;;
;;;
;;;
;;;
;;;
;;;
;;;
;;;
;;;
;;;
;;;
;;;
;;;
;;;
;;;
;;;
;;;
;;;
;;;
;;;
;;;
;;;
;;;
;;;
;;;
;;;
;;;
;;;
;;;
;;;
;;;
;;;
;;;
;;;
