Date;Nouveaux cas;Cumulatif de cas;;
2020-02-25;1;1;;
2020-02-26;0;1;;
2020-02-27;0;1;;
2020-02-28;0;1;;
2020-02-29;0;1;;
2020-03-01;1;2;;
2020-03-02;2;4;;
2020-03-03;0;4;;
2020-03-04;0;4;;
2020-03-05;0;4;;
2020-03-06;0;4;;
2020-03-07;0;4;;
2020-03-08;1;5;;
2020-03-09;1;6;;
2020-03-10;2;8;;
2020-03-11;3;11;;
2020-03-12;3;14;;
2020-03-13;2;16;;
2020-03-14;5;21;;
2020-03-15;6;27;;
2020-03-16;5;32;;
2020-03-17;7;39;;
2020-03-18;6;45;;
2020-03-19;35;80;;
2020-03-20;49;129;;
2020-03-21;91;220;;
2020-03-22;89;309;;
2020-03-23;133;442;;
2020-03-24;145;587;;
2020-03-25;187;774;;
2020-03-26;180;954;;
2020-03-27;241;1195;;
2020-03-28;200;1395;;
2020-03-29;259;1654;;
2020-03-30;264;1918;;
2020-03-31;329;2247;;
2020-04-01;304;2551;;
2020-04-02;406;2957;;
2020-04-03;345;3302;;
2020-04-04;340;3642;;
2020-04-05;259;3901;;
2020-04-06;456;4357;;
2020-04-07;421;4778;;
2020-04-08;372;5150;;
2020-04-09;349;5499;;
2020-04-10;304;5803;;
2020-04-11;262;6065;;
2020-04-12;328;6393;;
2020-04-13;542;6935;;
2020-04-14;468;7403;;
2020-04-15;610;8013;;
2020-04-16;496;8509;;
2020-04-17;568;9077;;
2020-04-18;330;9407;;
2020-04-19;428;9835;;
2020-04-20;480;10315;;
2020-04-21;455;10770;;
2020-04-22;530;11300;;
2020-04-23;525;11825;;
2020-04-24;490;12315;;
2020-04-25;313;12628;;
2020-04-26;281;12909;;
2020-04-27;461;13370;;
2020-04-28;472;13842;;
2020-04-29;518;14360;;
2020-04-30;588;14948;;
2020-05-01;613;15561;;
2020-05-02;526;16087;;
2020-05-03;343;16430;;
2020-05-04;419;16849;;
2020-05-05;467;17316;;
2020-05-06;566;17882;;
2020-05-07;429;18311;;
2020-05-08;426;18737;;
2020-05-09;312;19049;;
2020-05-10;297;19346;;
2020-05-11;360;19706;;
2020-05-12;427;20133;;
2020-05-13;398;20531;;
2020-05-14;351;20882;;
2020-05-15;341;21223;;
2020-05-16;272;21495;;
2020-05-17;337;21832;;
2020-05-18;331;22163;;
2020-05-19;317;22480;;
2020-05-20;404;22884;;
2020-05-21;375;23259;;
2020-05-22;255;23514;;
2020-05-23;217;23731;;
2020-05-24;215;23946;;
2020-05-25;203;24149;;
2020-05-26;237;24386;;
2020-05-27;253;24639;;
2020-05-28;193;24832;;
2020-05-29;192;25024;;
2020-05-30;204;25228;;
2020-05-31;140;25368;;
2020-06-01;156;25524;;
2020-06-02;97;25621;;
2020-06-03;115;25736;;
2020-06-04;126;25862;;
2020-06-05;108;25970;;
2020-06-06;104;26074;;
2020-06-07;75;26149;;
2020-06-08;51;26200;;
2020-06-09;79;26279;;
2020-06-10;67;26346;;
2020-06-11;66;26412;;
2020-06-12;71;26483;;
2020-06-13;64;26547;;
2020-06-14;28;26575;;
2020-06-15;57;26632;;
2020-06-16;74;26706;;
2020-06-17;53;26759;;
2020-06-18;49;26808;;
2020-06-19;64;26872;;
2020-06-20;33;26905;;
2020-06-21;26;26931;;
2020-06-22;40;26971;;
2020-06-23;40;27011;;
2020-06-24;28;27039;;
2020-06-25;47;27086;;
2020-06-26;42;27128;;
2020-06-27;30;27158;;
2020-06-28;18;27176;;
2020-06-29;16;27192;;
2020-06-30;40;27232;;
2020-07-01;24;27256;;
2020-07-02;16;27272;;
2020-07-03;17;27289;;
2020-07-04;16;27305;;
2020-07-05;7;27312;;
2020-07-06;15;27327;;
2020-07-07;21;27348;;
2020-07-08;33;27381;;
2020-07-09;52;27433;;
2020-07-10;48;27481;;
2020-07-11;22;27503;;
2020-07-12;13;27516;;
2020-07-13;75;27591;;
2020-07-14;65;27656;;
2020-07-15;69;27725;;
2020-07-16;66;27791;;
2020-07-17;101;27892;;
2020-07-18;97;27989;;
2020-07-19;55;28044;;
2020-07-20;37;28081;;
2020-07-21;62;28143;;
2020-07-22;78;28221;;
2020-07-23;94;28315;;
2020-07-24;70;28385;;
2020-07-25;33;28418;;
2020-07-26;52;28470;;
2020-07-27;35;28505;;
2020-07-28;36;28541;;
2020-07-29;69;28610;;
2020-07-30;59;28669;;
2020-07-31;56;28725;;
2020-08-01;49;28774;;
2020-08-02;30;28804;;
2020-08-03;46;28850;;
2020-08-04;64;28914;;
2020-08-05;45;28959;;
2020-08-06;21;28980;;
2020-08-07;45;29025;;
2020-08-08;36;29061;;
2020-08-09;37;29098;;
2020-08-10;33;29131;;
2020-08-11;36;29167;;
2020-08-12;35;29202;;
2020-08-13;38;29240;;
2020-08-14;29;29269;;
2020-08-15;14;29283;;
2020-08-16;12;29295;;
2020-08-17;17;29312;;
2020-08-18;17;29329;;
2020-08-19;22;29351;;
2020-08-20;34;29385;;
2020-08-21;33;29418;;
2020-08-22;19;29437;;
2020-08-23;21;29458;;
2020-08-24;9;29467;;
2020-08-25;30;29497;;
2020-08-26;41;29538;;
2020-08-27;43;29581;;
2020-08-28;25;29606;;
2020-08-29;54;29660;;
2020-08-30;13;29673;;
2020-08-31;32;29705;;
2020-09-01;36;29741;;
2020-09-02;35;29776;;
2020-09-03;72;29848;;
2020-09-04;49;29897;;
2020-09-05;63;29960;;
2020-09-06;57;30017;;
2020-09-07;50;30067;;
2020-09-08;71;30138;;
2020-09-09;69;30207;;
2020-09-10;90;30297;;
2020-09-11;107;30404;;
2020-09-12;71;30475;;
2020-09-13;97;30572;;
2020-09-14;73;30645;;
2020-09-15;92;30737;;
2020-09-16;77;30814;;
2020-09-17;71;30885;;
2020-09-18;198;31083;;
2020-09-19;140;31223;;
2020-09-20;200;31423;;
2020-09-21;137;31560;;
2020-09-22;169;31729;;
2020-09-23;253;31982;;
2020-09-24;231;32213;;
2020-09-25;287;32500;;
2020-09-26;349;32849;;
2020-09-27;273;33122;;
2020-09-28;283;33405;;
2020-09-29;355;33760;;
2020-09-30;313;34073;;
2020-10-01;309;34382;;
2020-10-02;415;34797;;
2020-10-03;367;35164;;
2020-10-04;299;35463;;
2020-10-05;278;35741;;
2020-10-06;255;35996;;
2020-10-07;298;36294;;
2020-10-08;345;36639;;
2020-10-09;282;36921;;
2020-10-10;190;37111;;
2020-10-11;323;37434;;
2020-10-12;267;37701;;
2020-10-13;199;37900;;
2020-10-14;270;38170;;
2020-10-15;253;38423;;
2020-10-16;259;38682;;
2020-10-17;267;38949;;
2020-10-18;188;39137;;
2020-10-19;236;39373;;
2020-10-20;254;39627;;
2020-10-21;284;39911;;
2020-10-22;222;40133;;
2020-10-23;241;40374;;
2020-10-24;166;40540;;
2020-10-25;217;40757;;
2020-10-26;351;41108;;
2020-10-27;242;41350;;
2020-10-28;209;41559;;
2020-10-29;216;41775;;
2020-10-30;194;41969;;
2020-10-31;236;42542;;
2020-11-01;234;42778;;
2020-11-02;191;42630;;
2020-11-03;236;42866;;
2020-11-04;242;43108;;
2020-11-05;320;43428;;
2020-11-06;261;43689;;
2020-11-07;270;43959;;
2020-11-08;272;44231;;
2020-11-09;266;44497;;
2020-11-10;318;44815;;
2020-11-11;343;45158;;
2020-11-12;282;45440;;
2020-11-13;325;45765;;
2020-11-14;300;46065;;
2020-11-15;274;46339;;
2020-11-16;308;46647;;
2020-11-17;238;46885;;
2020-11-18;231;47116;;
2020-11-19;280;47396;;
2020-11-20;250;47646;;
2020-11-21;261;47907;;
2020-11-22;296;48203;;
2020-11-23;277;48480;;
2020-11-24;238;48718;;
2020-11-25;297;49015;;
2020-11-26;344;49359;;
2020-11-27;415;49774;;
2020-11-28;444;50218;;
2020-11-29;361;50579;;
2020-11-30;334;50913;;
2020-12-01;413;51326;;
2020-12-02;454;51780;;
2020-12-03;445;52225;;
2020-12-04;494;52719;;
2020-12-05;513;53232;;
2020-12-06;478;53710;;
2020-12-07;460;54170;;
2020-12-08;523;54693;;
2020-12-09;578;55271;;
2020-12-10;542;55813;;
2020-12-11;635;56448;;
2020-12-12;716;57164;;
2020-12-13;561;57725;;
2020-12-14;670;58395;;
2020-12-15;553;58948;;
2020-12-16;694;59642;;
2020-12-17;925;60567;;
2020-12-18;802;61369;;
2020-12-19;687;62056;;
2020-12-20;646;62702;;
2020-12-21;750;63452;;
2020-12-22;752;64204;;
2020-12-23;694;64898;;
2020-12-24;870;65768;;
2020-12-25;933;66701;;
2020-12-26;743;67444;;
2020-12-27;798;68242;;
2020-12-28;836;69078;;
2020-12-29;996;70074;;
2020-12-30;922;70996;;
2020-12-31;737;71733;;
2021-01-01;1209;72942;;
2021-01-02;923;73865;;
2021-01-03;785;74650;;
2021-01-04;764;75414;;
2021-01-05;815;76229;;
2021-01-06;1084;77313;;
2021-01-07;1271;78584;;
2021-01-08;1032;79616;;
2021-01-09;814;80430;;
2021-01-10;778;81208;;
2021-01-11;559;81767;;
2021-01-12;851;82618;;
2021-01-13;726;83344;;
2021-01-14;811;84155;;
2021-01-15;709;84864;;
2021-01-16;874;85738;;
2021-01-17;577;86315;;
2021-01-18;461;86776;;
2021-01-19;627;87403;;
2021-01-20;664;88067;;
2021-01-21;760;88827;;
2021-01-22;604;89431;;
2021-01-23;556;89987;;
2021-01-24;423;90410;;
2021-01-25;497;90907;;
2021-01-26;587;91494;;
2021-01-27;452;91946;;
2021-01-28;565;92511;;
2021-01-29;493;93004;;
2021-01-30;545;93549;;
2021-01-31;386;93935;;
2021-02-01;467;94402;;
2021-02-02;552;94954;;
2021-02-03;480;95434;;
2021-02-04;521;95955;;
2021-02-05;546;96501;;
2021-02-06;507;97008;;
2021-02-07;402;97410;;
2021-02-08;328;97738;;
2021-02-09;443;98181;;
2021-02-10;549;98730;;
2021-02-11;471;99201;;
2021-02-12;474;99675;;
2021-02-13;339;100014;;
2021-02-14;349;100363;;
2021-02-15;318;100681;;
2021-02-16;407;101088;;
2021-02-17;326;101414;;
2021-02-18;371;101785;;
2021-02-19;394;102179;;
2021-02-20;380;102559;;
2021-02-21;398;102957;;
2021-02-22;258;103215;;
2021-02-23;417;103632;;
2021-02-24;406;104038;;
2021-02-25;381;104419;;
2021-02-26;394;104813;;
2021-02-27;318;105131;;
2021-02-28;247;105378;;
2021-03-01;255;105633;;
2021-03-02;386;106019;;
2021-03-03;300;106319;;
2021-03-04;375;106694;;
2021-03-05;278;106972;;
2021-03-06;400;107372;;
2021-03-07;266;107638;;
2021-03-08;259;107897;;
2021-03-09;388;108285;;
2021-03-10;314;108599;;
2021-03-11;362;108961;;
2021-03-12;387;109348;;
2021-03-13;277;109625;;
2021-03-14;266;109891;;
2021-03-15;245;110136;;
2021-03-16;335;110471;;
2021-03-17;314;110785;;
2021-03-18;352;111137;;
2021-03-19;315;111452;;
2021-03-20;266;111718;;
2021-03-21;306;112024;;
2021-03-22;227;112251;;
2021-03-23;333;112584;;
2021-03-24;368;112952;;
2021-03-25;353;113305;;
2021-03-26;360;113665;;
2021-03-27;308;113973;;
2021-03-28;257;114230;;
2021-03-29;304;114534;;
2021-03-30;376;114910;;
2021-03-31;396;115306;;
2021-04-01;356;115662;;
2021-04-02;385;116047;;
2021-04-03;351;116398;;
2021-04-04;296;116694;;
2021-04-05;292;116986;;
2021-04-06;307;117293;;
2021-04-07;404;117697;;
2021-04-08;395;118092;;
2021-04-09;516;118608;;
2021-04-10;297;118905;;
2021-04-11;377;119282;;
2021-04-12;260;119542;;
2021-04-13;372;119914;;
2021-04-14;354;120268;;
2021-04-15;430;120698;;
2021-04-16;366;121064;;
2021-04-17;353;121417;;
2021-04-18;218;121635;;
2021-04-19;251;121886;;
2021-04-20;275;122161;;
2021-04-21;313;122474;;
2021-04-22;315;122789;;
2021-04-23;229;123018;;
2021-04-24;340;123358;;
2021-04-25;198;123556;;
2021-04-26;245;123801;;
2021-04-27;290;124091;;
2021-04-28;310;124401;;
2021-04-29;341;124742;;
2021-04-30;325;125067;;
2021-05-01;264;125331;;
2021-05-02;211;125542;;
2021-05-03;225;125767;;
2021-05-04;238;126005;;
2021-05-05;201;126206;;
2021-05-06;260;126466;;
2021-05-07;282;126748;;
2021-05-08;212;126960;;
2021-05-09;196;127156;;
2021-05-10;188;127344;;
2021-05-11;262;127606;;
2021-05-12;261;127867;;
2021-05-13;291;128158;;
2021-05-14;243;128401;;
2021-05-15;207;128608;;
2021-05-16;186;128794;;
2021-05-17;191;128985;;
2021-05-18;208;129193;;
2021-05-19;263;129456;;
2021-05-20;248;129704;;
2021-05-21;196;129900;;
2021-05-22;181;130081;;
2021-05-23;114;130195;;
2021-05-24;153;130348;;
2021-05-25;164;130512;;
2021-05-26;155;130667;;
2021-05-27;148;130815;;
2021-05-28;142;130957;;
2021-05-29;82;131039;;
2021-05-30;80;131119;;
2021-05-31;83;131202;;
2021-06-01;107;131309;;
2021-06-02;99;131408;;
2021-06-03;85;131493;;
2021-06-04;87;131580;;
2021-06-05;73;131653;;
2021-06-06;49;131702;;
2021-06-07;60;131762;;
2021-06-08;57;131819;;
2021-06-09;42;131861;;
2021-06-10;64;131925;;
2021-06-11;67;131992;;
2021-06-12;51;132043;;
2021-06-13;35;132078;;
2021-06-14;36;132114;;
2021-06-15;62;132176;;
2021-06-16;44;132220;;
2021-06-17;57;132277;;
2021-06-18;50;132327;;
2021-06-19;24;132351;;
2021-06-20;28;132379;;
2021-06-21;28;132407;;
2021-06-22;45;132452;;
2021-06-23;28;132480;;
2021-06-24;27;132507;;
2021-06-25;35;132542;;
2021-06-26;35;132577;;
2021-06-27;13;132590;;
2021-06-28;38;132628;;
2021-06-29;40;132668;;
2021-06-30;26;132694;;
2021-07-01;25;132719;;
2021-07-02;26;132745;;
2021-07-03;24;132769;;
2021-07-04;12;132781;;
2021-07-05;22;132803;;
2021-07-06;30;132833;;
2021-07-07;29;132862;;
2021-07-08;33;132895;;
2021-07-09;25;132920;;
2021-07-10;18;132938;;
2021-07-11;22;132960;;
2021-07-12;27;132987;;
2021-07-13;31;133018;;
2021-07-14;32;133050;;
2021-07-15;40;133090;;
2021-07-16;30;133120;;
2021-07-17;32;133152;;
2021-07-18;35;133187;;
2021-07-19;28;133215;;
2021-07-20;54;133269;;
2021-07-21;53;133322;;
2021-07-22;49;133371;;
2021-07-23;46;133417;;
2021-07-24;33;133450;;
2021-07-25;35;133485;;
2021-07-26;39;133524;;
2021-07-27;52;133576;;
2021-07-28;48;133624;;
2021-07-29;16;133640;;
2021-07-30;106;133746;;
2021-07-31;52;133798;;
2021-08-01;43;133841;;
2021-08-02;54;133895;;
2021-08-03;52;133947;;
2021-08-04;94;134041;;
2021-08-05;103;134144;;
2021-08-06;92;134236;;
2021-08-07;86;134322;;
2021-08-08;69;134391;;
2021-08-09;86;134477;;
2021-08-10;105;134582;;
2021-08-11;152;134734;;
2021-08-12;143;134877;;
2021-08-13;158;135035;;
2021-08-14;143;135178;;
2021-08-15;135;135313;;
2021-08-16;139;135452;;
2021-08-17;148;135600;;
2021-08-18;201;135801;;
2021-08-19;179;135980;;
2021-08-20;209;136189;;
2021-08-21;158;136347;;
2021-08-22;129;136476;;
2021-08-23;160;136636;;
2021-08-24;217;136853;;
2021-08-25;226;137079;;
2021-08-26;246;137325;;
2021-08-27;200;137525;;
2021-08-28;154;137679;;
2021-08-29;134;137813;;
2021-08-30;182;137995;;
2021-08-31;246;138241;;
2021-09-01;275;138516;;
2021-09-02;243;138759;;
2021-09-03;249;139008;;
2021-09-04;204;139212;;
2021-09-05;193;139405;;
2021-09-06;182;139587;;
2021-09-07;203;139790;;
2021-09-08;239;140029;;
2021-09-09;317;140346;;
2021-09-10;286;140632;;
2021-09-11;238;140870;;
2021-09-12;204;141074;;
2021-09-13;236;141310;;
2021-09-14;250;141560;;
2021-09-15;319;141879;;
2021-09-16;284;142163;;
2021-09-17;266;142429;;
2021-09-18;261;142690;;
2021-09-19;214;142904;;
2021-09-20;207;143111;;
2021-09-21;229;143340;;
2021-09-22;252;143592;;
2021-09-23;211;143803;;
2021-09-24;269;144072;;
2021-09-25;211;144283;;
2021-09-26;137;144420;;
2021-09-27;140;144560;;
2021-09-28;190;144750;;
2021-09-29;235;144985;;
2021-09-30;190;145175;;
2021-10-01;150;145325;;
2021-10-02;119;145444;;
2021-10-03;127;145571;;
2021-10-04;120;145691;;
2021-10-05;130;145821;;
2021-10-06;160;145981;;
2021-10-07;175;146156;;
2021-10-08;156;146312;;
2021-10-09;154;146466;;
2021-10-10;91;146557;;
2021-10-11;129;146686;;
2021-10-12;156;146842;;
2021-10-13;146;146988;;
2021-10-14;193;147181;;
2021-10-15;207;147388;;
2021-10-16;142;147530;;
2021-10-17;95;147625;;
2021-10-18;122;147747;;
2021-10-19;119;147866;;
2021-10-20;141;148007;;
2021-10-21;89;148096;;
2021-10-22;120;148216;;
2021-10-23;99;148315;;
2021-10-24;102;148417;;
2021-10-25;103;148520;;
2021-10-26;147;148667;;
2021-10-27;143;148810;;
2021-10-28;66;148876;;
;;;;
;;;;
;;;;
;;;;
;;;;
;;;;
;;;;
;;;;
;;;;
;;;;
;;;;
;;;;
;;;;
;;;;
;;;;
;;;;
;;;;
;;;;
;;;;
;;;;
;;;;
;;;;
;;;;
;;;;
;;;;
;;;;
;;;;
;;;;
;;;;
;;;;
;;;;
;;;;
;;;;
;;;;
;;;;
;;;;
;;;;
;;;;
;;;;
;;;;
;;;;
;;;;
;;;;
;;;;
;;;;
;;;;
;;;;
;;;;
;;;;
;;;;
;;;;
;;;;
;;;;
;;;;
;;;;
;;;;
;;;;
;;;;
;;;;
;;;;
;;;;
;;;;
;;;;
;;;;
;;;;
;;;;
;;;;
;;;;
;;;;
;;;;
;;;;
;;;;
;;;;
;;;;
;;;;
;;;;
;;;;
;;;;
;;;;
;;;;
;;;;
;;;;
;;;;
;;;;
;;;;
;;;;
;;;;
;;;;
;;;;
;;;;
;;;;
;;;;
;;;;
;;;;
;;;;
;;;;
;;;;
;;;;
;;;;
;;;;
;;;;
;;;;
;;;;
;;;;
;;;;
;;;;
;;;;
;;;;
;;;;
;;;;
;;;;
;;;;
;;;;
;;;;
;;;;
;;;;
;;;;
;;;;
;;;;
;;;;
;;;;
;;;;
;;;;
;;;;
;;;;
;;;;
;;;;
;;;;
;;;;
;;;;
;;;;
;;;;
;;;;
;;;;
;;;;
;;;;
;;;;
;;;;
;;;;
;;;;
;;;;
;;;;
;;;;
;;;;
;;;;
;;;;
;;;;
;;;;
;;;;
;;;;
;;;;
;;;;
;;;;
;;;;
;;;;
;;;;
;;;;
;;;;
;;;;
;;;;
;;;;
;;;;
;;;;
;;;;
;;;;
;;;;
;;;;
;;;;
;;;;
;;;;
;;;;
;;;;
;;;;
;;;;
;;;;
;;;;
;;;;
;;;;
;;;;
;;;;
;;;;
;;;;
;;;;
;;;;
;;;;
;;;;
;;;;
;;;;
;;;;
;;;;
;;;;
;;;;
;;;;
;;;;
;;;;
;;;;
;;;;
;;;;
;;;;
;;;;
;;;;
;;;;
;;;;
;;;;
;;;;
;;;;
;;;;
;;;;
;;;;
;;;;
;;;;
;;;;
;;;;
;;;;
;;;;
;;;;
;;;;
;;;;
;;;;
;;;;
;;;;
;;;;
;;;;
;;;;
;;;;
;;;;
;;;;
;;;;
;;;;
;;;;
;;;;
;;;;
;;;;
;;;;
;;;;
;;;;
;;;;
;;;;
;;;;
;;;;
;;;;
;;;;
;;;;
;;;;
;;;;
;;;;
;;;;
;;;;
;;;;
;;;;
;;;;
;;;;
;;;;
;;;;
;;;;
;;;;
;;;;
;;;;
;;;;
;;;;
;;;;
;;;;
;;;;
;;;;
;;;;
;;;;
;;;;
;;;;
;;;;
;;;;
;;;;
;;;;
;;;;
;;;;
;;;;
;;;;
;;;;
;;;;
;;;;
;;;;
;;;;
;;;;
;;;;
;;;;
;;;;
;;;;
;;;;
;;;;
;;;;
;;;;
;;;;
;;;;
;;;;
;;;;
;;;;
;;;;
;;;;
;;;;
;;;;
;;;;
;;;;
;;;;
;;;;
;;;;
;;;;
;;;;
;;;;
;;;;
;;;;
;;;;
;;;;
;;;;
;;;;
;;;;
;;;;
;;;;
;;;;
;;;;
;;;;
;;;;
;;;;
;;;;
;;;;
;;;;
;;;;
;;;;
;;;;
;;;;
;;;;
;;;;
;;;;
;;;;
;;;;
;;;;
;;;;
;;;;
;;;;
;;;;
;;;;
;;;;
;;;;
;;;;
;;;;
;;;;
;;;;
;;;;
;;;;
;;;;
;;;;
;;;;
;;;;
;;;;
;;;;
;;;;
;;;;
;;;;
;;;;
;;;;
;;;;
;;;;
;;;;
;;;;
;;;;
;;;;
;;;;
;;;;
;;;;
;;;;
;;;;
;;;;
;;;;
;;;;
;;;;
;;;;
;;;;
;;;;
;;;;
;;;;
;;;;
;;;;
;;;;
;;;;
;;;;
;;;;
;;;;
;;;;
;;;;
;;;;
;;;;
;;;;
;;;;
;;;;
;;;;
;;;;
;;;;
;;;;
;;;;
;;;;
;;;;
;;;;
;;;;
;;;;
;;;;
;;;;
;;;;
;;;;
;;;;
;;;;
;;;;
;;;;
;;;;
;;;;
;;;;
;;;;
;;;;
;;;;
;;;;
;;;;
;;;;
;;;;
;;;;
;;;;
;;;;
;;;;
;;;;
;;;;
;;;;
;;;;
;;;;
;;;;
;;;;
;;;;
;;;;
;;;;
;;;;
;;;;
