Date;Nouveaux cas;Cumulatif de cas;;
2020-02-25;1;1;;
2020-02-26;0;1;;
2020-02-27;0;1;;
2020-02-28;0;1;;
2020-02-29;0;1;;
2020-03-01;0;1;;
2020-03-02;2;3;;
2020-03-03;0;3;;
2020-03-04;0;3;;
2020-03-05;0;3;;
2020-03-06;0;3;;
2020-03-07;0;3;;
2020-03-08;1;4;;
2020-03-09;1;5;;
2020-03-10;2;7;;
2020-03-11;3;10;;
2020-03-12;3;13;;
2020-03-13;2;15;;
2020-03-14;5;20;;
2020-03-15;6;26;;
2020-03-16;5;31;;
2020-03-17;7;38;;
2020-03-18;6;44;;
2020-03-19;36;80;;
2020-03-20;49;129;;
2020-03-21;91;220;;
2020-03-22;89;309;;
2020-03-23;133;442;;
2020-03-24;145;587;;
2020-03-25;187;774;;
2020-03-26;180;954;;
2020-03-27;241;1195;;
2020-03-28;200;1395;;
2020-03-29;259;1654;;
2020-03-30;266;1920;;
2020-03-31;332;2252;;
2020-04-01;305;2557;;
2020-04-02;409;2966;;
2020-04-03;348;3314;;
2020-04-04;339;3653;;
2020-04-05;261;3914;;
2020-04-06;456;4370;;
2020-04-07;423;4793;;
2020-04-08;375;5168;;
2020-04-09;349;5517;;
2020-04-10;306;5823;;
2020-04-11;264;6087;;
2020-04-12;331;6418;;
2020-04-13;544;6962;;
2020-04-14;468;7430;;
2020-04-15;614;8044;;
2020-04-16;498;8542;;
2020-04-17;573;9115;;
2020-04-18;331;9446;;
2020-04-19;432;9878;;
2020-04-20;481;10359;;
2020-04-21;460;10819;;
2020-04-22;536;11355;;
2020-04-23;532;11887;;
2020-04-24;495;12382;;
2020-04-25;314;12696;;
2020-04-26;285;12981;;
2020-04-27;462;13443;;
2020-04-28;474;13917;;
2020-04-29;521;14438;;
2020-04-30;590;15028;;
2020-05-01;617;15645;;
2020-05-02;527;16172;;
2020-05-03;345;16517;;
2020-05-04;421;16938;;
2020-05-05;470;17408;;
2020-05-06;569;17977;;
2020-05-07;431;18408;;
2020-05-08;432;18840;;
2020-05-09;315;19155;;
2020-05-10;300;19455;;
2020-05-11;364;19819;;
2020-05-12;431;20250;;
2020-05-13;399;20649;;
2020-05-14;354;21003;;
2020-05-15;346;21349;;
2020-05-16;273;21622;;
2020-05-17;337;21959;;
2020-05-18;333;22292;;
2020-05-19;317;22609;;
2020-05-20;408;23017;;
2020-05-21;381;23398;;
2020-05-22;255;23653;;
2020-05-23;218;23871;;
2020-05-24;215;24086;;
2020-05-25;207;24293;;
2020-05-26;241;24534;;
2020-05-27;254;24788;;
2020-05-28;193;24981;;
2020-05-29;194;25175;;
2020-05-30;206;25381;;
2020-05-31;140;25521;;
2020-06-01;160;25681;;
2020-06-02;98;25779;;
2020-06-03;115;25894;;
2020-06-04;129;26023;;
2020-06-05;108;26131;;
2020-06-06;104;26235;;
2020-06-07;76;26311;;
2020-06-08;51;26362;;
2020-06-09;80;26442;;
2020-06-10;67;26509;;
2020-06-11;66;26575;;
2020-06-12;72;26647;;
2020-06-13;67;26714;;
2020-06-14;28;26742;;
2020-06-15;57;26799;;
2020-06-16;74;26873;;
2020-06-17;53;26926;;
2020-06-18;49;26975;;
2020-06-19;64;27039;;
2020-06-20;33;27072;;
2020-06-21;26;27098;;
2020-06-22;40;27138;;
2020-06-23;40;27178;;
2020-06-24;28;27206;;
2020-06-25;47;27253;;
2020-06-26;42;27295;;
2020-06-27;30;27325;;
2020-06-28;18;27343;;
2020-06-29;16;27359;;
2020-06-30;40;27399;;
2020-07-01;24;27423;;
2020-07-02;16;27439;;
2020-07-03;18;27457;;
2020-07-04;16;27473;;
2020-07-05;7;27480;;
2020-07-06;16;27496;;
2020-07-07;21;27517;;
2020-07-08;33;27550;;
2020-07-09;52;27602;;
2020-07-10;48;27650;;
2020-07-11;22;27672;;
2020-07-12;13;27685;;
2020-07-13;76;27761;;
2020-07-14;66;27827;;
2020-07-15;69;27896;;
2020-07-16;68;27964;;
2020-07-17;102;28066;;
2020-07-18;99;28165;;
2020-07-19;55;28220;;
2020-07-20;37;28257;;
2020-07-21;65;28322;;
2020-07-22;78;28400;;
2020-07-23;98;28498;;
2020-07-24;70;28568;;
2020-07-25;32;28600;;
2020-07-26;52;28652;;
2020-07-27;40;28692;;
2020-07-28;36;28728;;
2020-07-29;72;28800;;
2020-07-30;60;28860;;
2020-07-31;57;28917;;
2020-08-01;50;28967;;
2020-08-02;30;28997;;
2020-08-03;45;29042;;
2020-08-04;64;29106;;
2020-08-05;47;29153;;
2020-08-06;21;29174;;
2020-08-07;46;29220;;
2020-08-08;37;29257;;
2020-08-09;37;29294;;
2020-08-10;33;29327;;
2020-08-11;36;29363;;
2020-08-12;34;29397;;
2020-08-13;38;29435;;
2020-08-14;30;29465;;
2020-08-15;14;29479;;
2020-08-16;12;29491;;
2020-08-17;17;29508;;
2020-08-18;16;29524;;
2020-08-19;22;29546;;
2020-08-20;34;29580;;
2020-08-21;33;29613;;
2020-08-22;20;29633;;
2020-08-23;23;29656;;
2020-08-24;10;29666;;
2020-08-25;30;29696;;
2020-08-26;42;29738;;
2020-08-27;43;29781;;
2020-08-28;25;29806;;
2020-08-29;55;29861;;
2020-08-30;13;29874;;
2020-08-31;32;29906;;
2020-09-01;36;29942;;
2020-09-02;36;29978;;
2020-09-03;72;30050;;
2020-09-04;49;30099;;
2020-09-05;66;30165;;
2020-09-06;59;30224;;
2020-09-07;51;30275;;
2020-09-08;72;30347;;
2020-09-09;70;30417;;
2020-09-10;90;30507;;
2020-09-11;108;30615;;
2020-09-12;71;30686;;
2020-09-13;96;30782;;
2020-09-14;73;30855;;
2020-09-15;94;30949;;
2020-09-16;79;31028;;
2020-09-17;71;31099;;
2020-09-18;200;31299;;
2020-09-19;139;31438;;
2020-09-20;204;31642;;
2020-09-21;141;31783;;
2020-09-22;169;31952;;
2020-09-23;255;32207;;
2020-09-24;233;32440;;
2020-09-25;288;32728;;
2020-09-26;344;33072;;
2020-09-27;275;33347;;
2020-09-28;282;33629;;
2020-09-29;355;33984;;
2020-09-30;316;34300;;
2020-10-01;309;34609;;
2020-10-02;415;35024;;
2020-10-03;372;35396;;
2020-10-04;303;35699;;
2020-10-05;279;35978;;
2020-10-06;256;36234;;
2020-10-07;298;36532;;
2020-10-08;346;36878;;
2020-10-09;286;37164;;
2020-10-10;193;37357;;
2020-10-11;329;37686;;
2020-10-12;269;37955;;
2020-10-13;204;38159;;
2020-10-14;271;38430;;
2020-10-15;254;38684;;
2020-10-16;265;38949;;
2020-10-17;272;39221;;
2020-10-18;194;39415;;
2020-10-19;241;39656;;
2020-10-20;253;39909;;
2020-10-21;288;40197;;
2020-10-22;226;40423;;
2020-10-23;246;40669;;
2020-10-24;166;40835;;
2020-10-25;221;41056;;
2020-10-26;354;41410;;
2020-10-27;245;41655;;
2020-10-28;209;41864;;
2020-10-29;219;42083;;
2020-10-30;197;42280;;
2020-10-31;240;42542;;
2020-11-01;236;42778;;
2020-11-02;198;42954;;
2020-11-03;239;43193;;
2020-11-04;247;43440;;
2020-11-05;325;43765;;
2020-11-06;263;44028;;
2020-11-07;271;44299;;
2020-11-08;276;44575;;
2020-11-09;265;44840;;
2020-11-10;319;45159;;
2020-11-11;349;45508;;
2020-11-12;283;45791;;
2020-11-13;328;46119;;
2020-11-14;305;46424;;
2020-11-15;276;46700;;
2020-11-16;309;47009;;
2020-11-17;239;47248;;
2020-11-18;231;47479;;
2020-11-19;284;47763;;
2020-11-20;255;48018;;
2020-11-21;269;48287;;
2020-11-22;301;48588;;
2020-11-23;276;48864;;
2020-11-24;238;49102;;
2020-11-25;303;49405;;
2020-11-26;347;49752;;
2020-11-27;416;50168;;
2020-11-28;446;50614;;
2020-11-29;364;50978;;
2020-11-30;335;51313;;
2020-12-01;418;51731;;
2020-12-02;457;52188;;
2020-12-03;451;52639;;
2020-12-04;500;53139;;
2020-12-05;519;53658;;
2020-12-06;481;54139;;
2020-12-07;462;54601;;
2020-12-08;530;55131;;
2020-12-09;588;55719;;
2020-12-10;547;56266;;
2020-12-11;648;56914;;
2020-12-12;729;57643;;
2020-12-13;564;58207;;
2020-12-14;678;58885;;
2020-12-15;558;59443;;
2020-12-16;700;60143;;
2020-12-17;931;61074;;
2020-12-18;811;61885;;
2020-12-19;699;62584;;
2020-12-20;651;63235;;
2020-12-21;754;63989;;
2020-12-22;760;64749;;
2020-12-23;702;65451;;
2020-12-24;878;66329;;
2020-12-25;944;67273;;
2020-12-26;755;68028;;
2020-12-27;802;68830;;
2020-12-28;844;69674;;
2020-12-29;999;70673;;
2020-12-30;934;71607;;
2020-12-31;745;72352;;
2021-01-01;1233;73585;;
2021-01-02;928;74513;;
2021-01-03;792;75305;;
2021-01-04;773;76078;;
2021-01-05;822;76900;;
2021-01-06;1095;77995;;
2021-01-07;1280;79275;;
2021-01-08;1049;80324;;
2021-01-09;822;81146;;
2021-01-10;780;81926;;
2021-01-11;566;82492;;
2021-01-12;864;83356;;
2021-01-13;731;84087;;
2021-01-14;819;84906;;
2021-01-15;714;85620;;
2021-01-16;881;86501;;
2021-01-17;584;87085;;
2021-01-18;471;87556;;
2021-01-19;638;88194;;
2021-01-20;672;88866;;
2021-01-21;765;89631;;
2021-01-22;616;90247;;
2021-01-23;563;90810;;
2021-01-24;429;91239;;
2021-01-25;505;91744;;
2021-01-26;594;92338;;
2021-01-27;455;92793;;
2021-01-28;575;93368;;
2021-01-29;499;93867;;
2021-01-30;557;94424;;
2021-01-31;388;94812;;
2021-02-01;470;95282;;
2021-02-02;561;95843;;
2021-02-03;486;96329;;
2021-02-04;525;96854;;
2021-02-05;554;97408;;
2021-02-06;510;97918;;
2021-02-07;404;98322;;
2021-02-08;333;98655;;
2021-02-09;451;99106;;
2021-02-10;551;99657;;
2021-02-11;474;100131;;
2021-02-12;484;100615;;
2021-02-13;344;100959;;
2021-02-14;352;101311;;
2021-02-15;322;101633;;
2021-02-16;413;102046;;
2021-02-17;332;102378;;
2021-02-18;377;102755;;
2021-02-19;397;103152;;
2021-02-20;391;103543;;
2021-02-21;403;103946;;
2021-02-22;263;104209;;
2021-02-23;421;104630;;
2021-02-24;409;105039;;
2021-02-25;388;105427;;
2021-02-26;401;105828;;
2021-02-27;324;106152;;
2021-02-28;249;106401;;
2021-03-01;258;106659;;
2021-03-02;392;107051;;
2021-03-03;303;107354;;
2021-03-04;375;107729;;
2021-03-05;280;108009;;
2021-03-06;401;108410;;
2021-03-07;267;108677;;
2021-03-08;260;108937;;
2021-03-09;390;109327;;
2021-03-10;316;109643;;
2021-03-11;362;110005;;
2021-03-12;390;110395;;
2021-03-13;278;110673;;
2021-03-14;272;110945;;
2021-03-15;245;111190;;
2021-03-16;341;111531;;
2021-03-17;315;111846;;
2021-03-18;354;112200;;
2021-03-19;319;112519;;
2021-03-20;268;112787;;
2021-03-21;307;113094;;
2021-03-22;228;113322;;
2021-03-23;339;113661;;
2021-03-24;369;114030;;
2021-03-25;355;114385;;
2021-03-26;361;114746;;
2021-03-27;310;115056;;
2021-03-28;262;115318;;
2021-03-29;307;115625;;
2021-03-30;378;116003;;
2021-03-31;402;116405;;
2021-04-01;359;116764;;
2021-04-02;386;117150;;
2021-04-03;356;117506;;
2021-04-04;301;117807;;
2021-04-05;294;118101;;
2021-04-06;311;118412;;
2021-04-07;405;118817;;
2021-04-08;394;119211;;
2021-04-09;515;119726;;
2021-04-10;296;120022;;
2021-04-11;378;120400;;
2021-04-12;261;120661;;
2021-04-13;373;121034;;
2021-04-14;355;121389;;
2021-04-15;431;121820;;
2021-04-16;367;122187;;
2021-04-17;351;122538;;
2021-04-18;217;122755;;
2021-04-19;253;123008;;
2021-04-20;273;123281;;
2021-04-21;312;123593;;
2021-04-22;316;123909;;
2021-04-23;229;124138;;
2021-04-24;341;124479;;
2021-04-25;198;124677;;
2021-04-26;245;124922;;
2021-04-27;292;125214;;
2021-04-28;310;125524;;
2021-04-29;343;125867;;
2021-04-30;323;126190;;
2021-05-01;262;126452;;
2021-05-02;211;126663;;
2021-05-03;224;126887;;
2021-05-04;237;127124;;
2021-05-05;200;127324;;
2021-05-06;259;127583;;
2021-05-07;279;127862;;
2021-05-08;212;128074;;
2021-05-09;196;128270;;
2021-05-10;188;128458;;
2021-05-11;261;128719;;
2021-05-12;261;128980;;
2021-05-13;291;129271;;
2021-05-14;243;129514;;
2021-05-15;207;129721;;
2021-05-16;186;129907;;
2021-05-17;191;130098;;
2021-05-18;206;130304;;
2021-05-19;263;130567;;
2021-05-20;248;130815;;
2021-05-21;197;131012;;
2021-05-22;181;131193;;
2021-05-23;114;131307;;
2021-05-24;155;131462;;
2021-05-25;164;131626;;
2021-05-26;155;131781;;
2021-05-27;148;131929;;
2021-05-28;141;132070;;
2021-05-29;83;132153;;
2021-05-30;80;132233;;
2021-05-31;83;132316;;
2021-06-01;107;132423;;
2021-06-02;99;132522;;
2021-06-03;84;132606;;
2021-06-04;87;132693;;
2021-06-05;73;132766;;
2021-06-06;49;132815;;
2021-06-07;60;132875;;
2021-06-08;56;132931;;
2021-06-09;42;132973;;
2021-06-10;64;133037;;
2021-06-11;67;133104;;
2021-06-12;51;133155;;
2021-06-13;35;133190;;
2021-06-14;36;133226;;
2021-06-15;61;133287;;
2021-06-16;45;133332;;
2021-06-17;57;133389;;
2021-06-18;50;133439;;
2021-06-19;24;133463;;
2021-06-20;27;133490;;
2021-06-21;28;133518;;
2021-06-22;45;133563;;
2021-06-23;28;133591;;
2021-06-24;27;133618;;
2021-06-25;35;133653;;
2021-06-26;35;133688;;
2021-06-27;13;133701;;
2021-06-28;38;133739;;
2021-06-29;40;133779;;
2021-06-30;26;133805;;
2021-07-01;25;133830;;
2021-07-02;26;133856;;
2021-07-03;23;133879;;
2021-07-04;12;133891;;
2021-07-05;22;133913;;
2021-07-06;30;133943;;
2021-07-07;29;133972;;
2021-07-08;33;134005;;
2021-07-09;25;134030;;
2021-07-10;18;134048;;
2021-07-11;21;134069;;
2021-07-12;27;134096;;
2021-07-13;31;134127;;
2021-07-14;32;134159;;
2021-07-15;40;134199;;
2021-07-16;30;134229;;
2021-07-17;32;134261;;
2021-07-18;35;134296;;
2021-07-19;28;134324;;
2021-07-20;54;134378;;
2021-07-21;53;134431;;
2021-07-22;48;134479;;
2021-07-23;46;134525;;
2021-07-24;33;134558;;
2021-07-25;35;134593;;
2021-07-26;40;134633;;
2021-07-27;52;134685;;
2021-07-28;48;134733;;
2021-07-29;16;134749;;
2021-07-30;106;134855;;
2021-07-31;52;134907;;
2021-08-01;43;134950;;
2021-08-02;54;135004;;
2021-08-03;52;135056;;
2021-08-04;94;135150;;
2021-08-05;103;135253;;
2021-08-06;92;135345;;
2021-08-07;86;135431;;
2021-08-08;69;135500;;
2021-08-09;86;135586;;
2021-08-10;105;135691;;
2021-08-11;152;135843;;
2021-08-12;143;135986;;
2021-08-13;158;136144;;
2021-08-14;142;136286;;
2021-08-15;135;136421;;
2021-08-16;138;136559;;
2021-08-17;148;136707;;
2021-08-18;201;136908;;
2021-08-19;179;137087;;
2021-08-20;208;137295;;
2021-08-21;157;137452;;
2021-08-22;129;137581;;
2021-08-23;160;137741;;
2021-08-24;217;137958;;
2021-08-25;225;138183;;
2021-08-26;246;138429;;
2021-08-27;200;138629;;
2021-08-28;154;138783;;
2021-08-29;133;138916;;
2021-08-30;181;139097;;
2021-08-31;246;139343;;
2021-09-01;274;139617;;
2021-09-02;245;139862;;
2021-09-03;250;140112;;
2021-09-04;204;140316;;
2021-09-05;192;140508;;
2021-09-06;182;140690;;
2021-09-07;203;140893;;
2021-09-08;238;141131;;
2021-09-09;315;141446;;
2021-09-10;286;141732;;
2021-09-11;236;141968;;
2021-09-12;203;142171;;
2021-09-13;234;142405;;
2021-09-14;250;142655;;
2021-09-15;319;142974;;
2021-09-16;284;143258;;
2021-09-17;266;143524;;
2021-09-18;261;143785;;
2021-09-19;213;143998;;
2021-09-20;207;144205;;
2021-09-21;227;144432;;
2021-09-22;251;144683;;
2021-09-23;210;144893;;
2021-09-24;268;145161;;
2021-09-25;210;145371;;
2021-09-26;137;145508;;
2021-09-27;140;145648;;
2021-09-28;188;145836;;
2021-09-29;234;146070;;
2021-09-30;189;146259;;
2021-10-01;149;146408;;
2021-10-02;119;146527;;
2021-10-03;127;146654;;
2021-10-04;119;146773;;
2021-10-05;130;146903;;
2021-10-06;161;147064;;
2021-10-07;175;147239;;
2021-10-08;155;147394;;
2021-10-09;154;147548;;
2021-10-10;91;147639;;
2021-10-11;129;147768;;
2021-10-12;156;147924;;
2021-10-13;147;148071;;
2021-10-14;193;148264;;
2021-10-15;208;148472;;
2021-10-16;142;148614;;
2021-10-17;95;148709;;
2021-10-18;121;148830;;
2021-10-19;119;148949;;
2021-10-20;142;149091;;
2021-10-21;89;149180;;
2021-10-22;120;149300;;
2021-10-23;99;149399;;
2021-10-24;102;149501;;
2021-10-25;103;149604;;
2021-10-26;147;149751;;
2021-10-27;141;149892;;
2021-10-28;168;150060;;
2021-10-29;138;150198;;
2021-10-30;143;150341;;
2021-10-31;140;150481;;
2021-11-01;123;150604;;
2021-11-02;111;150715;;
2021-11-03;164;150879;;
2021-11-04;153;151032;;
2021-11-05;165;151197;;
2021-11-06;205;151402;;
2021-11-07;179;151581;;
2021-11-08;153;151734;;
2021-11-09;233;151967;;
2021-11-10;213;152180;;
2021-11-11;197;152377;;
2021-11-12;188;152565;;
2021-11-13;168;152733;;
2021-11-14;141;152874;;
2021-11-15;135;153009;;
2021-11-16;268;153277;;
2021-11-17;238;153515;;
2021-11-18;192;153707;;
2021-11-19;255;153962;;
2021-11-20;206;154168;;
2021-11-21;216;154384;;
2021-11-22;178;154562;;
2021-11-23;237;154799;;
2021-11-24;302;155101;;
2021-11-25;302;155403;;
2021-11-26;245;155648;;
2021-11-27;219;155867;;
2021-11-28;222;156089;;
2021-11-29;291;156380;;
2021-11-30;340;156720;;
2021-12-01;385;157105;;
2021-12-02;409;157514;;
2021-12-03;381;157895;;
2021-12-04;387;158282;;
2021-12-05;340;158622;;
2021-12-06;345;158967;;
2021-12-07;403;159370;;
2021-12-08;498;159868;;
2021-12-09;558;160426;;
2021-12-10;544;160970;;
2021-12-11;448;161418;;
2021-12-12;414;161832;;
2021-12-13;722;162554;;
2021-12-14;913;163467;;
2021-12-15;973;164440;;
2021-12-16;1147;165587;;
2021-12-17;1165;166752;;
2021-12-18;1611;168363;;
2021-12-19;1410;169773;;
2021-12-20;2016;171789;;
2021-12-21;2408;174197;;
2021-12-22;3241;177438;;
2021-12-23;3217;180655;;
2021-12-24;3260;183915;;
2021-12-25;2918;186833;;
2021-12-26;2879;189712;;
2021-12-27;3861;193573;;
2021-12-28;4533;198106;;
2021-12-29;4419;202525;;
2021-12-30;4239;206764;;
2021-12-31;3797;210561;;
2022-01-01;3615;214176;;
2022-01-02;1658;215834;;
;;;;
;;;;
;;;;
;;;;
;;;;
;;;;
;;;;
;;;;
;;;;
;;;;
;;;;
;;;;
;;;;
;;;;
;;;;
;;;;
;;;;
;;;;
;;;;
;;;;
;;;;
;;;;
;;;;
;;;;
;;;;
;;;;
;;;;
;;;;
;;;;
;;;;
;;;;
;;;;
;;;;
;;;;
;;;;
;;;;
;;;;
;;;;
;;;;
;;;;
;;;;
;;;;
;;;;
;;;;
;;;;
;;;;
;;;;
;;;;
;;;;
;;;;
;;;;
;;;;
;;;;
;;;;
;;;;
;;;;
;;;;
;;;;
;;;;
;;;;
;;;;
;;;;
;;;;
;;;;
;;;;
;;;;
;;;;
;;;;
;;;;
;;;;
;;;;
;;;;
;;;;
;;;;
;;;;
;;;;
;;;;
;;;;
;;;;
;;;;
;;;;
;;;;
;;;;
;;;;
;;;;
;;;;
;;;;
;;;;
;;;;
;;;;
;;;;
;;;;
;;;;
;;;;
;;;;
;;;;
;;;;
;;;;
;;;;
;;;;
;;;;
;;;;
;;;;
;;;;
;;;;
;;;;
;;;;
;;;;
;;;;
;;;;
;;;;
;;;;
;;;;
;;;;
;;;;
;;;;
;;;;
;;;;
;;;;
;;;;
;;;;
;;;;
;;;;
;;;;
;;;;
;;;;
;;;;
;;;;
;;;;
;;;;
;;;;
;;;;
;;;;
;;;;
;;;;
;;;;
;;;;
;;;;
;;;;
;;;;
;;;;
;;;;
;;;;
;;;;
;;;;
;;;;
;;;;
;;;;
;;;;
