Date;Nouveaux cas;Cumulatif de cas;;
2020-02-25;1;1;;
2020-02-26;0;1;;
2020-02-27;0;1;;
2020-02-28;0;1;;
2020-02-29;0;1;;
2020-03-01;1;2;;
2020-03-02;2;4;;
2020-03-03;0;4;;
2020-03-04;0;4;;
2020-03-05;0;4;;
2020-03-06;0;4;;
2020-03-07;0;4;;
2020-03-08;1;5;;
2020-03-09;1;6;;
2020-03-10;2;8;;
2020-03-11;3;11;;
2020-03-12;3;14;;
2020-03-13;2;16;;
2020-03-14;5;21;;
2020-03-15;6;27;;
2020-03-16;5;32;;
2020-03-17;7;39;;
2020-03-18;6;45;;
2020-03-19;35;80;;
2020-03-20;49;129;;
2020-03-21;91;220;;
2020-03-22;88;308;;
2020-03-23;132;440;;
2020-03-24;145;585;;
2020-03-25;184;769;;
2020-03-26;179;948;;
2020-03-27;239;1187;;
2020-03-28;198;1385;;
2020-03-29;258;1643;;
2020-03-30;264;1907;;
2020-03-31;329;2236;;
2020-04-01;303;2539;;
2020-04-02;407;2946;;
2020-04-03;346;3292;;
2020-04-04;340;3632;;
2020-04-05;258;3890;;
2020-04-06;455;4345;;
2020-04-07;421;4766;;
2020-04-08;372;5138;;
2020-04-09;350;5488;;
2020-04-10;305;5793;;
2020-04-11;261;6054;;
2020-04-12;327;6381;;
2020-04-13;542;6923;;
2020-04-14;468;7391;;
2020-04-15;609;8000;;
2020-04-16;496;8496;;
2020-04-17;568;9064;;
2020-04-18;330;9394;;
2020-04-19;427;9821;;
2020-04-20;480;10301;;
2020-04-21;456;10757;;
2020-04-22;530;11287;;
2020-04-23;523;11810;;
2020-04-24;491;12301;;
2020-04-25;312;12613;;
2020-04-26;282;12895;;
2020-04-27;461;13356;;
2020-04-28;470;13826;;
2020-04-29;517;14343;;
2020-04-30;587;14930;;
2020-05-01;613;15543;;
2020-05-02;526;16069;;
2020-05-03;343;16412;;
2020-05-04;419;16831;;
2020-05-05;466;17297;;
2020-05-06;566;17863;;
2020-05-07;428;18291;;
2020-05-08;427;18718;;
2020-05-09;310;19028;;
2020-05-10;297;19325;;
2020-05-11;362;19687;;
2020-05-12;427;20114;;
2020-05-13;398;20512;;
2020-05-14;352;20864;;
2020-05-15;341;21205;;
2020-05-16;271;21476;;
2020-05-17;341;21817;;
2020-05-18;330;22147;;
2020-05-19;319;22466;;
2020-05-20;405;22871;;
2020-05-21;376;23247;;
2020-05-22;256;23503;;
2020-05-23;216;23719;;
2020-05-24;216;23935;;
2020-05-25;203;24138;;
2020-05-26;238;24376;;
2020-05-27;252;24628;;
2020-05-28;193;24821;;
2020-05-29;192;25013;;
2020-05-30;204;25217;;
2020-05-31;140;25357;;
2020-06-01;155;25512;;
2020-06-02;97;25609;;
2020-06-03;114;25723;;
2020-06-04;125;25848;;
2020-06-05;109;25957;;
2020-06-06;105;26062;;
2020-06-07;75;26137;;
2020-06-08;51;26188;;
2020-06-09;78;26266;;
2020-06-10;67;26333;;
2020-06-11;66;26399;;
2020-06-12;71;26470;;
2020-06-13;64;26534;;
2020-06-14;28;26562;;
2020-06-15;56;26618;;
2020-06-16;74;26692;;
2020-06-17;53;26745;;
2020-06-18;48;26793;;
2020-06-19;64;26857;;
2020-06-20;33;26890;;
2020-06-21;27;26917;;
2020-06-22;40;26957;;
2020-06-23;40;26997;;
2020-06-24;29;27026;;
2020-06-25;46;27072;;
2020-06-26;42;27114;;
2020-06-27;30;27144;;
2020-06-28;18;27162;;
2020-06-29;16;27178;;
2020-06-30;40;27218;;
2020-07-01;24;27242;;
2020-07-02;16;27258;;
2020-07-03;17;27275;;
2020-07-04;16;27291;;
2020-07-05;7;27298;;
2020-07-06;16;27314;;
2020-07-07;21;27335;;
2020-07-08;33;27368;;
2020-07-09;52;27420;;
2020-07-10;48;27468;;
2020-07-11;22;27490;;
2020-07-12;13;27503;;
2020-07-13;75;27578;;
2020-07-14;64;27642;;
2020-07-15;69;27711;;
2020-07-16;66;27777;;
2020-07-17;99;27876;;
2020-07-18;97;27973;;
2020-07-19;55;28028;;
2020-07-20;37;28065;;
2020-07-21;61;28126;;
2020-07-22;78;28204;;
2020-07-23;94;28298;;
2020-07-24;69;28367;;
2020-07-25;34;28401;;
2020-07-26;52;28453;;
2020-07-27;33;28486;;
2020-07-28;36;28522;;
2020-07-29;68;28590;;
2020-07-30;58;28648;;
2020-07-31;56;28704;;
2020-08-01;49;28753;;
2020-08-02;31;28784;;
2020-08-03;45;28829;;
2020-08-04;65;28894;;
2020-08-05;46;28940;;
2020-08-06;21;28961;;
2020-08-07;45;29006;;
2020-08-08;35;29041;;
2020-08-09;37;29078;;
2020-08-10;34;29112;;
2020-08-11;36;29148;;
2020-08-12;35;29183;;
2020-08-13;38;29221;;
2020-08-14;29;29250;;
2020-08-15;14;29264;;
2020-08-16;12;29276;;
2020-08-17;17;29293;;
2020-08-18;17;29310;;
2020-08-19;22;29332;;
2020-08-20;34;29366;;
2020-08-21;32;29398;;
2020-08-22;19;29417;;
2020-08-23;21;29438;;
2020-08-24;8;29446;;
2020-08-25;29;29475;;
2020-08-26;41;29516;;
2020-08-27;43;29559;;
2020-08-28;25;29584;;
2020-08-29;54;29638;;
2020-08-30;14;29652;;
2020-08-31;32;29684;;
2020-09-01;36;29720;;
2020-09-02;35;29755;;
2020-09-03;72;29827;;
2020-09-04;49;29876;;
2020-09-05;63;29939;;
2020-09-06;57;29996;;
2020-09-07;50;30046;;
2020-09-08;71;30117;;
2020-09-09;69;30186;;
2020-09-10;90;30276;;
2020-09-11;107;30383;;
2020-09-12;71;30454;;
2020-09-13;97;30551;;
2020-09-14;71;30622;;
2020-09-15;92;30714;;
2020-09-16;78;30792;;
2020-09-17;70;30862;;
2020-09-18;197;31059;;
2020-09-19;141;31200;;
2020-09-20;200;31400;;
2020-09-21;138;31538;;
2020-09-22;168;31706;;
2020-09-23;253;31959;;
2020-09-24;231;32190;;
2020-09-25;286;32476;;
2020-09-26;352;32828;;
2020-09-27;273;33101;;
2020-09-28;280;33381;;
2020-09-29;355;33736;;
2020-09-30;316;34052;;
2020-10-01;311;34363;;
2020-10-02;415;34778;;
2020-10-03;364;35142;;
2020-10-04;298;35440;;
2020-10-05;277;35717;;
2020-10-06;254;35971;;
2020-10-07;300;36271;;
2020-10-08;345;36616;;
2020-10-09;282;36898;;
2020-10-10;192;37090;;
2020-10-11;323;37413;;
2020-10-12;266;37679;;
2020-10-13;198;37877;;
2020-10-14;268;38145;;
2020-10-15;254;38399;;
2020-10-16;259;38658;;
2020-10-17;268;38926;;
2020-10-18;189;39115;;
2020-10-19;238;39353;;
2020-10-20;254;39607;;
2020-10-21;284;39891;;
2020-10-22;220;40111;;
2020-10-23;240;40351;;
2020-10-24;166;40517;;
2020-10-25;216;40733;;
2020-10-26;354;41087;;
2020-10-27;241;41328;;
2020-10-28;210;41538;;
2020-10-29;216;41754;;
2020-10-30;194;41948;;
2020-10-31;235;42542;;
2020-11-01;234;42778;;
2020-11-02;192;42609;;
2020-11-03;237;42846;;
2020-11-04;241;43087;;
2020-11-05;321;43408;;
2020-11-06;261;43669;;
2020-11-07;270;43939;;
2020-11-08;271;44210;;
2020-11-09;266;44476;;
2020-11-10;318;44794;;
2020-11-11;344;45138;;
2020-11-12;282;45420;;
2020-11-13;325;45745;;
2020-11-14;301;46046;;
2020-11-15;274;46320;;
2020-11-16;305;46625;;
2020-11-17;238;46863;;
2020-11-18;230;47093;;
2020-11-19;280;47373;;
2020-11-20;250;47623;;
2020-11-21;260;47883;;
2020-11-22;296;48179;;
2020-11-23;276;48455;;
2020-11-24;242;48697;;
2020-11-25;296;48993;;
2020-11-26;345;49338;;
2020-11-27;415;49753;;
2020-11-28;445;50198;;
2020-11-29;362;50560;;
2020-11-30;335;50895;;
2020-12-01;413;51308;;
2020-12-02;456;51764;;
2020-12-03;445;52209;;
2020-12-04;495;52704;;
2020-12-05;513;53217;;
2020-12-06;480;53697;;
2020-12-07;461;54158;;
2020-12-08;523;54681;;
2020-12-09;577;55258;;
2020-12-10;544;55802;;
2020-12-11;634;56436;;
2020-12-12;720;57156;;
2020-12-13;561;57717;;
2020-12-14;668;58385;;
2020-12-15;552;58937;;
2020-12-16;693;59630;;
2020-12-17;925;60555;;
2020-12-18;802;61357;;
2020-12-19;689;62046;;
2020-12-20;644;62690;;
2020-12-21;745;63435;;
2020-12-22;751;64186;;
2020-12-23;693;64879;;
2020-12-24;867;65746;;
2020-12-25;933;66679;;
2020-12-26;742;67421;;
2020-12-27;796;68217;;
2020-12-28;835;69052;;
2020-12-29;996;70048;;
2020-12-30;922;70970;;
2020-12-31;740;71710;;
2021-01-01;1210;72920;;
2021-01-02;923;73843;;
2021-01-03;785;74628;;
2021-01-04;765;75393;;
2021-01-05;814;76207;;
2021-01-06;1083;77290;;
2021-01-07;1270;78560;;
2021-01-08;1033;79593;;
2021-01-09;815;80408;;
2021-01-10;775;81183;;
2021-01-11;556;81739;;
2021-01-12;852;82591;;
2021-01-13;726;83317;;
2021-01-14;809;84126;;
2021-01-15;712;84838;;
2021-01-16;875;85713;;
2021-01-17;577;86290;;
2021-01-18;462;86752;;
2021-01-19;627;87379;;
2021-01-20;666;88045;;
2021-01-21;758;88803;;
2021-01-22;601;89404;;
2021-01-23;556;89960;;
2021-01-24;423;90383;;
2021-01-25;498;90881;;
2021-01-26;586;91467;;
2021-01-27;452;91919;;
2021-01-28;566;92485;;
2021-01-29;492;92977;;
2021-01-30;544;93521;;
2021-01-31;385;93906;;
2021-02-01;467;94373;;
2021-02-02;554;94927;;
2021-02-03;480;95407;;
2021-02-04;520;95927;;
2021-02-05;544;96471;;
2021-02-06;507;96978;;
2021-02-07;405;97383;;
2021-02-08;328;97711;;
2021-02-09;445;98156;;
2021-02-10;551;98707;;
2021-02-11;472;99179;;
2021-02-12;473;99652;;
2021-02-13;338;99990;;
2021-02-14;350;100340;;
2021-02-15;317;100657;;
2021-02-16;407;101064;;
2021-02-17;326;101390;;
2021-02-18;371;101761;;
2021-02-19;395;102156;;
2021-02-20;380;102536;;
2021-02-21;399;102935;;
2021-02-22;256;103191;;
2021-02-23;418;103609;;
2021-02-24;407;104016;;
2021-02-25;381;104397;;
2021-02-26;394;104791;;
2021-02-27;317;105108;;
2021-02-28;247;105355;;
2021-03-01;254;105609;;
2021-03-02;387;105996;;
2021-03-03;300;106296;;
2021-03-04;374;106670;;
2021-03-05;279;106949;;
2021-03-06;399;107348;;
2021-03-07;265;107613;;
2021-03-08;259;107872;;
2021-03-09;388;108260;;
2021-03-10;313;108573;;
2021-03-11;364;108937;;
2021-03-12;387;109324;;
2021-03-13;278;109602;;
2021-03-14;265;109867;;
2021-03-15;245;110112;;
2021-03-16;334;110446;;
2021-03-17;314;110760;;
2021-03-18;351;111111;;
2021-03-19;316;111427;;
2021-03-20;266;111693;;
2021-03-21;306;111999;;
2021-03-22;228;112227;;
2021-03-23;333;112560;;
2021-03-24;368;112928;;
2021-03-25;354;113282;;
2021-03-26;360;113642;;
2021-03-27;307;113949;;
2021-03-28;256;114205;;
2021-03-29;303;114508;;
2021-03-30;374;114882;;
2021-03-31;394;115276;;
2021-04-01;358;115634;;
2021-04-02;385;116019;;
2021-04-03;351;116370;;
2021-04-04;297;116667;;
2021-04-05;291;116958;;
2021-04-06;306;117264;;
2021-04-07;404;117668;;
2021-04-08;395;118063;;
2021-04-09;515;118578;;
2021-04-10;298;118876;;
2021-04-11;376;119252;;
2021-04-12;264;119516;;
2021-04-13;375;119891;;
2021-04-14;354;120245;;
2021-04-15;432;120677;;
2021-04-16;366;121043;;
2021-04-17;352;121395;;
2021-04-18;219;121614;;
2021-04-19;252;121866;;
2021-04-20;276;122142;;
2021-04-21;312;122454;;
2021-04-22;316;122770;;
2021-04-23;228;122998;;
2021-04-24;343;123341;;
2021-04-25;199;123540;;
2021-04-26;244;123784;;
2021-04-27;292;124076;;
2021-04-28;312;124388;;
2021-04-29;344;124732;;
2021-04-30;326;125058;;
2021-05-01;264;125322;;
2021-05-02;211;125533;;
2021-05-03;228;125761;;
2021-05-04;238;125999;;
2021-05-05;202;126201;;
2021-05-06;261;126462;;
2021-05-07;282;126744;;
2021-05-08;213;126957;;
2021-05-09;198;127155;;
2021-05-10;188;127343;;
2021-05-11;263;127606;;
2021-05-12;261;127867;;
2021-05-13;291;128158;;
2021-05-14;246;128404;;
2021-05-15;207;128611;;
2021-05-16;190;128801;;
2021-05-17;193;128994;;
2021-05-18;209;129203;;
2021-05-19;265;129468;;
2021-05-20;248;129716;;
2021-05-21;197;129913;;
2021-05-22;183;130096;;
2021-05-23;116;130212;;
2021-05-24;156;130368;;
2021-05-25;164;130532;;
2021-05-26;156;130688;;
2021-05-27;148;130836;;
2021-05-28;143;130979;;
2021-05-29;85;131064;;
2021-05-30;81;131145;;
2021-05-31;84;131229;;
2021-06-01;108;131337;;
2021-06-02;100;131437;;
2021-06-03;87;131524;;
2021-06-04;88;131612;;
2021-06-05;74;131686;;
2021-06-06;50;131736;;
2021-06-07;60;131796;;
2021-06-08;60;131856;;
2021-06-09;44;131900;;
2021-06-10;68;131968;;
2021-06-11;69;132037;;
2021-06-12;52;132089;;
2021-06-13;36;132125;;
2021-06-14;36;132161;;
2021-06-15;62;132223;;
2021-06-16;44;132267;;
2021-06-17;60;132327;;
2021-06-18;51;132378;;
2021-06-19;27;132405;;
2021-06-20;28;132433;;
2021-06-21;28;132461;;
2021-06-22;45;132506;;
2021-06-23;29;132535;;
2021-06-24;28;132563;;
2021-06-25;35;132598;;
2021-06-26;35;132633;;
2021-06-27;13;132646;;
2021-06-28;38;132684;;
2021-06-29;45;132729;;
2021-06-30;27;132756;;
2021-07-01;28;132784;;
2021-07-02;26;132810;;
2021-07-03;26;132836;;
2021-07-04;7;132843;;
;;;;
;;;;
;;;;
;;;;
;;;;
;;;;
;;;;
;;;;
;;;;
;;;;
;;;;
;;;;
;;;;
;;;;
;;;;
;;;;
;;;;
;;;;
;;;;
;;;;
;;;;
;;;;
;;;;
;;;;
;;;;
;;;;
;;;;
;;;;
;;;;
;;;;
;;;;
;;;;
;;;;
;;;;
;;;;
;;;;
;;;;
;;;;
;;;;
;;;;
;;;;
;;;;
;;;;
;;;;
;;;;
;;;;
;;;;
;;;;
;;;;
;;;;
;;;;
;;;;
;;;;
;;;;
;;;;
;;;;
;;;;
;;;;
;;;;
;;;;
;;;;
;;;;
;;;;
;;;;
;;;;
;;;;
;;;;
;;;;
;;;;
;;;;
;;;;
;;;;
;;;;
;;;;
;;;;
;;;;
;;;;
;;;;
;;;;
;;;;
;;;;
;;;;
;;;;
;;;;
;;;;
;;;;
;;;;
;;;;
;;;;
;;;;
;;;;
;;;;
;;;;
;;;;
;;;;
;;;;
;;;;
;;;;
;;;;
;;;;
;;;;
;;;;
;;;;
;;;;
;;;;
;;;;
;;;;
;;;;
;;;;
;;;;
;;;;
;;;;
;;;;
;;;;
;;;;
;;;;
;;;;
;;;;
;;;;
;;;;
;;;;
;;;;
;;;;
;;;;
;;;;
;;;;
;;;;
;;;;
;;;;
;;;;
;;;;
;;;;
;;;;
;;;;
;;;;
;;;;
;;;;
;;;;
;;;;
;;;;
;;;;
;;;;
;;;;
;;;;
;;;;
;;;;
;;;;
;;;;
;;;;
;;;;
;;;;
;;;;
;;;;
;;;;
;;;;
;;;;
;;;;
;;;;
;;;;
;;;;
;;;;
;;;;
;;;;
;;;;
;;;;
;;;;
;;;;
;;;;
;;;;
;;;;
;;;;
;;;;
;;;;
;;;;
;;;;
;;;;
;;;;
;;;;
;;;;
;;;;
;;;;
;;;;
;;;;
;;;;
;;;;
;;;;
;;;;
;;;;
;;;;
;;;;
;;;;
;;;;
;;;;
;;;;
;;;;
;;;;
;;;;
;;;;
;;;;
;;;;
;;;;
;;;;
;;;;
;;;;
;;;;
;;;;
;;;;
;;;;
;;;;
;;;;
;;;;
;;;;
;;;;
;;;;
;;;;
;;;;
;;;;
;;;;
;;;;
;;;;
;;;;
;;;;
;;;;
;;;;
;;;;
;;;;
;;;;
;;;;
;;;;
;;;;
;;;;
;;;;
;;;;
;;;;
;;;;
;;;;
;;;;
;;;;
;;;;
;;;;
;;;;
;;;;
;;;;
;;;;
;;;;
;;;;
;;;;
;;;;
;;;;
;;;;
;;;;
;;;;
;;;;
;;;;
;;;;
;;;;
;;;;
;;;;
;;;;
;;;;
;;;;
;;;;
;;;;
;;;;
;;;;
;;;;
;;;;
;;;;
;;;;
;;;;
;;;;
;;;;
;;;;
;;;;
;;;;
;;;;
;;;;
;;;;
;;;;
;;;;
;;;;
;;;;
;;;;
;;;;
;;;;
;;;;
;;;;
;;;;
;;;;
;;;;
;;;;
;;;;
;;;;
;;;;
;;;;
;;;;
;;;;
;;;;
;;;;
;;;;
;;;;
;;;;
;;;;
;;;;
;;;;
;;;;
;;;;
;;;;
;;;;
;;;;
;;;;
;;;;
;;;;
;;;;
;;;;
;;;;
;;;;
;;;;
;;;;
;;;;
;;;;
;;;;
;;;;
;;;;
;;;;
;;;;
;;;;
;;;;
;;;;
;;;;
;;;;
;;;;
;;;;
;;;;
;;;;
;;;;
;;;;
;;;;
;;;;
;;;;
;;;;
;;;;
;;;;
;;;;
;;;;
;;;;
;;;;
;;;;
;;;;
;;;;
;;;;
;;;;
;;;;
;;;;
;;;;
;;;;
;;;;
;;;;
;;;;
;;;;
;;;;
;;;;
;;;;
;;;;
;;;;
;;;;
;;;;
;;;;
;;;;
;;;;
;;;;
;;;;
;;;;
;;;;
;;;;
;;;;
;;;;
;;;;
;;;;
;;;;
;;;;
;;;;
;;;;
;;;;
;;;;
;;;;
;;;;
;;;;
;;;;
;;;;
;;;;
;;;;
;;;;
;;;;
;;;;
;;;;
;;;;
;;;;
;;;;
;;;;
;;;;
;;;;
;;;;
;;;;
;;;;
;;;;
;;;;
;;;;
;;;;
;;;;
;;;;
;;;;
;;;;
;;;;
;;;;
;;;;
;;;;
;;;;
;;;;
;;;;
;;;;
;;;;
;;;;
;;;;
;;;;
;;;;
;;;;
;;;;
;;;;
;;;;
;;;;
;;;;
;;;;
;;;;
;;;;
;;;;
;;;;
;;;;
;;;;
;;;;
;;;;
;;;;
;;;;
;;;;
;;;;
;;;;
;;;;
;;;;
;;;;
;;;;
;;;;
;;;;
;;;;
;;;;
;;;;
;;;;
;;;;
;;;;
;;;;
;;;;
;;;;
;;;;
;;;;
;;;;
;;;;
;;;;
;;;;
;;;;
;;;;
;;;;
;;;;
;;;;
;;;;
;;;;
;;;;
;;;;
;;;;
;;;;
;;;;
;;;;
;;;;
;;;;
;;;;
;;;;
;;;;
;;;;
;;;;
;;;;
;;;;
;;;;
;;;;
;;;;
;;;;
;;;;
;;;;
;;;;
;;;;
;;;;
;;;;
;;;;
;;;;
;;;;
;;;;
;;;;
;;;;
;;;;
;;;;
;;;;
;;;;
;;;;
;;;;
;;;;
;;;;
;;;;
;;;;
;;;;
;;;;
;;;;
;;;;
;;;;
;;;;
;;;;
;;;;
;;;;
;;;;
;;;;
;;;;
;;;;
;;;;
;;;;
;;;;
;;;;
;;;;
;;;;
;;;;
;;;;
;;;;
;;;;
;;;;
;;;;
;;;;
;;;;
;;;;
;;;;
;;;;
;;;;
;;;;
;;;;
;;;;
;;;;
;;;;
;;;;
