Date;Nouveaux cas;Cumulatif de cas;;
2020-02-25;1;1;;
2020-02-26;0;1;;
2020-02-27;0;1;;
2020-02-28;0;1;;
2020-02-29;0;1;;
2020-03-01;0;1;;
2020-03-02;2;3;;
2020-03-03;0;3;;
2020-03-04;0;3;;
2020-03-05;0;3;;
2020-03-06;0;3;;
2020-03-07;0;3;;
2020-03-08;1;4;;
2020-03-09;1;5;;
2020-03-10;2;7;;
2020-03-11;3;10;;
2020-03-12;3;13;;
2020-03-13;2;15;;
2020-03-14;5;20;;
2020-03-15;6;26;;
2020-03-16;5;31;;
2020-03-17;7;38;;
2020-03-18;6;44;;
2020-03-19;36;80;;
2020-03-20;49;129;;
2020-03-21;90;219;;
2020-03-22;90;309;;
2020-03-23;133;442;;
2020-03-24;145;587;;
2020-03-25;187;774;;
2020-03-26;180;954;;
2020-03-27;243;1197;;
2020-03-28;200;1397;;
2020-03-29;259;1656;;
2020-03-30;266;1922;;
2020-03-31;331;2253;;
2020-04-01;305;2558;;
2020-04-02;408;2966;;
2020-04-03;348;3314;;
2020-04-04;339;3653;;
2020-04-05;261;3914;;
2020-04-06;456;4370;;
2020-04-07;423;4793;;
2020-04-08;375;5168;;
2020-04-09;350;5518;;
2020-04-10;305;5823;;
2020-04-11;264;6087;;
2020-04-12;330;6417;;
2020-04-13;544;6961;;
2020-04-14;469;7430;;
2020-04-15;613;8043;;
2020-04-16;497;8540;;
2020-04-17;571;9111;;
2020-04-18;330;9441;;
2020-04-19;432;9873;;
2020-04-20;482;10355;;
2020-04-21;461;10816;;
2020-04-22;536;11352;;
2020-04-23;531;11883;;
2020-04-24;495;12378;;
2020-04-25;318;12696;;
2020-04-26;287;12983;;
2020-04-27;462;13445;;
2020-04-28;475;13920;;
2020-04-29;523;14443;;
2020-04-30;587;15030;;
2020-05-01;622;15652;;
2020-05-02;526;16178;;
2020-05-03;345;16523;;
2020-05-04;422;16945;;
2020-05-05;470;17415;;
2020-05-06;568;17983;;
2020-05-07;431;18414;;
2020-05-08;433;18847;;
2020-05-09;314;19161;;
2020-05-10;300;19461;;
2020-05-11;363;19824;;
2020-05-12;431;20255;;
2020-05-13;402;20657;;
2020-05-14;354;21011;;
2020-05-15;346;21357;;
2020-05-16;272;21629;;
2020-05-17;336;21965;;
2020-05-18;332;22297;;
2020-05-19;316;22613;;
2020-05-20;408;23021;;
2020-05-21;380;23401;;
2020-05-22;255;23656;;
2020-05-23;218;23874;;
2020-05-24;215;24089;;
2020-05-25;207;24296;;
2020-05-26;240;24536;;
2020-05-27;254;24790;;
2020-05-28;194;24984;;
2020-05-29;194;25178;;
2020-05-30;206;25384;;
2020-05-31;140;25524;;
2020-06-01;159;25683;;
2020-06-02;97;25780;;
2020-06-03;115;25895;;
2020-06-04;129;26024;;
2020-06-05;108;26132;;
2020-06-06;104;26236;;
2020-06-07;76;26312;;
2020-06-08;51;26363;;
2020-06-09;80;26443;;
2020-06-10;66;26509;;
2020-06-11;66;26575;;
2020-06-12;72;26647;;
2020-06-13;67;26714;;
2020-06-14;28;26742;;
2020-06-15;57;26799;;
2020-06-16;73;26872;;
2020-06-17;53;26925;;
2020-06-18;49;26974;;
2020-06-19;65;27039;;
2020-06-20;33;27072;;
2020-06-21;26;27098;;
2020-06-22;39;27137;;
2020-06-23;40;27177;;
2020-06-24;28;27205;;
2020-06-25;47;27252;;
2020-06-26;42;27294;;
2020-06-27;30;27324;;
2020-06-28;18;27342;;
2020-06-29;16;27358;;
2020-06-30;40;27398;;
2020-07-01;23;27421;;
2020-07-02;17;27438;;
2020-07-03;18;27456;;
2020-07-04;16;27472;;
2020-07-05;7;27479;;
2020-07-06;16;27495;;
2020-07-07;21;27516;;
2020-07-08;33;27549;;
2020-07-09;52;27601;;
2020-07-10;48;27649;;
2020-07-11;22;27671;;
2020-07-12;13;27684;;
2020-07-13;76;27760;;
2020-07-14;66;27826;;
2020-07-15;69;27895;;
2020-07-16;68;27963;;
2020-07-17;102;28065;;
2020-07-18;98;28163;;
2020-07-19;55;28218;;
2020-07-20;37;28255;;
2020-07-21;65;28320;;
2020-07-22;78;28398;;
2020-07-23;98;28496;;
2020-07-24;69;28565;;
2020-07-25;32;28597;;
2020-07-26;52;28649;;
2020-07-27;41;28690;;
2020-07-28;37;28727;;
2020-07-29;72;28799;;
2020-07-30;60;28859;;
2020-07-31;57;28916;;
2020-08-01;51;28967;;
2020-08-02;30;28997;;
2020-08-03;45;29042;;
2020-08-04;64;29106;;
2020-08-05;47;29153;;
2020-08-06;21;29174;;
2020-08-07;46;29220;;
2020-08-08;37;29257;;
2020-08-09;36;29293;;
2020-08-10;33;29326;;
2020-08-11;36;29362;;
2020-08-12;34;29396;;
2020-08-13;38;29434;;
2020-08-14;30;29464;;
2020-08-15;14;29478;;
2020-08-16;12;29490;;
2020-08-17;17;29507;;
2020-08-18;16;29523;;
2020-08-19;22;29545;;
2020-08-20;34;29579;;
2020-08-21;33;29612;;
2020-08-22;20;29632;;
2020-08-23;23;29655;;
2020-08-24;10;29665;;
2020-08-25;30;29695;;
2020-08-26;42;29737;;
2020-08-27;43;29780;;
2020-08-28;24;29804;;
2020-08-29;55;29859;;
2020-08-30;13;29872;;
2020-08-31;32;29904;;
2020-09-01;36;29940;;
2020-09-02;36;29976;;
2020-09-03;71;30047;;
2020-09-04;49;30096;;
2020-09-05;66;30162;;
2020-09-06;59;30221;;
2020-09-07;51;30272;;
2020-09-08;72;30344;;
2020-09-09;70;30414;;
2020-09-10;90;30504;;
2020-09-11;108;30612;;
2020-09-12;71;30683;;
2020-09-13;96;30779;;
2020-09-14;73;30852;;
2020-09-15;94;30946;;
2020-09-16;79;31025;;
2020-09-17;71;31096;;
2020-09-18;199;31295;;
2020-09-19;139;31434;;
2020-09-20;204;31638;;
2020-09-21;141;31779;;
2020-09-22;169;31948;;
2020-09-23;254;32202;;
2020-09-24;232;32434;;
2020-09-25;288;32722;;
2020-09-26;343;33065;;
2020-09-27;276;33341;;
2020-09-28;282;33623;;
2020-09-29;355;33978;;
2020-09-30;315;34293;;
2020-10-01;308;34601;;
2020-10-02;415;35016;;
2020-10-03;372;35388;;
2020-10-04;303;35691;;
2020-10-05;280;35971;;
2020-10-06;257;36228;;
2020-10-07;297;36525;;
2020-10-08;346;36871;;
2020-10-09;286;37157;;
2020-10-10;193;37350;;
2020-10-11;329;37679;;
2020-10-12;267;37946;;
2020-10-13;204;38150;;
2020-10-14;270;38420;;
2020-10-15;256;38676;;
2020-10-16;264;38940;;
2020-10-17;272;39212;;
2020-10-18;194;39406;;
2020-10-19;241;39647;;
2020-10-20;253;39900;;
2020-10-21;287;40187;;
2020-10-22;226;40413;;
2020-10-23;246;40659;;
2020-10-24;166;40825;;
2020-10-25;220;41045;;
2020-10-26;354;41399;;
2020-10-27;245;41644;;
2020-10-28;208;41852;;
2020-10-29;219;42071;;
2020-10-30;197;42268;;
2020-10-31;241;42542;;
2020-11-01;236;42778;;
2020-11-02;198;42943;;
2020-11-03;239;43182;;
2020-11-04;247;43429;;
2020-11-05;326;43755;;
2020-11-06;264;44019;;
2020-11-07;271;44290;;
2020-11-08;276;44566;;
2020-11-09;266;44832;;
2020-11-10;319;45151;;
2020-11-11;347;45498;;
2020-11-12;283;45781;;
2020-11-13;327;46108;;
2020-11-14;303;46411;;
2020-11-15;277;46688;;
2020-11-16;309;46997;;
2020-11-17;239;47236;;
2020-11-18;231;47467;;
2020-11-19;283;47750;;
2020-11-20;254;48004;;
2020-11-21;269;48273;;
2020-11-22;300;48573;;
2020-11-23;275;48848;;
2020-11-24;238;49086;;
2020-11-25;303;49389;;
2020-11-26;347;49736;;
2020-11-27;416;50152;;
2020-11-28;446;50598;;
2020-11-29;364;50962;;
2020-11-30;334;51296;;
2020-12-01;418;51714;;
2020-12-02;457;52171;;
2020-12-03;452;52623;;
2020-12-04;500;53123;;
2020-12-05;517;53640;;
2020-12-06;482;54122;;
2020-12-07;461;54583;;
2020-12-08;531;55114;;
2020-12-09;590;55704;;
2020-12-10;547;56251;;
2020-12-11;646;56897;;
2020-12-12;730;57627;;
2020-12-13;564;58191;;
2020-12-14;678;58869;;
2020-12-15;554;59423;;
2020-12-16;701;60124;;
2020-12-17;930;61054;;
2020-12-18;812;61866;;
2020-12-19;700;62566;;
2020-12-20;652;63218;;
2020-12-21;755;63973;;
2020-12-22;760;64733;;
2020-12-23;701;65434;;
2020-12-24;879;66313;;
2020-12-25;945;67258;;
2020-12-26;755;68013;;
2020-12-27;803;68816;;
2020-12-28;843;69659;;
2020-12-29;999;70658;;
2020-12-30;933;71591;;
2020-12-31;746;72337;;
2021-01-01;1231;73568;;
2021-01-02;924;74492;;
2021-01-03;791;75283;;
2021-01-04;770;76053;;
2021-01-05;822;76875;;
2021-01-06;1094;77969;;
2021-01-07;1279;79248;;
2021-01-08;1048;80296;;
2021-01-09;821;81117;;
2021-01-10;779;81896;;
2021-01-11;566;82462;;
2021-01-12;863;83325;;
2021-01-13;730;84055;;
2021-01-14;819;84874;;
2021-01-15;714;85588;;
2021-01-16;881;86469;;
2021-01-17;583;87052;;
2021-01-18;471;87523;;
2021-01-19;638;88161;;
2021-01-20;671;88832;;
2021-01-21;765;89597;;
2021-01-22;616;90213;;
2021-01-23;563;90776;;
2021-01-24;430;91206;;
2021-01-25;506;91712;;
2021-01-26;595;92307;;
2021-01-27;455;92762;;
2021-01-28;575;93337;;
2021-01-29;500;93837;;
2021-01-30;558;94395;;
2021-01-31;389;94784;;
2021-02-01;470;95254;;
2021-02-02;561;95815;;
2021-02-03;485;96300;;
2021-02-04;526;96826;;
2021-02-05;554;97380;;
2021-02-06;510;97890;;
2021-02-07;406;98296;;
2021-02-08;333;98629;;
2021-02-09;451;99080;;
2021-02-10;549;99629;;
2021-02-11;474;100103;;
2021-02-12;485;100588;;
2021-02-13;344;100932;;
2021-02-14;352;101284;;
2021-02-15;322;101606;;
2021-02-16;410;102016;;
2021-02-17;332;102348;;
2021-02-18;377;102725;;
2021-02-19;395;103120;;
2021-02-20;391;103511;;
2021-02-21;405;103916;;
2021-02-22;262;104178;;
2021-02-23;421;104599;;
2021-02-24;409;105008;;
2021-02-25;388;105396;;
2021-02-26;401;105797;;
2021-02-27;324;106121;;
2021-02-28;249;106370;;
2021-03-01;258;106628;;
2021-03-02;392;107020;;
2021-03-03;303;107323;;
2021-03-04;375;107698;;
2021-03-05;280;107978;;
2021-03-06;399;108377;;
2021-03-07;267;108644;;
2021-03-08;260;108904;;
2021-03-09;392;109296;;
2021-03-10;316;109612;;
2021-03-11;362;109974;;
2021-03-12;390;110364;;
2021-03-13;277;110641;;
2021-03-14;271;110912;;
2021-03-15;244;111156;;
2021-03-16;340;111496;;
2021-03-17;315;111811;;
2021-03-18;357;112168;;
2021-03-19;319;112487;;
2021-03-20;267;112754;;
2021-03-21;307;113061;;
2021-03-22;226;113287;;
2021-03-23;339;113626;;
2021-03-24;368;113994;;
2021-03-25;354;114348;;
2021-03-26;361;114709;;
2021-03-27;310;115019;;
2021-03-28;262;115281;;
2021-03-29;306;115587;;
2021-03-30;379;115966;;
2021-03-31;402;116368;;
2021-04-01;359;116727;;
2021-04-02;386;117113;;
2021-04-03;356;117469;;
2021-04-04;302;117771;;
2021-04-05;293;118064;;
2021-04-06;311;118375;;
2021-04-07;406;118781;;
2021-04-08;394;119175;;
2021-04-09;517;119692;;
2021-04-10;296;119988;;
2021-04-11;378;120366;;
2021-04-12;261;120627;;
2021-04-13;372;120999;;
2021-04-14;353;121352;;
2021-04-15;431;121783;;
2021-04-16;367;122150;;
2021-04-17;352;122502;;
2021-04-18;217;122719;;
2021-04-19;253;122972;;
2021-04-20;273;123245;;
2021-04-21;312;123557;;
2021-04-22;315;123872;;
2021-04-23;229;124101;;
2021-04-24;341;124442;;
2021-04-25;198;124640;;
2021-04-26;244;124884;;
2021-04-27;292;125176;;
2021-04-28;311;125487;;
2021-04-29;343;125830;;
2021-04-30;323;126153;;
2021-05-01;262;126415;;
2021-05-02;211;126626;;
2021-05-03;224;126850;;
2021-05-04;238;127088;;
2021-05-05;199;127287;;
2021-05-06;259;127546;;
2021-05-07;279;127825;;
2021-05-08;212;128037;;
2021-05-09;196;128233;;
2021-05-10;189;128422;;
2021-05-11;261;128683;;
2021-05-12;261;128944;;
2021-05-13;291;129235;;
2021-05-14;243;129478;;
2021-05-15;207;129685;;
2021-05-16;186;129871;;
2021-05-17;191;130062;;
2021-05-18;206;130268;;
2021-05-19;263;130531;;
2021-05-20;247;130778;;
2021-05-21;197;130975;;
2021-05-22;181;131156;;
2021-05-23;114;131270;;
2021-05-24;155;131425;;
2021-05-25;164;131589;;
2021-05-26;154;131743;;
2021-05-27;147;131890;;
2021-05-28;142;132032;;
2021-05-29;83;132115;;
2021-05-30;80;132195;;
2021-05-31;83;132278;;
2021-06-01;107;132385;;
2021-06-02;99;132484;;
2021-06-03;84;132568;;
2021-06-04;87;132655;;
2021-06-05;73;132728;;
2021-06-06;49;132777;;
2021-06-07;60;132837;;
2021-06-08;56;132893;;
2021-06-09;42;132935;;
2021-06-10;64;132999;;
2021-06-11;67;133066;;
2021-06-12;51;133117;;
2021-06-13;35;133152;;
2021-06-14;36;133188;;
2021-06-15;62;133250;;
2021-06-16;45;133295;;
2021-06-17;57;133352;;
2021-06-18;50;133402;;
2021-06-19;24;133426;;
2021-06-20;27;133453;;
2021-06-21;28;133481;;
2021-06-22;46;133527;;
2021-06-23;28;133555;;
2021-06-24;27;133582;;
2021-06-25;35;133617;;
2021-06-26;35;133652;;
2021-06-27;13;133665;;
2021-06-28;38;133703;;
2021-06-29;40;133743;;
2021-06-30;26;133769;;
2021-07-01;25;133794;;
2021-07-02;26;133820;;
2021-07-03;23;133843;;
2021-07-04;12;133855;;
2021-07-05;22;133877;;
2021-07-06;30;133907;;
2021-07-07;29;133936;;
2021-07-08;33;133969;;
2021-07-09;25;133994;;
2021-07-10;18;134012;;
2021-07-11;20;134032;;
2021-07-12;27;134059;;
2021-07-13;31;134090;;
2021-07-14;32;134122;;
2021-07-15;40;134162;;
2021-07-16;30;134192;;
2021-07-17;32;134224;;
2021-07-18;35;134259;;
2021-07-19;28;134287;;
2021-07-20;54;134341;;
2021-07-21;53;134394;;
2021-07-22;48;134442;;
2021-07-23;46;134488;;
2021-07-24;33;134521;;
2021-07-25;35;134556;;
2021-07-26;40;134596;;
2021-07-27;52;134648;;
2021-07-28;48;134696;;
2021-07-29;16;134712;;
2021-07-30;106;134818;;
2021-07-31;52;134870;;
2021-08-01;43;134913;;
2021-08-02;54;134967;;
2021-08-03;52;135019;;
2021-08-04;94;135113;;
2021-08-05;103;135216;;
2021-08-06;92;135308;;
2021-08-07;86;135394;;
2021-08-08;69;135463;;
2021-08-09;86;135549;;
2021-08-10;105;135654;;
2021-08-11;152;135806;;
2021-08-12;143;135949;;
2021-08-13;158;136107;;
2021-08-14;142;136249;;
2021-08-15;135;136384;;
2021-08-16;138;136522;;
2021-08-17;148;136670;;
2021-08-18;201;136871;;
2021-08-19;179;137050;;
2021-08-20;208;137258;;
2021-08-21;157;137415;;
2021-08-22;129;137544;;
2021-08-23;161;137705;;
2021-08-24;217;137922;;
2021-08-25;225;138147;;
2021-08-26;247;138394;;
2021-08-27;200;138594;;
2021-08-28;154;138748;;
2021-08-29;133;138881;;
2021-08-30;181;139062;;
2021-08-31;246;139308;;
2021-09-01;274;139582;;
2021-09-02;245;139827;;
2021-09-03;249;140076;;
2021-09-04;204;140280;;
2021-09-05;192;140472;;
2021-09-06;182;140654;;
2021-09-07;203;140857;;
2021-09-08;238;141095;;
2021-09-09;315;141410;;
2021-09-10;286;141696;;
2021-09-11;237;141933;;
2021-09-12;204;142137;;
2021-09-13;234;142371;;
2021-09-14;249;142620;;
2021-09-15;319;142939;;
2021-09-16;284;143223;;
2021-09-17;266;143489;;
2021-09-18;261;143750;;
2021-09-19;213;143963;;
2021-09-20;206;144169;;
2021-09-21;227;144396;;
2021-09-22;252;144648;;
2021-09-23;210;144858;;
2021-09-24;268;145126;;
2021-09-25;210;145336;;
2021-09-26;137;145473;;
2021-09-27;140;145613;;
2021-09-28;188;145801;;
2021-09-29;234;146035;;
2021-09-30;189;146224;;
2021-10-01;149;146373;;
2021-10-02;119;146492;;
2021-10-03;127;146619;;
2021-10-04;119;146738;;
2021-10-05;130;146868;;
2021-10-06;161;147029;;
2021-10-07;175;147204;;
2021-10-08;155;147359;;
2021-10-09;154;147513;;
2021-10-10;91;147604;;
2021-10-11;129;147733;;
2021-10-12;156;147889;;
2021-10-13;147;148036;;
2021-10-14;193;148229;;
2021-10-15;209;148438;;
2021-10-16;141;148579;;
2021-10-17;95;148674;;
2021-10-18;121;148795;;
2021-10-19;119;148914;;
2021-10-20;142;149056;;
2021-10-21;89;149145;;
2021-10-22;120;149265;;
2021-10-23;99;149364;;
2021-10-24;102;149466;;
2021-10-25;103;149569;;
2021-10-26;147;149716;;
2021-10-27;142;149858;;
2021-10-28;168;150026;;
2021-10-29;138;150164;;
2021-10-30;143;150307;;
2021-10-31;141;150448;;
2021-11-01;123;150571;;
2021-11-02;111;150682;;
2021-11-03;164;150846;;
2021-11-04;153;150999;;
2021-11-05;165;151164;;
2021-11-06;204;151368;;
2021-11-07;179;151547;;
2021-11-08;153;151700;;
2021-11-09;234;151934;;
2021-11-10;213;152147;;
2021-11-11;197;152344;;
2021-11-12;188;152532;;
2021-11-13;168;152700;;
2021-11-14;141;152841;;
2021-11-15;134;152975;;
2021-11-16;268;153243;;
2021-11-17;239;153482;;
2021-11-18;190;153672;;
2021-11-19;256;153928;;
2021-11-20;206;154134;;
2021-11-21;216;154350;;
2021-11-22;179;154529;;
2021-11-23;237;154766;;
2021-11-24;302;155068;;
2021-11-25;302;155370;;
2021-11-26;244;155614;;
2021-11-27;219;155833;;
2021-11-28;224;156057;;
2021-11-29;291;156348;;
2021-11-30;341;156689;;
2021-12-01;385;157074;;
2021-12-02;409;157483;;
2021-12-03;383;157866;;
2021-12-04;389;158255;;
2021-12-05;342;158597;;
2021-12-06;345;158942;;
2021-12-07;403;159345;;
2021-12-08;498;159843;;
2021-12-09;560;160403;;
2021-12-10;545;160948;;
2021-12-11;448;161396;;
2021-12-12;415;161811;;
2021-12-13;726;162537;;
2021-12-14;916;163453;;
2021-12-15;973;164426;;
2021-12-16;1147;165573;;
2021-12-17;1165;166738;;
2021-12-18;1611;168349;;
2021-12-19;1413;169762;;
2021-12-20;2027;171789;;
2021-12-21;2439;174228;;
2021-12-22;3339;177567;;
2021-12-23;3348;180915;;
2021-12-24;3398;184313;;
2021-12-25;3064;187377;;
2021-12-26;3003;190380;;
2021-12-27;3958;194338;;
2021-12-28;4680;199018;;
2021-12-29;4629;203647;;
2021-12-30;4464;208111;;
2021-12-31;4025;212136;;
2022-01-01;3692;215828;;
2022-01-02;3881;219709;;
2022-01-03;3660;223369;;
2022-01-04;4488;227857;;
2022-01-05;4479;232336;;
2022-01-06;3829;236165;;
2022-01-07;3219;239384;;
2022-01-08;2524;241908;;
2022-01-09;3263;245171;;
2022-01-10;3287;248458;;
2022-01-11;2183;250641;;
2022-01-12;2038;252679;;
2022-01-13;1947;254626;;
2022-01-14;1747;256373;;
2022-01-15;1327;257700;;
2022-01-16;1170;258870;;
2022-01-17;974;259844;;
2022-01-18;1453;261297;;
2022-01-19;1206;262503;;
2022-01-20;1136;263639;;
2022-01-21;1045;264684;;
2022-01-22;648;265332;;
2022-01-23;519;265851;;
2022-01-24;800;266651;;
2022-01-25;760;267411;;
2022-01-26;776;268187;;
2022-01-27;612;268799;;
2022-01-28;599;269398;;
2022-01-29;569;269967;;
2022-01-30;382;270349;;
2022-01-31;580;270929;;
2022-02-01;684;271613;;
2022-02-02;747;272360;;
2022-02-03;619;272979;;
2022-02-04;524;273503;;
2022-02-05;342;273845;;
2022-02-06;332;274177;;
2022-02-07;611;274788;;
2022-02-08;544;275332;;
2022-02-09;455;275787;;
2022-02-10;481;276268;;
2022-02-11;528;276796;;
2022-02-12;238;277034;;
2022-02-13;248;277282;;
2022-02-14;376;277658;;
2022-02-15;338;277996;;
2022-02-16;315;278311;;
2022-02-17;309;278620;;
2022-02-18;222;278842;;
2022-02-19;172;279014;;
2022-02-20;130;279144;;
2022-02-21;129;279273;;
;;;;
;;;;
;;;;
;;;;
;;;;
;;;;
;;;;
;;;;
;;;;
;;;;
;;;;
;;;;
;;;;
;;;;
;;;;
;;;;
;;;;
;;;;
;;;;
;;;;
;;;;
;;;;
;;;;
;;;;
;;;;
;;;;
;;;;
;;;;
;;;;
;;;;
;;;;
;;;;
;;;;
;;;;
;;;;
;;;;
;;;;
;;;;
;;;;
;;;;
;;;;
;;;;
;;;;
;;;;
;;;;
;;;;
;;;;
;;;;
;;;;
;;;;
;;;;
;;;;
;;;;
;;;;
;;;;
;;;;
;;;;
;;;;
;;;;
;;;;
;;;;
;;;;
;;;;
;;;;
;;;;
;;;;
;;;;
;;;;
;;;;
;;;;
;;;;
;;;;
;;;;
;;;;
;;;;
;;;;
;;;;
;;;;
;;;;
;;;;
;;;;
;;;;
;;;;
;;;;
;;;;
;;;;
;;;;
;;;;
;;;;
;;;;
;;;;
;;;;
;;;;
;;;;
;;;;
;;;;
;;;;
;;;;
;;;;
