Date;Nouveaux cas;Cumulatif de cas;
2020-02-25;1;1;
2020-02-26;0;1;
2020-02-27;0;1;
2020-02-28;0;1;
2020-02-29;0;1;
2020-03-01;1;2;
2020-03-02;2;4;
2020-03-03;0;4;
2020-03-04;0;4;
2020-03-05;0;4;
2020-03-06;0;4;
2020-03-07;0;4;
2020-03-08;1;5;
2020-03-09;1;6;
2020-03-10;2;8;
2020-03-11;3;11;
2020-03-12;3;14;
2020-03-13;2;16;
2020-03-14;5;21;
2020-03-15;6;27;
2020-03-16;5;32;
2020-03-17;7;39;
2020-03-18;6;45;
2020-03-19;35;80;
2020-03-20;49;129;
2020-03-21;91;220;
2020-03-22;88;308;
2020-03-23;132;440;
2020-03-24;145;585;
2020-03-25;184;769;
2020-03-26;179;948;
2020-03-27;239;1187;
2020-03-28;198;1385;
2020-03-29;258;1643;
2020-03-30;264;1907;
2020-03-31;329;2236;
2020-04-01;303;2539;
2020-04-02;407;2946;
2020-04-03;346;3292;
2020-04-04;340;3632;
2020-04-05;258;3890;
2020-04-06;455;4345;
2020-04-07;421;4766;
2020-04-08;372;5138;
2020-04-09;350;5488;
2020-04-10;305;5793;
2020-04-11;261;6054;
2020-04-12;327;6381;
2020-04-13;542;6923;
2020-04-14;468;7391;
2020-04-15;609;8000;
2020-04-16;496;8496;
2020-04-17;568;9064;
2020-04-18;330;9394;
2020-04-19;427;9821;
2020-04-20;480;10301;
2020-04-21;456;10757;
2020-04-22;530;11287;
2020-04-23;523;11810;
2020-04-24;491;12301;
2020-04-25;312;12613;
2020-04-26;282;12895;
2020-04-27;461;13356;
2020-04-28;470;13826;
2020-04-29;517;14343;
2020-04-30;587;14930;
2020-05-01;613;15543;
2020-05-02;525;16068;
2020-05-03;343;16411;
2020-05-04;419;16830;
2020-05-05;466;17296;
2020-05-06;566;17862;
2020-05-07;428;18290;
2020-05-08;427;18717;
2020-05-09;310;19027;
2020-05-10;297;19324;
2020-05-11;362;19686;
2020-05-12;426;20112;
2020-05-13;398;20510;
2020-05-14;352;20862;
2020-05-15;341;21203;
2020-05-16;271;21474;
2020-05-17;341;21815;
2020-05-18;330;22145;
2020-05-19;319;22464;
2020-05-20;405;22869;
2020-05-21;376;23245;
2020-05-22;256;23501;
2020-05-23;216;23717;
2020-05-24;216;23933;
2020-05-25;203;24136;
2020-05-26;238;24374;
2020-05-27;252;24626;
2020-05-28;193;24819;
2020-05-29;192;25011;
2020-05-30;204;25215;
2020-05-31;140;25355;
2020-06-01;155;25510;
2020-06-02;97;25607;
2020-06-03;114;25721;
2020-06-04;125;25846;
2020-06-05;109;25955;
2020-06-06;105;26060;
2020-06-07;75;26135;
2020-06-08;51;26186;
2020-06-09;78;26264;
2020-06-10;67;26331;
2020-06-11;66;26397;
2020-06-12;71;26468;
2020-06-13;64;26532;
2020-06-14;28;26560;
2020-06-15;56;26616;
2020-06-16;74;26690;
2020-06-17;53;26743;
2020-06-18;48;26791;
2020-06-19;64;26855;
2020-06-20;33;26888;
2020-06-21;27;26915;
2020-06-22;41;26956;
2020-06-23;39;26995;
2020-06-24;29;27024;
2020-06-25;45;27069;
2020-06-26;42;27111;
2020-06-27;30;27141;
2020-06-28;18;27159;
2020-06-29;16;27175;
2020-06-30;39;27214;
2020-07-01;23;27237;
2020-07-02;16;27253;
2020-07-03;17;27270;
2020-07-04;16;27286;
2020-07-05;7;27293;
2020-07-06;16;27309;
2020-07-07;21;27330;
2020-07-08;33;27363;
2020-07-09;52;27415;
2020-07-10;48;27463;
2020-07-11;22;27485;
2020-07-12;13;27498;
2020-07-13;75;27573;
2020-07-14;64;27637;
2020-07-15;69;27706;
2020-07-16;66;27772;
2020-07-17;99;27871;
2020-07-18;97;27968;
2020-07-19;55;28023;
2020-07-20;37;28060;
2020-07-21;61;28121;
2020-07-22;78;28199;
2020-07-23;94;28293;
2020-07-24;69;28362;
2020-07-25;34;28396;
2020-07-26;52;28448;
2020-07-27;33;28481;
2020-07-28;36;28517;
2020-07-29;68;28585;
2020-07-30;58;28643;
2020-07-31;56;28699;
2020-08-01;49;28748;
2020-08-02;31;28779;
2020-08-03;45;28824;
2020-08-04;65;28889;
2020-08-05;46;28935;
2020-08-06;21;28956;
2020-08-07;45;29001;
2020-08-08;35;29036;
2020-08-09;37;29073;
2020-08-10;34;29107;
2020-08-11;36;29143;
2020-08-12;35;29178;
2020-08-13;38;29216;
2020-08-14;29;29245;
2020-08-15;14;29259;
2020-08-16;12;29271;
2020-08-17;17;29288;
2020-08-18;17;29305;
2020-08-19;22;29327;
2020-08-20;34;29361;
2020-08-21;32;29393;
2020-08-22;19;29412;
2020-08-23;21;29433;
2020-08-24;8;29441;
2020-08-25;29;29470;
2020-08-26;41;29511;
2020-08-27;43;29554;
2020-08-28;25;29579;
2020-08-29;54;29633;
2020-08-30;14;29647;
2020-08-31;32;29679;
2020-09-01;36;29715;
2020-09-02;35;29750;
2020-09-03;72;29822;
2020-09-04;49;29871;
2020-09-05;63;29934;
2020-09-06;57;29991;
2020-09-07;50;30041;
2020-09-08;71;30112;
2020-09-09;69;30181;
2020-09-10;90;30271;
2020-09-11;107;30378;
2020-09-12;71;30449;
2020-09-13;97;30546;
2020-09-14;71;30617;
2020-09-15;92;30709;
2020-09-16;78;30787;
2020-09-17;70;30857;
2020-09-18;197;31054;
2020-09-19;141;31195;
2020-09-20;200;31395;
2020-09-21;138;31533;
2020-09-22;168;31701;
2020-09-23;253;31954;
2020-09-24;231;32185;
2020-09-25;286;32471;
2020-09-26;352;32823;
2020-09-27;273;33096;
2020-09-28;280;33376;
2020-09-29;355;33731;
2020-09-30;316;34047;
2020-10-01;311;34358;
2020-10-02;415;34773;
2020-10-03;364;35137;
2020-10-04;298;35435;
2020-10-05;277;35712;
2020-10-06;254;35966;
2020-10-07;300;36266;
2020-10-08;345;36611;
2020-10-09;282;36893;
2020-10-10;192;37085;
2020-10-11;323;37408;
2020-10-12;265;37673;
2020-10-13;198;37871;
2020-10-14;268;38139;
2020-10-15;254;38393;
2020-10-16;259;38652;
2020-10-17;268;38920;
2020-10-18;189;39109;
2020-10-19;239;39348;
2020-10-20;254;39602;
2020-10-21;284;39886;
2020-10-22;220;40106;
2020-10-23;240;40346;
2020-10-24;166;40512;
2020-10-25;215;40727;
2020-10-26;354;41081;
2020-10-27;241;41322;
2020-10-28;210;41532;
2020-10-29;216;41748;
2020-10-30;194;41942;
2020-10-31;234;42542;
2020-11-01;234;42778;
2020-11-02;192;42602;
2020-11-03;237;42839;
2020-11-04;241;43080;
2020-11-05;322;43402;
2020-11-06;261;43663;
2020-11-07;270;43933;
2020-11-08;271;44204;
2020-11-09;266;44470;
2020-11-10;318;44788;
2020-11-11;344;45132;
2020-11-12;282;45414;
2020-11-13;325;45739;
2020-11-14;301;46040;
2020-11-15;274;46314;
2020-11-16;305;46619;
2020-11-17;238;46857;
2020-11-18;230;47087;
2020-11-19;280;47367;
2020-11-20;250;47617;
2020-11-21;260;47877;
2020-11-22;296;48173;
2020-11-23;276;48449;
2020-11-24;242;48691;
2020-11-25;296;48987;
2020-11-26;345;49332;
2020-11-27;415;49747;
2020-11-28;445;50192;
2020-11-29;362;50554;
2020-11-30;335;50889;
2020-12-01;413;51302;
2020-12-02;456;51758;
2020-12-03;445;52203;
2020-12-04;495;52698;
2020-12-05;513;53211;
2020-12-06;480;53691;
2020-12-07;461;54152;
2020-12-08;523;54675;
2020-12-09;577;55252;
2020-12-10;544;55796;
2020-12-11;635;56431;
2020-12-12;721;57152;
2020-12-13;561;57713;
2020-12-14;668;58381;
2020-12-15;552;58933;
2020-12-16;693;59626;
2020-12-17;926;60552;
2020-12-18;802;61354;
2020-12-19;689;62043;
2020-12-20;644;62687;
2020-12-21;745;63432;
2020-12-22;751;64183;
2020-12-23;693;64876;
2020-12-24;867;65743;
2020-12-25;933;66676;
2020-12-26;743;67419;
2020-12-27;796;68215;
2020-12-28;835;69050;
2020-12-29;996;70046;
2020-12-30;923;70969;
2020-12-31;740;71709;
2021-01-01;1210;72919;
2021-01-02;923;73842;
2021-01-03;785;74627;
2021-01-04;765;75392;
2021-01-05;814;76206;
2021-01-06;1083;77289;
2021-01-07;1270;78559;
2021-01-08;1033;79592;
2021-01-09;815;80407;
2021-01-10;775;81182;
2021-01-11;556;81738;
2021-01-12;852;82590;
2021-01-13;726;83316;
2021-01-14;809;84125;
2021-01-15;711;84836;
2021-01-16;875;85711;
2021-01-17;577;86288;
2021-01-18;462;86750;
2021-01-19;628;87378;
2021-01-20;666;88044;
2021-01-21;758;88802;
2021-01-22;601;89403;
2021-01-23;556;89959;
2021-01-24;423;90382;
2021-01-25;498;90880;
2021-01-26;586;91466;
2021-01-27;452;91918;
2021-01-28;566;92484;
2021-01-29;492;92976;
2021-01-30;545;93521;
2021-01-31;385;93906;
2021-02-01;466;94372;
2021-02-02;554;94926;
2021-02-03;480;95406;
2021-02-04;520;95926;
2021-02-05;543;96469;
2021-02-06;507;96976;
2021-02-07;405;97381;
2021-02-08;328;97709;
2021-02-09;445;98154;
2021-02-10;549;98703;
2021-02-11;471;99174;
2021-02-12;472;99646;
2021-02-13;336;99982;
2021-02-14;348;100330;
2021-02-15;317;100647;
2021-02-16;407;101054;
2021-02-17;326;101380;
2021-02-18;371;101751;
2021-02-19;394;102145;
2021-02-20;380;102525;
2021-02-21;399;102924;
2021-02-22;255;103179;
2021-02-23;418;103597;
2021-02-24;407;104004;
2021-02-25;381;104385;
2021-02-26;394;104779;
2021-02-27;317;105096;
2021-02-28;247;105343;
2021-03-01;254;105597;
2021-03-02;387;105984;
2021-03-03;300;106284;
2021-03-04;374;106658;
2021-03-05;279;106937;
2021-03-06;398;107335;
2021-03-07;265;107600;
2021-03-08;259;107859;
2021-03-09;388;108247;
2021-03-10;313;108560;
2021-03-11;364;108924;
2021-03-12;387;109311;
2021-03-13;278;109589;
2021-03-14;265;109854;
2021-03-15;245;110099;
2021-03-16;334;110433;
2021-03-17;312;110745;
2021-03-18;351;111096;
2021-03-19;316;111412;
2021-03-20;265;111677;
2021-03-21;306;111983;
2021-03-22;228;112211;
2021-03-23;333;112544;
2021-03-24;368;112912;
2021-03-25;354;113266;
2021-03-26;360;113626;
2021-03-27;307;113933;
2021-03-28;256;114189;
2021-03-29;302;114491;
2021-03-30;374;114865;
2021-03-31;394;115259;
2021-04-01;358;115617;
2021-04-02;384;116001;
2021-04-03;350;116351;
2021-04-04;297;116648;
2021-04-05;291;116939;
2021-04-06;306;117245;
2021-04-07;404;117649;
2021-04-08;395;118044;
2021-04-09;515;118559;
2021-04-10;298;118857;
2021-04-11;376;119233;
2021-04-12;263;119496;
2021-04-13;375;119871;
2021-04-14;354;120225;
2021-04-15;432;120657;
2021-04-16;366;121023;
2021-04-17;352;121375;
2021-04-18;219;121594;
2021-04-19;252;121846;
2021-04-20;276;122122;
2021-04-21;311;122433;
2021-04-22;316;122749;
2021-04-23;228;122977;
2021-04-24;341;123318;
2021-04-25;200;123518;
2021-04-26;244;123762;
2021-04-27;292;124054;
2021-04-28;312;124366;
2021-04-29;344;124710;
2021-04-30;324;125034;
2021-05-01;264;125298;
2021-05-02;211;125509;
2021-05-03;229;125738;
2021-05-04;238;125976;
2021-05-05;202;126178;
2021-05-06;260;126438;
2021-05-07;279;126717;
2021-05-08;213;126930;
2021-05-09;198;127128;
2021-05-10;188;127316;
2021-05-11;263;127579;
2021-05-12;261;127840;
2021-05-13;290;128130;
2021-05-14;246;128376;
2021-05-15;207;128583;
2021-05-16;190;128773;
2021-05-17;193;128966;
2021-05-18;209;129175;
2021-05-19;265;129440;
2021-05-20;248;129688;
2021-05-21;198;129886;
2021-05-22;183;130069;
2021-05-23;116;130185;
2021-05-24;156;130341;
2021-05-25;164;130505;
2021-05-26;157;130662;
2021-05-27;148;130810;
2021-05-28;143;130953;
2021-05-29;85;131038;
2021-05-30;81;131119;
2021-05-31;85;131204;
2021-06-01;108;131312;
2021-06-02;100;131412;
2021-06-03;87;131499;
2021-06-04;88;131587;
2021-06-05;75;131662;
2021-06-06;49;131711;
2021-06-07;23;131734;
;;;
;;;
;;;
;;;
;;;
;;;
;;;
;;;
;;;
;;;
;;;
;;;
;;;
;;;
;;;
;;;
;;;
;;;
;;;
;;;
;;;
;;;
;;;
;;;
;;;
;;;
;;;
;;;
;;;
;;;
;;;
;;;
;;;
;;;
;;;
;;;
;;;
;;;
;;;
;;;
;;;
;;;
;;;
;;;
;;;
;;;
;;;
;;;
;;;
;;;
;;;
;;;
;;;
;;;
;;;
;;;
;;;
;;;
