Date;Nouveaux cas;Cumulatif de cas;
2020-02-25;1;1;
2020-02-26;0;1;
2020-02-27;0;1;
2020-02-28;0;1;
2020-02-29;0;1;
2020-03-01;1;2;
2020-03-02;2;4;
2020-03-03;0;4;
2020-03-04;0;4;
2020-03-05;0;4;
2020-03-06;0;4;
2020-03-07;0;4;
2020-03-08;1;5;
2020-03-09;1;6;
2020-03-10;2;8;
2020-03-11;3;11;
2020-03-12;3;14;
2020-03-13;2;16;
2020-03-14;5;21;
2020-03-15;6;27;
2020-03-16;5;32;
2020-03-17;7;39;
2020-03-18;6;45;
2020-03-19;35;80;
2020-03-20;49;129;
2020-03-21;91;220;
2020-03-22;88;308;
2020-03-23;132;440;
2020-03-24;145;585;
2020-03-25;184;769;
2020-03-26;179;948;
2020-03-27;239;1187;
2020-03-28;198;1385;
2020-03-29;258;1643;
2020-03-30;264;1907;
2020-03-31;329;2236;
2020-04-01;303;2539;
2020-04-02;408;2947;
2020-04-03;347;3294;
2020-04-04;340;3634;
2020-04-05;258;3892;
2020-04-06;455;4347;
2020-04-07;421;4768;
2020-04-08;372;5140;
2020-04-09;350;5490;
2020-04-10;305;5795;
2020-04-11;261;6056;
2020-04-12;327;6383;
2020-04-13;542;6925;
2020-04-14;468;7393;
2020-04-15;612;8005;
2020-04-16;496;8501;
2020-04-17;568;9069;
2020-04-18;330;9399;
2020-04-19;428;9827;
2020-04-20;480;10307;
2020-04-21;456;10763;
2020-04-22;529;11292;
2020-04-23;526;11818;
2020-04-24;491;12309;
2020-04-25;312;12621;
2020-04-26;282;12903;
2020-04-27;461;13364;
2020-04-28;470;13834;
2020-04-29;517;14351;
2020-04-30;587;14938;
2020-05-01;613;15551;
2020-05-02;525;16076;
2020-05-03;344;16420;
2020-05-04;419;16839;
2020-05-05;466;17305;
2020-05-06;568;17873;
2020-05-07;429;18302;
2020-05-08;427;18729;
2020-05-09;311;19040;
2020-05-10;297;19337;
2020-05-11;362;19699;
2020-05-12;426;20125;
2020-05-13;399;20524;
2020-05-14;353;20877;
2020-05-15;343;21220;
2020-05-16;271;21491;
2020-05-17;341;21832;
2020-05-18;330;22162;
2020-05-19;319;22481;
2020-05-20;405;22886;
2020-05-21;376;23262;
2020-05-22;256;23518;
2020-05-23;216;23734;
2020-05-24;216;23950;
2020-05-25;203;24153;
2020-05-26;239;24392;
2020-05-27;252;24644;
2020-05-28;193;24837;
2020-05-29;192;25029;
2020-05-30;205;25234;
2020-05-31;140;25374;
2020-06-01;155;25529;
2020-06-02;97;25626;
2020-06-03;114;25740;
2020-06-04;125;25865;
2020-06-05;109;25974;
2020-06-06;105;26079;
2020-06-07;75;26154;
2020-06-08;51;26205;
2020-06-09;78;26283;
2020-06-10;67;26350;
2020-06-11;66;26416;
2020-06-12;71;26487;
2020-06-13;66;26553;
2020-06-14;28;26581;
2020-06-15;56;26637;
2020-06-16;74;26711;
2020-06-17;53;26764;
2020-06-18;48;26812;
2020-06-19;64;26876;
2020-06-20;33;26909;
2020-06-21;27;26936;
2020-06-22;41;26977;
2020-06-23;40;27017;
2020-06-24;29;27046;
2020-06-25;45;27091;
2020-06-26;42;27133;
2020-06-27;30;27163;
2020-06-28;18;27181;
2020-06-29;16;27197;
2020-06-30;39;27236;
2020-07-01;23;27259;
2020-07-02;16;27275;
2020-07-03;17;27292;
2020-07-04;16;27308;
2020-07-05;7;27315;
2020-07-06;16;27331;
2020-07-07;21;27352;
2020-07-08;33;27385;
2020-07-09;52;27437;
2020-07-10;48;27485;
2020-07-11;22;27507;
2020-07-12;13;27520;
2020-07-13;75;27595;
2020-07-14;64;27659;
2020-07-15;69;27728;
2020-07-16;66;27794;
2020-07-17;99;27893;
2020-07-18;97;27990;
2020-07-19;55;28045;
2020-07-20;37;28082;
2020-07-21;61;28143;
2020-07-22;78;28221;
2020-07-23;94;28315;
2020-07-24;69;28384;
2020-07-25;34;28418;
2020-07-26;52;28470;
2020-07-27;33;28503;
2020-07-28;36;28539;
2020-07-29;68;28607;
2020-07-30;58;28665;
2020-07-31;57;28722;
2020-08-01;50;28772;
2020-08-02;31;28803;
2020-08-03;45;28848;
2020-08-04;65;28913;
2020-08-05;46;28959;
2020-08-06;21;28980;
2020-08-07;46;29026;
2020-08-08;35;29061;
2020-08-09;37;29098;
2020-08-10;34;29132;
2020-08-11;36;29168;
2020-08-12;35;29203;
2020-08-13;38;29241;
2020-08-14;29;29270;
2020-08-15;14;29284;
2020-08-16;12;29296;
2020-08-17;17;29313;
2020-08-18;17;29330;
2020-08-19;22;29352;
2020-08-20;34;29386;
2020-08-21;32;29418;
2020-08-22;19;29437;
2020-08-23;21;29458;
2020-08-24;8;29466;
2020-08-25;29;29495;
2020-08-26;41;29536;
2020-08-27;43;29579;
2020-08-28;25;29604;
2020-08-29;54;29658;
2020-08-30;14;29672;
2020-08-31;32;29704;
2020-09-01;36;29740;
2020-09-02;36;29776;
2020-09-03;72;29848;
2020-09-04;49;29897;
2020-09-05;63;29960;
2020-09-06;57;30017;
2020-09-07;50;30067;
2020-09-08;71;30138;
2020-09-09;69;30207;
2020-09-10;90;30297;
2020-09-11;107;30404;
2020-09-12;71;30475;
2020-09-13;97;30572;
2020-09-14;71;30643;
2020-09-15;92;30735;
2020-09-16;79;30814;
2020-09-17;70;30884;
2020-09-18;197;31081;
2020-09-19;141;31222;
2020-09-20;200;31422;
2020-09-21;139;31561;
2020-09-22;168;31729;
2020-09-23;254;31983;
2020-09-24;234;32217;
2020-09-25;286;32503;
2020-09-26;352;32855;
2020-09-27;273;33128;
2020-09-28;281;33409;
2020-09-29;355;33764;
2020-09-30;316;34080;
2020-10-01;311;34391;
2020-10-02;416;34807;
2020-10-03;365;35172;
2020-10-04;298;35470;
2020-10-05;277;35747;
2020-10-06;254;36001;
2020-10-07;301;36302;
2020-10-08;346;36648;
2020-10-09;283;36931;
2020-10-10;193;37124;
2020-10-11;325;37449;
2020-10-12;267;37716;
2020-10-13;200;37916;
2020-10-14;269;38185;
2020-10-15;254;38439;
2020-10-16;262;38701;
2020-10-17;270;38971;
2020-10-18;190;39161;
2020-10-19;241;39402;
2020-10-20;254;39656;
2020-10-21;288;39944;
2020-10-22;221;40165;
2020-10-23;243;40408;
2020-10-24;166;40574;
2020-10-25;219;40793;
2020-10-26;355;41148;
2020-10-27;242;41390;
2020-10-28;211;41601;
2020-10-29;217;41818;
2020-10-30;195;42013;
2020-10-31;236;42542;
2020-11-01;234;42778;
2020-11-02;193;42676;
2020-11-03;239;42915;
2020-11-04;241;43156;
2020-11-05;324;43480;
2020-11-06;263;43743;
2020-11-07;270;44013;
2020-11-08;273;44286;
2020-11-09;267;44553;
2020-11-10;319;44872;
2020-11-11;345;45217;
2020-11-12;282;45499;
2020-11-13;327;45826;
2020-11-14;302;46128;
2020-11-15;275;46403;
2020-11-16;304;46707;
2020-11-17;238;46945;
2020-11-18;229;47174;
2020-11-19;281;47455;
2020-11-20;252;47707;
2020-11-21;260;47967;
2020-11-22;297;48264;
2020-11-23;276;48540;
2020-11-24;243;48783;
2020-11-25;298;49081;
2020-11-26;345;49426;
2020-11-27;413;49839;
2020-11-28;444;50283;
2020-11-29;363;50646;
2020-11-30;335;50981;
2020-12-01;414;51395;
2020-12-02;457;51852;
2020-12-03;445;52297;
2020-12-04;496;52793;
2020-12-05;518;53311;
2020-12-06;483;53794;
2020-12-07;461;54255;
2020-12-08;524;54779;
2020-12-09;580;55359;
2020-12-10;542;55901;
2020-12-11;639;56540;
2020-12-12;727;57267;
2020-12-13;563;57830;
2020-12-14;672;58502;
2020-12-15;554;59056;
2020-12-16;696;59752;
2020-12-17;928;60680;
2020-12-18;806;61486;
2020-12-19;691;62177;
2020-12-20;647;62824;
2020-12-21;748;63572;
2020-12-22;755;64327;
2020-12-23;698;65025;
2020-12-24;867;65892;
2020-12-25;938;66830;
2020-12-26;748;67578;
2020-12-27;801;68379;
2020-12-28;835;69214;
2020-12-29;997;70211;
2020-12-30;928;71139;
2020-12-31;741;71880;
2021-01-01;1218;73098;
2021-01-02;924;74022;
2021-01-03;789;74811;
2021-01-04;767;75578;
2021-01-05;817;76395;
2021-01-06;1085;77480;
2021-01-07;1273;78753;
2021-01-08;1040;79793;
2021-01-09;818;80611;
2021-01-10;776;81387;
2021-01-11;558;81945;
2021-01-12;858;82803;
2021-01-13;728;83531;
2021-01-14;811;84342;
2021-01-15;713;85055;
2021-01-16;876;85931;
2021-01-17;579;86510;
2021-01-18;463;86973;
2021-01-19;630;87603;
2021-01-20;666;88269;
2021-01-21;761;89030;
2021-01-22;606;89636;
2021-01-23;559;90195;
2021-01-24;424;90619;
2021-01-25;501;91120;
2021-01-26;590;91710;
2021-01-27;454;92164;
2021-01-28;573;92737;
2021-01-29;495;93232;
2021-01-30;551;93783;
2021-01-31;388;94171;
2021-02-01;468;94639;
2021-02-02;557;95196;
2021-02-03;481;95677;
2021-02-04;522;96199;
2021-02-05;545;96744;
2021-02-06;509;97253;
2021-02-07;407;97660;
2021-02-08;329;97989;
2021-02-09;449;98438;
2021-02-10;551;98989;
2021-02-11;473;99462;
2021-02-12;476;99938;
2021-02-13;338;100276;
2021-02-14;349;100625;
2021-02-15;318;100943;
2021-02-16;409;101352;
2021-02-17;327;101679;
2021-02-18;372;102051;
2021-02-19;395;102446;
2021-02-20;384;102830;
2021-02-21;401;103231;
2021-02-22;256;103487;
2021-02-23;419;103906;
2021-02-24;408;104314;
2021-02-25;387;104701;
2021-02-26;396;105097;
2021-02-27;320;105417;
2021-02-28;248;105665;
2021-03-01;257;105922;
2021-03-02;390;106312;
2021-03-03;303;106615;
2021-03-04;376;106991;
2021-03-05;280;107271;
2021-03-06;399;107670;
2021-03-07;266;107936;
2021-03-08;260;108196;
2021-03-09;390;108586;
2021-03-10;315;108901;
2021-03-11;364;109265;
2021-03-12;387;109652;
2021-03-13;279;109931;
2021-03-14;266;110197;
2021-03-15;245;110442;
2021-03-16;335;110777;
2021-03-17;312;111089;
2021-03-18;352;111441;
2021-03-19;319;111760;
2021-03-20;266;112026;
2021-03-21;308;112334;
2021-03-22;228;112562;
2021-03-23;335;112897;
2021-03-24;369;113266;
2021-03-25;354;113620;
2021-03-26;360;113980;
2021-03-27;307;114287;
2021-03-28;258;114545;
2021-03-29;304;114849;
2021-03-30;375;115224;
2021-03-31;398;115622;
2021-04-01;359;115981;
2021-04-02;385;116366;
2021-04-03;355;116721;
2021-04-04;299;117020;
2021-04-05;294;117314;
2021-04-06;309;117623;
2021-04-07;404;118027;
2021-04-08;395;118422;
2021-04-09;515;118937;
2021-04-10;298;119235;
2021-04-11;377;119612;
2021-04-12;264;119876;
2021-04-13;375;120251;
2021-04-14;354;120605;
2021-04-15;432;121037;
2021-04-16;367;121404;
2021-04-17;352;121756;
2021-04-18;219;121975;
2021-04-19;253;122228;
2021-04-20;276;122504;
2021-04-21;311;122815;
2021-04-22;316;123131;
2021-04-23;228;123359;
2021-04-24;340;123699;
2021-04-25;201;123900;
2021-04-26;245;124145;
2021-04-27;291;124436;
2021-04-28;312;124748;
2021-04-29;344;125092;
2021-04-30;325;125417;
2021-05-01;264;125681;
2021-05-02;211;125892;
2021-05-03;229;126121;
2021-05-04;238;126359;
2021-05-05;202;126561;
2021-05-06;261;126822;
2021-05-07;281;127103;
2021-05-08;212;127315;
2021-05-09;198;127513;
2021-05-10;188;127701;
2021-05-11;263;127964;
2021-05-12;261;128225;
2021-05-13;289;128514;
2021-05-14;245;128759;
2021-05-15;209;128968;
2021-05-16;103;129071;
;;;
;;;
;;;
;;;
;;;
;;;
;;;
;;;
;;;
;;;
;;;
;;;
;;;
;;;
;;;
;;;
;;;
;;;
;;;
;;;
;;;
;;;
;;;
;;;
;;;
;;;
;;;
;;;
;;;
;;;
;;;
;;;
;;;
;;;
;;;
;;;
;;;
;;;
;;;
;;;
;;;
;;;
;;;
;;;
;;;
;;;
;;;
;;;
;;;
;;;
;;;
;;;
;;;
;;;
;;;
;;;
;;;
;;;
;;;
;;;
;;;
;;;
;;;
;;;
;;;
;;;
;;;
;;;
;;;
;;;
;;;
;;;
;;;
;;;
;;;
;;;
;;;
;;;
;;;
;;;
