Date;Nouveaux cas;Cumulatif de cas;;
2020-02-25;1;1;;
2020-02-26;0;1;;
2020-02-27;0;1;;
2020-02-28;0;1;;
2020-02-29;0;1;;
2020-03-01;0;1;;
2020-03-02;2;3;;
2020-03-03;0;3;;
2020-03-04;0;3;;
2020-03-05;0;3;;
2020-03-06;0;3;;
2020-03-07;0;3;;
2020-03-08;1;4;;
2020-03-09;1;5;;
2020-03-10;2;7;;
2020-03-11;3;10;;
2020-03-12;3;13;;
2020-03-13;2;15;;
2020-03-14;5;20;;
2020-03-15;6;26;;
2020-03-16;5;31;;
2020-03-17;7;38;;
2020-03-18;6;44;;
2020-03-19;36;80;;
2020-03-20;49;129;;
2020-03-21;90;219;;
2020-03-22;90;309;;
2020-03-23;133;442;;
2020-03-24;145;587;;
2020-03-25;187;774;;
2020-03-26;180;954;;
2020-03-27;243;1197;;
2020-03-28;200;1397;;
2020-03-29;259;1656;;
2020-03-30;266;1922;;
2020-03-31;331;2253;;
2020-04-01;305;2558;;
2020-04-02;408;2966;;
2020-04-03;348;3314;;
2020-04-04;339;3653;;
2020-04-05;261;3914;;
2020-04-06;456;4370;;
2020-04-07;423;4793;;
2020-04-08;375;5168;;
2020-04-09;350;5518;;
2020-04-10;305;5823;;
2020-04-11;264;6087;;
2020-04-12;330;6417;;
2020-04-13;544;6961;;
2020-04-14;469;7430;;
2020-04-15;613;8043;;
2020-04-16;497;8540;;
2020-04-17;571;9111;;
2020-04-18;330;9441;;
2020-04-19;432;9873;;
2020-04-20;482;10355;;
2020-04-21;461;10816;;
2020-04-22;536;11352;;
2020-04-23;531;11883;;
2020-04-24;495;12378;;
2020-04-25;318;12696;;
2020-04-26;287;12983;;
2020-04-27;462;13445;;
2020-04-28;475;13920;;
2020-04-29;523;14443;;
2020-04-30;587;15030;;
2020-05-01;622;15652;;
2020-05-02;526;16178;;
2020-05-03;345;16523;;
2020-05-04;422;16945;;
2020-05-05;470;17415;;
2020-05-06;568;17983;;
2020-05-07;431;18414;;
2020-05-08;433;18847;;
2020-05-09;314;19161;;
2020-05-10;300;19461;;
2020-05-11;363;19824;;
2020-05-12;431;20255;;
2020-05-13;402;20657;;
2020-05-14;354;21011;;
2020-05-15;346;21357;;
2020-05-16;272;21629;;
2020-05-17;336;21965;;
2020-05-18;332;22297;;
2020-05-19;316;22613;;
2020-05-20;408;23021;;
2020-05-21;380;23401;;
2020-05-22;255;23656;;
2020-05-23;218;23874;;
2020-05-24;215;24089;;
2020-05-25;207;24296;;
2020-05-26;240;24536;;
2020-05-27;254;24790;;
2020-05-28;194;24984;;
2020-05-29;194;25178;;
2020-05-30;206;25384;;
2020-05-31;140;25524;;
2020-06-01;159;25683;;
2020-06-02;97;25780;;
2020-06-03;115;25895;;
2020-06-04;129;26024;;
2020-06-05;108;26132;;
2020-06-06;104;26236;;
2020-06-07;76;26312;;
2020-06-08;51;26363;;
2020-06-09;80;26443;;
2020-06-10;66;26509;;
2020-06-11;66;26575;;
2020-06-12;72;26647;;
2020-06-13;67;26714;;
2020-06-14;28;26742;;
2020-06-15;57;26799;;
2020-06-16;73;26872;;
2020-06-17;53;26925;;
2020-06-18;49;26974;;
2020-06-19;65;27039;;
2020-06-20;33;27072;;
2020-06-21;26;27098;;
2020-06-22;39;27137;;
2020-06-23;40;27177;;
2020-06-24;28;27205;;
2020-06-25;47;27252;;
2020-06-26;42;27294;;
2020-06-27;30;27324;;
2020-06-28;18;27342;;
2020-06-29;16;27358;;
2020-06-30;40;27398;;
2020-07-01;23;27421;;
2020-07-02;17;27438;;
2020-07-03;18;27456;;
2020-07-04;16;27472;;
2020-07-05;7;27479;;
2020-07-06;16;27495;;
2020-07-07;21;27516;;
2020-07-08;33;27549;;
2020-07-09;52;27601;;
2020-07-10;48;27649;;
2020-07-11;22;27671;;
2020-07-12;13;27684;;
2020-07-13;76;27760;;
2020-07-14;66;27826;;
2020-07-15;69;27895;;
2020-07-16;68;27963;;
2020-07-17;102;28065;;
2020-07-18;98;28163;;
2020-07-19;55;28218;;
2020-07-20;37;28255;;
2020-07-21;65;28320;;
2020-07-22;78;28398;;
2020-07-23;98;28496;;
2020-07-24;69;28565;;
2020-07-25;32;28597;;
2020-07-26;52;28649;;
2020-07-27;41;28690;;
2020-07-28;37;28727;;
2020-07-29;72;28799;;
2020-07-30;60;28859;;
2020-07-31;57;28916;;
2020-08-01;51;28967;;
2020-08-02;30;28997;;
2020-08-03;45;29042;;
2020-08-04;64;29106;;
2020-08-05;47;29153;;
2020-08-06;21;29174;;
2020-08-07;46;29220;;
2020-08-08;37;29257;;
2020-08-09;36;29293;;
2020-08-10;33;29326;;
2020-08-11;36;29362;;
2020-08-12;34;29396;;
2020-08-13;38;29434;;
2020-08-14;30;29464;;
2020-08-15;14;29478;;
2020-08-16;12;29490;;
2020-08-17;17;29507;;
2020-08-18;16;29523;;
2020-08-19;22;29545;;
2020-08-20;34;29579;;
2020-08-21;33;29612;;
2020-08-22;20;29632;;
2020-08-23;23;29655;;
2020-08-24;10;29665;;
2020-08-25;30;29695;;
2020-08-26;42;29737;;
2020-08-27;43;29780;;
2020-08-28;24;29804;;
2020-08-29;55;29859;;
2020-08-30;13;29872;;
2020-08-31;32;29904;;
2020-09-01;36;29940;;
2020-09-02;36;29976;;
2020-09-03;71;30047;;
2020-09-04;49;30096;;
2020-09-05;66;30162;;
2020-09-06;59;30221;;
2020-09-07;51;30272;;
2020-09-08;72;30344;;
2020-09-09;70;30414;;
2020-09-10;90;30504;;
2020-09-11;108;30612;;
2020-09-12;71;30683;;
2020-09-13;96;30779;;
2020-09-14;73;30852;;
2020-09-15;94;30946;;
2020-09-16;79;31025;;
2020-09-17;71;31096;;
2020-09-18;199;31295;;
2020-09-19;139;31434;;
2020-09-20;204;31638;;
2020-09-21;141;31779;;
2020-09-22;169;31948;;
2020-09-23;254;32202;;
2020-09-24;232;32434;;
2020-09-25;288;32722;;
2020-09-26;343;33065;;
2020-09-27;276;33341;;
2020-09-28;282;33623;;
2020-09-29;355;33978;;
2020-09-30;315;34293;;
2020-10-01;308;34601;;
2020-10-02;415;35016;;
2020-10-03;372;35388;;
2020-10-04;303;35691;;
2020-10-05;280;35971;;
2020-10-06;257;36228;;
2020-10-07;297;36525;;
2020-10-08;346;36871;;
2020-10-09;286;37157;;
2020-10-10;193;37350;;
2020-10-11;329;37679;;
2020-10-12;267;37946;;
2020-10-13;204;38150;;
2020-10-14;270;38420;;
2020-10-15;256;38676;;
2020-10-16;264;38940;;
2020-10-17;272;39212;;
2020-10-18;194;39406;;
2020-10-19;241;39647;;
2020-10-20;253;39900;;
2020-10-21;287;40187;;
2020-10-22;226;40413;;
2020-10-23;246;40659;;
2020-10-24;166;40825;;
2020-10-25;220;41045;;
2020-10-26;354;41399;;
2020-10-27;245;41644;;
2020-10-28;208;41852;;
2020-10-29;219;42071;;
2020-10-30;197;42268;;
2020-10-31;241;42542;;
2020-11-01;236;42778;;
2020-11-02;198;42943;;
2020-11-03;239;43182;;
2020-11-04;247;43429;;
2020-11-05;326;43755;;
2020-11-06;264;44019;;
2020-11-07;271;44290;;
2020-11-08;276;44566;;
2020-11-09;266;44832;;
2020-11-10;319;45151;;
2020-11-11;347;45498;;
2020-11-12;283;45781;;
2020-11-13;327;46108;;
2020-11-14;303;46411;;
2020-11-15;277;46688;;
2020-11-16;309;46997;;
2020-11-17;239;47236;;
2020-11-18;231;47467;;
2020-11-19;283;47750;;
2020-11-20;254;48004;;
2020-11-21;269;48273;;
2020-11-22;300;48573;;
2020-11-23;275;48848;;
2020-11-24;238;49086;;
2020-11-25;303;49389;;
2020-11-26;347;49736;;
2020-11-27;416;50152;;
2020-11-28;446;50598;;
2020-11-29;364;50962;;
2020-11-30;334;51296;;
2020-12-01;418;51714;;
2020-12-02;457;52171;;
2020-12-03;452;52623;;
2020-12-04;500;53123;;
2020-12-05;517;53640;;
2020-12-06;482;54122;;
2020-12-07;461;54583;;
2020-12-08;531;55114;;
2020-12-09;590;55704;;
2020-12-10;547;56251;;
2020-12-11;646;56897;;
2020-12-12;730;57627;;
2020-12-13;564;58191;;
2020-12-14;678;58869;;
2020-12-15;554;59423;;
2020-12-16;701;60124;;
2020-12-17;930;61054;;
2020-12-18;811;61865;;
2020-12-19;700;62565;;
2020-12-20;652;63217;;
2020-12-21;755;63972;;
2020-12-22;760;64732;;
2020-12-23;701;65433;;
2020-12-24;879;66312;;
2020-12-25;945;67257;;
2020-12-26;755;68012;;
2020-12-27;803;68815;;
2020-12-28;843;69658;;
2020-12-29;999;70657;;
2020-12-30;933;71590;;
2020-12-31;746;72336;;
2021-01-01;1231;73567;;
2021-01-02;924;74491;;
2021-01-03;791;75282;;
2021-01-04;770;76052;;
2021-01-05;822;76874;;
2021-01-06;1094;77968;;
2021-01-07;1279;79247;;
2021-01-08;1048;80295;;
2021-01-09;821;81116;;
2021-01-10;779;81895;;
2021-01-11;566;82461;;
2021-01-12;863;83324;;
2021-01-13;730;84054;;
2021-01-14;819;84873;;
2021-01-15;714;85587;;
2021-01-16;881;86468;;
2021-01-17;583;87051;;
2021-01-18;471;87522;;
2021-01-19;638;88160;;
2021-01-20;671;88831;;
2021-01-21;766;89597;;
2021-01-22;615;90212;;
2021-01-23;563;90775;;
2021-01-24;430;91205;;
2021-01-25;506;91711;;
2021-01-26;595;92306;;
2021-01-27;455;92761;;
2021-01-28;575;93336;;
2021-01-29;500;93836;;
2021-01-30;558;94394;;
2021-01-31;389;94783;;
2021-02-01;470;95253;;
2021-02-02;561;95814;;
2021-02-03;485;96299;;
2021-02-04;526;96825;;
2021-02-05;554;97379;;
2021-02-06;511;97890;;
2021-02-07;406;98296;;
2021-02-08;333;98629;;
2021-02-09;451;99080;;
2021-02-10;550;99630;;
2021-02-11;474;100104;;
2021-02-12;485;100589;;
2021-02-13;344;100933;;
2021-02-14;352;101285;;
2021-02-15;322;101607;;
2021-02-16;410;102017;;
2021-02-17;332;102349;;
2021-02-18;377;102726;;
2021-02-19;395;103121;;
2021-02-20;391;103512;;
2021-02-21;405;103917;;
2021-02-22;262;104179;;
2021-02-23;421;104600;;
2021-02-24;409;105009;;
2021-02-25;388;105397;;
2021-02-26;401;105798;;
2021-02-27;324;106122;;
2021-02-28;249;106371;;
2021-03-01;258;106629;;
2021-03-02;392;107021;;
2021-03-03;303;107324;;
2021-03-04;375;107699;;
2021-03-05;280;107979;;
2021-03-06;399;108378;;
2021-03-07;267;108645;;
2021-03-08;260;108905;;
2021-03-09;392;109297;;
2021-03-10;316;109613;;
2021-03-11;362;109975;;
2021-03-12;390;110365;;
2021-03-13;277;110642;;
2021-03-14;271;110913;;
2021-03-15;244;111157;;
2021-03-16;340;111497;;
2021-03-17;315;111812;;
2021-03-18;357;112169;;
2021-03-19;319;112488;;
2021-03-20;267;112755;;
2021-03-21;307;113062;;
2021-03-22;226;113288;;
2021-03-23;339;113627;;
2021-03-24;368;113995;;
2021-03-25;354;114349;;
2021-03-26;361;114710;;
2021-03-27;310;115020;;
2021-03-28;262;115282;;
2021-03-29;306;115588;;
2021-03-30;379;115967;;
2021-03-31;402;116369;;
2021-04-01;359;116728;;
2021-04-02;386;117114;;
2021-04-03;356;117470;;
2021-04-04;302;117772;;
2021-04-05;293;118065;;
2021-04-06;311;118376;;
2021-04-07;406;118782;;
2021-04-08;394;119176;;
2021-04-09;517;119693;;
2021-04-10;296;119989;;
2021-04-11;378;120367;;
2021-04-12;261;120628;;
2021-04-13;373;121001;;
2021-04-14;353;121354;;
2021-04-15;431;121785;;
2021-04-16;367;122152;;
2021-04-17;352;122504;;
2021-04-18;217;122721;;
2021-04-19;253;122974;;
2021-04-20;273;123247;;
2021-04-21;312;123559;;
2021-04-22;315;123874;;
2021-04-23;229;124103;;
2021-04-24;341;124444;;
2021-04-25;198;124642;;
2021-04-26;244;124886;;
2021-04-27;292;125178;;
2021-04-28;311;125489;;
2021-04-29;343;125832;;
2021-04-30;323;126155;;
2021-05-01;262;126417;;
2021-05-02;211;126628;;
2021-05-03;224;126852;;
2021-05-04;238;127090;;
2021-05-05;200;127290;;
2021-05-06;259;127549;;
2021-05-07;279;127828;;
2021-05-08;212;128040;;
2021-05-09;196;128236;;
2021-05-10;189;128425;;
2021-05-11;261;128686;;
2021-05-12;261;128947;;
2021-05-13;291;129238;;
2021-05-14;243;129481;;
2021-05-15;207;129688;;
2021-05-16;186;129874;;
2021-05-17;191;130065;;
2021-05-18;206;130271;;
2021-05-19;263;130534;;
2021-05-20;247;130781;;
2021-05-21;197;130978;;
2021-05-22;181;131159;;
2021-05-23;114;131273;;
2021-05-24;155;131428;;
2021-05-25;164;131592;;
2021-05-26;154;131746;;
2021-05-27;147;131893;;
2021-05-28;142;132035;;
2021-05-29;83;132118;;
2021-05-30;80;132198;;
2021-05-31;83;132281;;
2021-06-01;107;132388;;
2021-06-02;99;132487;;
2021-06-03;84;132571;;
2021-06-04;87;132658;;
2021-06-05;73;132731;;
2021-06-06;49;132780;;
2021-06-07;60;132840;;
2021-06-08;56;132896;;
2021-06-09;42;132938;;
2021-06-10;64;133002;;
2021-06-11;67;133069;;
2021-06-12;51;133120;;
2021-06-13;35;133155;;
2021-06-14;36;133191;;
2021-06-15;62;133253;;
2021-06-16;45;133298;;
2021-06-17;57;133355;;
2021-06-18;50;133405;;
2021-06-19;24;133429;;
2021-06-20;27;133456;;
2021-06-21;28;133484;;
2021-06-22;46;133530;;
2021-06-23;28;133558;;
2021-06-24;27;133585;;
2021-06-25;35;133620;;
2021-06-26;35;133655;;
2021-06-27;13;133668;;
2021-06-28;38;133706;;
2021-06-29;40;133746;;
2021-06-30;26;133772;;
2021-07-01;25;133797;;
2021-07-02;26;133823;;
2021-07-03;23;133846;;
2021-07-04;12;133858;;
2021-07-05;22;133880;;
2021-07-06;30;133910;;
2021-07-07;29;133939;;
2021-07-08;33;133972;;
2021-07-09;25;133997;;
2021-07-10;18;134015;;
2021-07-11;20;134035;;
2021-07-12;27;134062;;
2021-07-13;31;134093;;
2021-07-14;32;134125;;
2021-07-15;40;134165;;
2021-07-16;30;134195;;
2021-07-17;32;134227;;
2021-07-18;35;134262;;
2021-07-19;28;134290;;
2021-07-20;54;134344;;
2021-07-21;53;134397;;
2021-07-22;48;134445;;
2021-07-23;46;134491;;
2021-07-24;33;134524;;
2021-07-25;35;134559;;
2021-07-26;40;134599;;
2021-07-27;52;134651;;
2021-07-28;48;134699;;
2021-07-29;16;134715;;
2021-07-30;106;134821;;
2021-07-31;52;134873;;
2021-08-01;43;134916;;
2021-08-02;54;134970;;
2021-08-03;52;135022;;
2021-08-04;94;135116;;
2021-08-05;103;135219;;
2021-08-06;92;135311;;
2021-08-07;86;135397;;
2021-08-08;69;135466;;
2021-08-09;86;135552;;
2021-08-10;105;135657;;
2021-08-11;152;135809;;
2021-08-12;143;135952;;
2021-08-13;158;136110;;
2021-08-14;142;136252;;
2021-08-15;135;136387;;
2021-08-16;138;136525;;
2021-08-17;148;136673;;
2021-08-18;201;136874;;
2021-08-19;179;137053;;
2021-08-20;208;137261;;
2021-08-21;157;137418;;
2021-08-22;129;137547;;
2021-08-23;161;137708;;
2021-08-24;217;137925;;
2021-08-25;225;138150;;
2021-08-26;247;138397;;
2021-08-27;200;138597;;
2021-08-28;154;138751;;
2021-08-29;133;138884;;
2021-08-30;181;139065;;
2021-08-31;246;139311;;
2021-09-01;274;139585;;
2021-09-02;245;139830;;
2021-09-03;249;140079;;
2021-09-04;204;140283;;
2021-09-05;192;140475;;
2021-09-06;182;140657;;
2021-09-07;203;140860;;
2021-09-08;238;141098;;
2021-09-09;315;141413;;
2021-09-10;286;141699;;
2021-09-11;237;141936;;
2021-09-12;203;142139;;
2021-09-13;234;142373;;
2021-09-14;249;142622;;
2021-09-15;319;142941;;
2021-09-16;284;143225;;
2021-09-17;266;143491;;
2021-09-18;261;143752;;
2021-09-19;213;143965;;
2021-09-20;206;144171;;
2021-09-21;227;144398;;
2021-09-22;252;144650;;
2021-09-23;210;144860;;
2021-09-24;268;145128;;
2021-09-25;210;145338;;
2021-09-26;137;145475;;
2021-09-27;140;145615;;
2021-09-28;188;145803;;
2021-09-29;234;146037;;
2021-09-30;189;146226;;
2021-10-01;149;146375;;
2021-10-02;119;146494;;
2021-10-03;127;146621;;
2021-10-04;119;146740;;
2021-10-05;130;146870;;
2021-10-06;161;147031;;
2021-10-07;175;147206;;
2021-10-08;155;147361;;
2021-10-09;154;147515;;
2021-10-10;91;147606;;
2021-10-11;129;147735;;
2021-10-12;156;147891;;
2021-10-13;147;148038;;
2021-10-14;193;148231;;
2021-10-15;209;148440;;
2021-10-16;141;148581;;
2021-10-17;95;148676;;
2021-10-18;121;148797;;
2021-10-19;119;148916;;
2021-10-20;142;149058;;
2021-10-21;89;149147;;
2021-10-22;120;149267;;
2021-10-23;99;149366;;
2021-10-24;102;149468;;
2021-10-25;103;149571;;
2021-10-26;147;149718;;
2021-10-27;142;149860;;
2021-10-28;168;150028;;
2021-10-29;138;150166;;
2021-10-30;143;150309;;
2021-10-31;141;150450;;
2021-11-01;123;150573;;
2021-11-02;111;150684;;
2021-11-03;164;150848;;
2021-11-04;153;151001;;
2021-11-05;165;151166;;
2021-11-06;204;151370;;
2021-11-07;179;151549;;
2021-11-08;153;151702;;
2021-11-09;234;151936;;
2021-11-10;213;152149;;
2021-11-11;197;152346;;
2021-11-12;188;152534;;
2021-11-13;168;152702;;
2021-11-14;141;152843;;
2021-11-15;135;152978;;
2021-11-16;268;153246;;
2021-11-17;239;153485;;
2021-11-18;190;153675;;
2021-11-19;256;153931;;
2021-11-20;206;154137;;
2021-11-21;216;154353;;
2021-11-22;179;154532;;
2021-11-23;237;154769;;
2021-11-24;302;155071;;
2021-11-25;302;155373;;
2021-11-26;244;155617;;
2021-11-27;219;155836;;
2021-11-28;223;156059;;
2021-11-29;291;156350;;
2021-11-30;341;156691;;
2021-12-01;385;157076;;
2021-12-02;409;157485;;
2021-12-03;383;157868;;
2021-12-04;388;158256;;
2021-12-05;342;158598;;
2021-12-06;345;158943;;
2021-12-07;403;159346;;
2021-12-08;498;159844;;
2021-12-09;560;160404;;
2021-12-10;545;160949;;
2021-12-11;448;161397;;
2021-12-12;415;161812;;
2021-12-13;725;162537;;
2021-12-14;916;163453;;
2021-12-15;973;164426;;
2021-12-16;1147;165573;;
2021-12-17;1165;166738;;
2021-12-18;1611;168349;;
2021-12-19;1413;169762;;
2021-12-20;2025;171787;;
2021-12-21;2437;174224;;
2021-12-22;3339;177563;;
2021-12-23;3348;180911;;
2021-12-24;3400;184311;;
2021-12-25;3062;187373;;
2021-12-26;3000;190373;;
2021-12-27;3953;194326;;
2021-12-28;4675;199001;;
2021-12-29;4634;203635;;
2021-12-30;4463;208098;;
2021-12-31;4020;212118;;
2022-01-01;3691;215809;;
2022-01-02;3877;219686;;
2022-01-03;3657;223343;;
2022-01-04;4468;227811;;
2022-01-05;4466;232277;;
2022-01-06;3814;236091;;
2022-01-07;3209;239300;;
2022-01-08;2523;241823;;
2022-01-09;3262;245085;;
2022-01-10;3280;248365;;
2022-01-11;2166;250531;;
2022-01-12;2034;252565;;
2022-01-13;1935;254500;;
2022-01-14;1750;256250;;
2022-01-15;1327;257577;;
2022-01-16;1170;258747;;
2022-01-17;973;259720;;
2022-01-18;1451;261171;;
2022-01-19;1206;262377;;
2022-01-20;1135;263512;;
2022-01-21;1047;264559;;
2022-01-22;642;265201;;
2022-01-23;509;265710;;
2022-01-24;778;266488;;
2022-01-25;750;267238;;
2022-01-26;774;268012;;
2022-01-27;609;268621;;
2022-01-28;597;269218;;
2022-01-29;568;269786;;
2022-01-30;382;270168;;
2022-01-31;579;270747;;
2022-02-01;682;271429;;
2022-02-02;726;272155;;
2022-02-03;598;272753;;
2022-02-04;513;273266;;
2022-02-05;339;273605;;
2022-02-06;331;273936;;
2022-02-07;607;274543;;
2022-02-08;540;275083;;
2022-02-09;453;275536;;
2022-02-10;478;276014;;
2022-02-11;526;276540;;
2022-02-12;228;276768;;
2022-02-13;244;277012;;
2022-02-14;381;277393;;
2022-02-15;189;277582;;
;;;;
;;;;
;;;;
;;;;
;;;;
;;;;
;;;;
;;;;
;;;;
;;;;
;;;;
;;;;
;;;;
;;;;
;;;;
;;;;
;;;;
;;;;
;;;;
;;;;
;;;;
;;;;
;;;;
;;;;
;;;;
;;;;
;;;;
;;;;
;;;;
;;;;
;;;;
;;;;
;;;;
;;;;
;;;;
;;;;
;;;;
;;;;
;;;;
;;;;
;;;;
;;;;
;;;;
;;;;
;;;;
;;;;
;;;;
;;;;
;;;;
;;;;
;;;;
;;;;
;;;;
;;;;
;;;;
;;;;
;;;;
;;;;
;;;;
;;;;
;;;;
;;;;
;;;;
;;;;
;;;;
;;;;
;;;;
;;;;
;;;;
;;;;
;;;;
;;;;
;;;;
;;;;
;;;;
;;;;
;;;;
;;;;
;;;;
;;;;
;;;;
;;;;
;;;;
;;;;
;;;;
;;;;
;;;;
;;;;
;;;;
;;;;
;;;;
;;;;
;;;;
;;;;
;;;;
;;;;
;;;;
;;;;
;;;;
;;;;
;;;;
;;;;
;;;;
;;;;
;;;;
