date,mtl_doses,qc_doses,mtl_new_doses,qc_new_doses,mtl_percent_vaccinated,qc_percent_vaccinated,qc_new_doses_received,qc_doses_received,qc_percent_used
2020-12-14,0.0000,0,0.0000,0.0000,0.0000,0.0000,4875,4875,0.0000
2020-12-15,0.0000,0,0.0000,0.0000,0.0000,0.0000,0,4875,0.0000
2020-12-16,1155.0000,2582,0.0000,0.0000,0.0559,0.0302,0,4875,52.9641
2020-12-17,1347.0000,3305,192.0000,723.0000,0.0652,0.0387,0,4875,67.7949
2020-12-18,1531.0000,4020,184.0000,715.0000,0.0741,0.0471,0,4875,82.4615
2020-12-19,1646.0000,4716,115.0000,696.0000,0.0797,0.0552,0,4875,96.7385
2020-12-20,1761.0000,4831,115.0000,115.0000,0.0853,0.0566,0,4875,99.0974
2020-12-21,2110.0000,5273,349.0000,442.0000,0.1021,0.0618,49725,54600,9.6575
2020-12-22,2908.0000,7229,798.0000,1956.0000,0.1408,0.0847,0,54600,13.2399
2020-12-23,3666.0000,11171,758.0000,3942.0000,0.1775,0.1308,0,54600,20.4597
2020-12-24,3666.0000,11171,0.0000,0.0000,0.1775,0.1308,0,54600,20.4597
2020-12-25,3666.0000,11171,0.0000,0.0000,0.1775,0.1308,0,54600,20.4597
2020-12-26,4143.0000,17316,477.0000,6145.0000,0.2006,0.2028,0,54600,31.7143
2020-12-27,4353.0000,19643,210.0000,2327.0000,0.2107,0.2300,0,54600,35.9762
2020-12-28,5153.0000,22500,800.0000,2857.0000,0.2495,0.2635,1400,56000,40.1786
2020-12-29,6053.0000,25315,900.0000,2815.0000,0.2930,0.2965,0,56000,45.2054
2020-12-30,6857.0000,29250,804.0000,3935.0000,0.3320,0.3425,32075,88075,33.2103
2020-12-31,6857.0000,29250,0.0000,0.0000,0.3320,0.3425,0,88075,33.2103
2021-01-01,6857.0000,29250,0.0000,0.0000,0.3320,0.3425,0,88075,33.2103
2021-01-02,6907.0000,28762,50.0000,-488.0000,0.3344,0.3368,0,88075,32.6563
2021-01-03,6907.0000,30473,0.0000,1711.0000,0.3344,0.3569,0,88075,34.5989
2021-01-04,7531.0000,32763,624.0000,2290.0000,0.3646,0.3837,0,88075,37.1990
2021-01-05,9735.0000,38984,2204.0000,6221.0000,0.4713,0.4565,0,88075,44.2623
2021-01-06,12722.0000,48632,2987.0000,9648.0000,0.6159,0.5695,26070,114145,42.6055
2021-01-07,17809.0000,62602,5087.0000,13970.0000,0.8621,0.7331,0,114145,54.8443
2021-01-08,21904.0000,75123,4095.0000,12521.0000,1.0604,0.8798,1230,115375,65.1120
2021-01-09,24280.0000,84387,2376.0000,9264.0000,1.1754,0.9882,0,115375,73.1415
2021-01-10,26263.0000,92452,1983.0000,8065.0000,1.2714,1.0827,0,115375,80.1317
2021-01-11,28600.0000,99510,2337.0000,7058.0000,1.3845,1.1654,0,115375,86.2492
2021-01-12,30068.0000,107365,1468.0000,7855.0000,1.4556,1.2573,40950,156325,68.6806
2021-01-13,31669.0000,115704,1601.0000,8339.0000,1.5331,1.3550,5850,162175,71.3452
2021-01-14,34032.0000,127073,2363.0000,11369.0000,1.6475,1.4881,0,162175,78.3555
2021-01-15,36162.0000,137856,2130.0000,10783.0000,1.7506,1.6144,10610,172785,79.7847
2021-01-16,37593.0000,146694,1431.0000,8838.0000,1.8199,1.7179,23390,196175,74.7771
2021-01-17,38822.0000,153539,1229.0000,6845.0000,1.8794,1.7981,0,196175,78.2663
2021-01-18,40224.0000,164053,1402.0000,10514.0000,1.9473,1.9212,24375,220550,74.3836
2021-01-19,41685.0000,174260,1461.0000,10207.0000,2.0180,2.0407,16575,237125,73.4887
2021-01-20,43610.0000,186210,1925.0000,11950.0000,2.1112,2.1807,975,238100,78.2066
2021-01-21,45987.0000,200627,2377.0000,14417.0000,2.2263,2.3495,0,238100,84.2617
2021-01-22,48768.0000,210252,2781.0000,9625.0000,2.3609,2.4622,0,238100,88.3041
2021-01-23,50265.0000,218755,1497.0000,8503.0000,2.4334,2.5618,0,238100,91.8753
2021-01-24,50957.0000,220715,692.0000,1960.0000,2.4669,2.5848,0,238100,92.6984
2021-01-25,51758.0000,224879,801.0000,4164.0000,2.5056,2.6335,0,238100,94.4473
2021-01-26,52879.0000,229219,1121.0000,4340.0000,2.5599,2.6843,0,238100,96.2701
2021-01-27,53841.0000,232986,962.0000,3767.0000,2.6065,2.7285,0,238100,97.8522
2021-01-28,54667.0000,236057,826.0000,3071.0000,2.6465,2.7644,0,238100,99.1420
2021-01-29,54787.0000,238143,120.0000,2086.0000,2.6523,2.7889,0,238100,100.0180
2021-01-30,54787.0000,238227,0.0000,84.0000,2.6523,2.7898,0,238100,100.0530
2021-01-31,54787.0000,239023,0.0000,796.0000,2.6523,2.7992,0,238100,100.3880
2021-02-01,56799.0000,240830,2012.0000,1807.0000,2.7497,2.8203,18525,256625,93.8451
2021-02-02,56832.0000,241546,33.0000,716.0000,2.7513,2.8287,0,256625,94.1241
2021-02-03,59063.0000,243955,2231.0000,2409.0000,2.8593,2.8569,0,256625,95.0628
2021-02-04,63411.0000,248673,4348.0000,4718.0000,3.0698,2.9122,0,256625,96.9013
2021-02-05,68178.0000,253904,4767.0000,5231.0000,3.3005,2.9734,38200,294825,86.1202
2021-02-06,70627.0000,256550,2449.0000,2646.0000,3.4191,3.0044,0,294825,87.0177
2021-02-07,71446.0000,259188,819.0000,2638.0000,3.4588,3.0353,0,294825,87.9125
2021-02-08,72265.0000,262594,819.0000,3406.0000,3.4984,3.0752,0,294825,89.0678
2021-02-09,72771.0000,266590,506.0000,3996.0000,3.5229,3.1220,15600,310425,85.8790
2021-02-10,74119.0000,272332,1348.0000,5742.0000,3.5882,3.1892,0,310425,87.7288
2021-02-11,76091.0000,280612,1972.0000,8280.0000,3.6836,3.2862,0,310425,90.3961
2021-02-12,78333.0000,290953,2242.0000,10341.0000,3.7922,3.4073,0,310425,93.7273
2021-02-13,78685.0000,293944,352.0000,2991.0000,3.8092,3.4423,0,310425,94.6908
2021-02-14,78750.0000,294886,65.0000,942.0000,3.8123,3.4534,0,310425,94.9943
2021-02-15,79499.0000,297694,749.0000,2808.0000,3.8486,3.4863,0,310425,95.8988
2021-02-16,79683.0000,299673,184.0000,1979.0000,3.8575,3.5094,91260,401685,74.6040
2021-02-17,79980.0000,302118,297.0000,2445.0000,3.8719,3.5381,0,401685,75.2127
2021-02-18,82859.0000,311651,2879.0000,9533.0000,4.0113,3.6497,0,401685,77.5859
2021-02-19,86833.0000,329324,3974.0000,17673.0000,4.2036,3.8567,0,401685,81.9856
2021-02-20,90189.0000,344900,3356.0000,15576.0000,4.3661,4.0391,0,401685,85.8633
2021-02-21,91888.0000,353894,1699.0000,8994.0000,4.4484,4.1444,0,401685,88.1024
2021-02-22,93686.0000,365978,1798.0000,12084.0000,4.5354,4.2859,107640,509325,71.8555
2021-02-23,95164.0000,376910,1478.0000,10932.0000,4.6070,4.4139,0,509325,74.0019
2021-02-24,96894.0000,387076,1730.0000,10166.0000,4.6907,4.5330,0,509325,75.9978
2021-02-25,100988.0000,400540,4094.0000,13464.0000,4.8889,4.6907,28500,537825,74.4740
2021-02-26,106581.0000,418399,5593.0000,17859.0000,5.1597,4.8998,0,537825,77.7946
2021-02-27,111595.0000,432255,5014.0000,13856.0000,5.4024,5.0621,0,537825,80.3709
2021-02-28,113860.0000,438815,2265.0000,6560.0000,5.5121,5.1389,0,537825,81.5907
2021-03-01,123600.0000,455328,9740.0000,16513.0000,5.9836,5.3323,0,537825,84.6610
2021-03-02,134781.0000,472710,11181.0000,17382.0000,6.5248,5.5358,100620,638445,74.0408
2021-03-03,146200.0000,490504,11419.0000,17794.0000,7.0777,5.7442,0,638445,76.8279
2021-03-04,158972.0000,510479,12772.0000,19975.0000,7.6959,5.9782,0,638445,79.9566
2021-03-05,171565.0000,532012,12593.0000,21533.0000,8.3056,6.2303,0,638445,83.3293
2021-03-06,181596.0000,548136,10031.0000,16124.0000,8.7912,6.4192,0,638445,85.8549
2021-03-07,191662.0000,564302,10066.0000,16166.0000,9.2785,6.6085,0,638445,88.3869
2021-03-08,202286.0000,581028,10624.0000,16726.0000,9.7928,6.8044,100620,739065,78.6166
2021-03-09,214123.0000,599833,11837.0000,18805.0000,10.3659,7.0246,113000,852065,70.3976
2021-03-10,223746.0000,619060,9623.0000,19227.0000,10.8317,7.2497,0,852065,72.6541
2021-03-11,233622.0000,648663,9876.0000,29603.0000,11.3098,7.5964,0,852065,76.1283
2021-03-12,244821.0000,681487,11199.0000,32824.0000,11.8520,7.9808,96500,948565,71.8440
2021-03-13,255254.0000,715581,10433.0000,34094.0000,12.3570,8.3801,0,948565,75.4383
2021-03-14,265514.0000,744108,10260.0000,28527.0000,12.8537,8.7142,0,948565,78.4457
2021-03-15,276275.0000,774600,10761.0000,30492.0000,13.3747,9.0712,101790,1050355,73.7465
2021-03-16,286740.0000,804806,10465.0000,30206.0000,13.8813,9.4250,0,1050355,76.6223
2021-03-17,295022.0000,832469,8282.0000,27663.0000,14.2822,9.7489,0,1050355,79.2560
2021-03-18,302746.0000,872459,7724.0000,39990.0000,14.6562,10.2173,0,1050355,83.0633
2021-03-19,310343.0000,915653,7597.0000,43194.0000,15.0239,10.7231,0,1050355,87.1756
2021-03-20,315364.0000,944793,5021.0000,29140.0000,15.2670,11.0644,0,1050355,89.9499
2021-03-21,319916.0000,966566,4552.0000,21773.0000,15.4874,11.3193,0,1050355,92.0228
2021-03-22,332415.0000,993102,12499.0000,26536.0000,16.0925,11.6301,245700,1296055,76.6250
2021-03-23,348173.0000,1024713,15758.0000,31611.0000,16.8553,12.0003,25740,1321795,77.5244
2021-03-24,364911.0000,1065823,16738.0000,41110.0000,17.6656,12.4817,0,1321795,80.6345
2021-03-25,381184.0000,1121958,16273.0000,56135.0000,18.4534,13.1391,58500,1380295,81.2839
2021-03-26,395845.0000,1176670,14661.0000,54712.0000,19.1632,13.7798,0,1380295,85.2477
2021-03-27,406985.0000,1222884,11140.0000,46214.0000,19.7024,14.3210,0,1380295,88.5958
2021-03-28,417299.0000,1261855,10314.0000,38971.0000,20.2018,14.7774,0,1380295,91.4192
2021-03-29,430155.0000,1305840,12856.0000,43985.0000,20.8241,15.2925,173160,1553455,84.0604
2021-03-30,443668.0000,1349326,13513.0000,43486.0000,21.4783,15.8018,99450,1652905,81.6336
2021-03-31,456532.0000,1391649,12864.0000,42323.0000,22.1011,16.2974,0,1652905,84.1941
2021-04-01,467679.0000,1440680,11147.0000,49031.0000,22.6407,16.8716,339600,1992505,72.3050
2021-04-02,476323.0000,1488347,8644.0000,47667.0000,23.0592,17.4298,0,1992505,74.6973
2021-04-03,483017.0000,1529541,6694.0000,41194.0000,23.3832,17.9123,135100,2127605,71.8903
2021-04-04,487699.0000,1552215,4682.0000,22674.0000,23.6099,18.1778,0,2127605,72.9560
2021-04-05,493355.0000,1592197,5656.0000,39982.0000,23.8837,18.6460,207090,2334695,68.1972
2021-04-06,500014.0000,1636310,6659.0000,44113.0000,24.2061,19.1626,23400,2358095,69.3912
2021-04-07,508826.0000,1685046,8812.0000,48736.0000,24.6326,19.7334,0,2358095,71.4579
2021-04-08,521814.0000,1754749,12988.0000,69703.0000,25.2614,20.5496,0,2358095,74.4138
2021-04-09,536826.0000,1829011,15012.0000,74262.0000,25.9881,21.4193,71600,2429695,75.2774
2021-04-10,545866.0000,1890476,9040.0000,61465.0000,26.4258,22.1391,0,2429695,77.8071
2021-04-11,553793.0000,1944877,7927.0000,54401.0000,26.8095,22.7762,0,2429695,80.0461
2021-04-12,567372.0000,2005106,13579.0000,60229.0000,27.4669,23.4815,203580,2633275,76.1450
2021-04-13,583315.0000,2075808,15943.0000,70702.0000,28.2387,24.3095,26910,2660185,78.0325
2021-04-14,599404.0000,2145925,16089.0000,70117.0000,29.0176,25.1307,168500,2828685,75.8630
2021-04-15,614625.0000,2223775,15221.0000,77850.0000,29.7545,26.0423,7800,2836485,78.3990
2021-04-16,630254.0000,2297411,15629.0000,73636.0000,30.5111,26.9047,0,2836485,80.9950
2021-04-17,641412.0000,2358757,11158.0000,61346.0000,31.0512,27.6231,0,2836485,83.1577
2021-04-18,650344.0000,2399934,8932.0000,41177.0000,31.4836,28.1053,0,2836485,84.6094
2021-04-19,662740.0000,2448409,12396.0000,48475.0000,32.0837,28.6730,205920,3042405,80.4761
2021-04-20,676293.0000,2503910,13553.0000,55501.0000,32.7398,29.3230,24564,3066969,81.6412
2021-04-21,695383.0000,2589682,19090.0000,85772.0000,33.6640,30.3274,0,3066969,84.4378
2021-04-22,712537.0000,2679907,17154.0000,90225.0000,34.4944,31.3841,0,3066969,87.3797
2021-04-23,727163.0000,2763535,14626.0000,83628.0000,35.2025,32.3634,0,3066969,90.1064
2021-04-24,736123.0000,2828484,8960.0000,64949.0000,35.6363,33.1240,0,3066969,92.2241
2021-04-25,742268.0000,2871140,6145.0000,42656.0000,35.9337,33.6236,0,3066969,93.6149
2021-04-26,751946.0000,2916897,9678.0000,45757.0000,36.4023,34.1594,214110,3281079,88.9005
2021-04-27,761330.0000,2967209,9384.0000,50312.0000,36.8566,34.7486,17550,3298629,89.9528
2021-04-28,772485.0000,3039512,11155.0000,72303.0000,37.3966,35.5953,0,3298629,92.1447
2021-04-29,784527.0000,3104026,12042.0000,64514.0000,37.9795,36.3509,123340,3421969,90.7088
2021-04-30,797028.0000,3167659,12501.0000,63633.0000,38.5847,37.0961,26830,3448799,91.8482
2021-05-01,805721.0000,3218214,8693.0000,50555.0000,39.0056,37.6881,0,3448799,93.3140
2021-05-02,814118.0000,3256401,8397.0000,38187.0000,39.4121,38.1353,0,3448799,94.4213
2021-05-03,826128.0000,3308542,12010.0000,52141.0000,39.9935,38.7459,394290,3843089,86.0907
2021-05-04,841932.0000,3365575,15804.0000,57033.0000,40.7586,39.4138,50450,3893539,86.4400
2021-05-05,861551.0000,3449487,19619.0000,83912.0000,41.7083,40.3965,0,3893539,86.4400
2021-05-06,882693.0000,3553476,21142.0000,103989.0000,42.7318,41.6143,217320,4110859,86.3785
2021-05-07,901483.0000,3643818,18790.0000,90342.0000,43.6415,42.6723,8580,4119439,86.1986
2021-05-08,917919.0000,3719683,16436.0000,75865.0000,44.4371,43.5607,0,4119439,86.1986
2021-05-09,931889.0000,3781451,13970.0000,61768.0000,45.1134,44.2841,0,4119439,91.7953
2021-05-10,952845.0000,3844493,20956.0000,63042.0000,46.1279,45.0224,413010,4532449,84.8215
2021-05-11,972113.0000,3918884,19268.0000,74391.0000,47.0607,45.8936,45630,4578079,85.6011
2021-05-12,995072.0000,4014843,22959.0000,95959.0000,48.1722,47.0173,0,4578079,87.6971
2021-05-13,1019193.0000,4127768,24121.0000,112925.0000,49.3399,48.3398,0,4578079,90.1638
2021-05-14,1043829.0000,4230520,24636.0000,102752.0000,50.5325,49.5431,0,4578079,92.4082
2021-05-15,1064148.0000,4323040,20319.0000,92520.0000,51.5162,50.6266,0,4578079,94.4291
2021-05-16,1082575.0000,4396507,18427.0000,73467.0000,52.4083,51.4869,0,4578079,96.0339
2021-05-17,1105101.0000,4469055,22526.0000,72548.0000,53.4988,52.3365,415350,4993429,89.4987
2021-05-18,1125844.0000,4543365,20743.0000,74310.0000,54.5029,53.2068,43290,5036719,90.2049
2021-05-19,1146947.0000,4636679,21103.0000,93314.0000,55.5246,54.2996,148100,5184819,89.4280
2021-05-20,1168080.0000,4747192,21133.0000,110513.0000,56.5476,55.5938,410670,5595489,84.8396
2021-05-21,1187819.0000,4843635,19739.0000,96443.0000,57.5032,56.7232,232660,5828149,83.1076
2021-05-22,1205165.0000,4929054,17346.0000,85419.0000,58.3429,57.7235,1300,5829449,84.5544
2021-05-23,1221542.0000,4997234,16377.0000,68180.0000,59.1358,58.5220,0,5829449,85.7240
2021-05-24,1239408.0000,5051681,17866.0000,54447.0000,60.0007,59.1596,0,5829449,86.6580
2021-05-25,1258213.0000,5111646,18805.0000,59965.0000,60.9110,59.8618,0,5829449,87.6866
2021-05-26,1279573.0000,5202132,21360.0000,90486.0000,61.9451,60.9215,47970,5877419,88.5105
2021-05-27,1301957.0000,5306336,22384.0000,104204.0000,63.0287,62.1418,9700,5887119,90.1347
2021-05-28,1323622.0000,5405885,21665.0000,99549.0000,64.0775,63.3076,0,5887119,91.8256
2021-05-29,1346056.0000,5503277,22434.0000,97392.0000,65.1636,64.4482,0,5887119,93.4800
2021-05-30,1365518.0000,5583075,19462.0000,79798.0000,66.1057,65.3827,0,5887119,94.8354
2021-05-31,1387393.0000,5655874,21875.0000,72799.0000,67.1647,66.2352,489228,6376347,88.7009
2021-06-01,1407856.0000,5719839,20463.0000,63965.0000,68.1554,66.9843,51312,6427659,88.9879
2021-06-02,1430065.0000,5808464,22209.0000,88625.0000,69.2305,68.0222,0,6427659,90.3667
2021-06-03,1452219.0000,5906696,22154.0000,98232.0000,70.3030,69.1726,81400,6509059,90.7458
2021-06-04,1473175.0000,6001080,20956.0000,94384.0000,71.3175,70.2779,9100,6518159,92.0671
2021-06-05,1494787.0000,6085750,21612.0000,84670.0000,72.3638,71.2694,0,6518159,93.3661
2021-06-06,1512740.0000,6153771,17953.0000,68021.0000,73.2329,72.0660,0,6518159,94.4096
2021-06-07,1529934.0000,6220734,17194.0000,66963.0000,74.0652,72.8502,497250,7015409,88.6724
2021-06-08,1550353.0000,6297804,20419.0000,77070.0000,75.0537,73.7528,49140,7064549,89.1466
2021-06-09,1575932.0000,6385517,25579.0000,87713.0000,76.2920,74.7800,21700,7086249,90.1114
2021-06-10,1604377.0000,6487877,28445.0000,102360.0000,77.6691,75.9787,0,7086249,91.5559
2021-06-11,1634904.0000,6595378,30527.0000,107501.0000,79.1469,77.2376,0,7086249,93.0729
2021-06-12,1661551.0000,6697703,26647.0000,102325.0000,80.4369,78.4359,0,7086249,94.5169
2021-06-13,1685905.0000,6776741,24354.0000,79038.0000,81.6159,79.3616,0,7086249,95.6323
2021-06-14,1716510.0000,6868473,30605.0000,91732.0000,83.0975,80.4358,511290,7597539,90.4039
2021-06-15,1744581.0000,6955473,28071.0000,87000.0000,84.4565,81.4547,35100,7632639,91.1280
2021-06-16,1776351.0000,7055053,31770.0000,99580.0000,85.9945,82.6208,0,7632639,92.4327
2021-06-17,1806072.0000,7158444,29721.0000,103391.0000,87.4333,83.8316,170240,7802879,91.7411
2021-06-18,1833578.0000,7249641,27506.0000,91197.0000,88.7649,84.8996,469140,8272019,87.6405
2021-06-19,1855027.0000,7325411,21449.0000,75770.0000,89.8032,85.7870,13016,8285035,88.4174
2021-06-20,1872669.0000,7386401,17642.0000,60990.0000,90.6573,86.5012,0,8285035,89.1535
2021-06-21,1896877.0000,7472859,24208.0000,86458.0000,91.8292,87.5137,0,8285035,90.1971
2021-06-22,1920678.0000,7572965,23801.0000,100106.0000,92.9815,88.6860,518000,8803035,86.0268
2021-06-23,1948036.0000,7692855,27358.0000,119890.0000,94.3059,90.0900,545444,9348479,82.2899
2021-06-24,1966529.0000,7761010,18493.0000,68155.0000,95.2011,90.8882,0,9348479,83.0190
2021-06-25,na,7884473,na,na,na,na,93906,9442385,83.5009
2021-06-26,na,7979775,na,na,na,na,0,9442385,84.5102
2021-06-27,na,8053529,na,na,na,na,0,9442385,85.2913
2021-06-28,na,8161356,na,na,na,na,494910,9937295,82.1285
2021-06-29,na,8269963,na,na,na,na,1036870,10974165,75.3585
