Date;Nouveaux cas;Cumulatif de cas;
2020-02-25;1;1;
2020-02-26;0;1;
2020-02-27;0;1;
2020-02-28;0;1;
2020-02-29;0;1;
2020-03-01;1;2;
2020-03-02;2;4;
2020-03-03;0;4;
2020-03-04;0;4;
2020-03-05;0;4;
2020-03-06;0;4;
2020-03-07;0;4;
2020-03-08;1;5;
2020-03-09;1;6;
2020-03-10;2;8;
2020-03-11;3;11;
2020-03-12;3;14;
2020-03-13;2;16;
2020-03-14;5;21;
2020-03-15;6;27;
2020-03-16;5;32;
2020-03-17;7;39;
2020-03-18;6;45;
2020-03-19;36;81;
2020-03-20;49;130;
2020-03-21;92;222;
2020-03-22;88;310;
2020-03-23;133;443;
2020-03-24;145;588;
2020-03-25;188;776;
2020-03-26;181;957;
2020-03-27;243;1200;
2020-03-28;201;1401;
2020-03-29;260;1661;
2020-03-30;266;1927;
2020-03-31;331;2258;
2020-04-01;305;2563;
2020-04-02;409;2972;
2020-04-03;350;3322;
2020-04-04;340;3662;
2020-04-05;261;3923;
2020-04-06;458;4381;
2020-04-07;422;4803;
2020-04-08;377;5180;
2020-04-09;351;5531;
2020-04-10;306;5837;
2020-04-11;261;6098;
2020-04-12;332;6430;
2020-04-13;543;6973;
2020-04-14;467;7440;
2020-04-15;617;8057;
2020-04-16;497;8554;
2020-04-17;571;9125;
2020-04-18;331;9456;
2020-04-19;432;9888;
2020-04-20;483;10371;
2020-04-21;459;10830;
2020-04-22;534;11364;
2020-04-23;526;11890;
2020-04-24;497;12387;
2020-04-25;311;12698;
2020-04-26;283;12981;
2020-04-27;462;13443;
2020-04-28;471;13914;
2020-04-29;519;14433;
2020-04-30;589;15022;
2020-05-01;617;15639;
2020-05-02;524;16163;
2020-05-03;352;16515;
2020-05-04;419;16934;
2020-05-05;470;17404;
2020-05-06;569;17973;
2020-05-07;428;18401;
2020-05-08;434;18835;
2020-05-09;313;19148;
2020-05-10;300;19448;
2020-05-11;365;19813;
2020-05-12;428;20241;
2020-05-13;399;20640;
2020-05-14;354;20994;
2020-05-15;348;21342;
2020-05-16;269;21611;
2020-05-17;343;21954;
2020-05-18;333;22287;
2020-05-19;319;22606;
2020-05-20;411;23017;
2020-05-21;382;23399;
2020-05-22;257;23656;
2020-05-23;216;23872;
2020-05-24;214;24086;
2020-05-25;208;24294;
2020-05-26;239;24533;
2020-05-27;255;24788;
2020-05-28;194;24982;
2020-05-29;193;25175;
2020-05-30;206;25381;
2020-05-31;140;25521;
2020-06-01;156;25677;
2020-06-02;99;25776;
2020-06-03;114;25890;
2020-06-04;129;26019;
2020-06-05;113;26132;
2020-06-06;105;26237;
2020-06-07;76;26313;
2020-06-08;51;26364;
2020-06-09;78;26442;
2020-06-10;67;26509;
2020-06-11;68;26577;
2020-06-12;72;26649;
2020-06-13;66;26715;
2020-06-14;28;26743;
2020-06-15;56;26799;
2020-06-16;73;26872;
2020-06-17;52;26924;
2020-06-18;48;26972;
2020-06-19;65;27037;
2020-06-20;33;27070;
2020-06-21;26;27096;
2020-06-22;40;27136;
2020-06-23;38;27174;
2020-06-24;29;27203;
2020-06-25;46;27249;
2020-06-26;42;27291;
2020-06-27;30;27321;
2020-06-28;18;27339;
2020-06-29;16;27355;
2020-06-30;40;27395;
2020-07-01;24;27419;
2020-07-02;16;27435;
2020-07-03;17;27452;
2020-07-04;16;27468;
2020-07-05;7;27475;
2020-07-06;15;27490;
2020-07-07;21;27511;
2020-07-08;33;27544;
2020-07-09;51;27595;
2020-07-10;51;27646;
2020-07-11;21;27667;
2020-07-12;12;27679;
2020-07-13;78;27757;
2020-07-14;65;27822;
2020-07-15;69;27891;
2020-07-16;65;27956;
2020-07-17;103;28059;
2020-07-18;99;28158;
2020-07-19;54;28212;
2020-07-20;38;28250;
2020-07-21;65;28315;
2020-07-22;77;28392;
2020-07-23;92;28484;
2020-07-24;69;28553;
2020-07-25;35;28588;
2020-07-26;53;28641;
2020-07-27;34;28675;
2020-07-28;38;28713;
2020-07-29;71;28784;
2020-07-30;59;28843;
2020-07-31;58;28901;
2020-08-01;51;28952;
2020-08-02;31;28983;
2020-08-03;46;29029;
2020-08-04;65;29094;
2020-08-05;46;29140;
2020-08-06;21;29161;
2020-08-07;46;29207;
2020-08-08;35;29242;
2020-08-09;37;29279;
2020-08-10;35;29314;
2020-08-11;36;29350;
2020-08-12;36;29386;
2020-08-13;38;29424;
2020-08-14;31;29455;
2020-08-15;14;29469;
2020-08-16;13;29482;
2020-08-17;18;29500;
2020-08-18;17;29517;
2020-08-19;22;29539;
2020-08-20;35;29574;
2020-08-21;33;29607;
2020-08-22;20;29627;
2020-08-23;23;29650;
2020-08-24;10;29660;
2020-08-25;28;29688;
2020-08-26;43;29731;
2020-08-27;43;29774;
2020-08-28;27;29801;
2020-08-29;55;29856;
2020-08-30;15;29871;
2020-08-31;32;29903;
2020-09-01;36;29939;
2020-09-02;35;29974;
2020-09-03;72;30046;
2020-09-04;47;30093;
2020-09-05;67;30160;
2020-09-06;59;30219;
2020-09-07;51;30270;
2020-09-08;72;30342;
2020-09-09;70;30412;
2020-09-10;90;30502;
2020-09-11;111;30613;
2020-09-12;72;30685;
2020-09-13;101;30786;
2020-09-14;76;30862;
2020-09-15;94;30956;
2020-09-16;83;31039;
2020-09-17;74;31113;
2020-09-18;203;31316;
2020-09-19;141;31457;
2020-09-20;220;31677;
2020-09-21;141;31818;
2020-09-22;168;31986;
2020-09-23;258;32244;
2020-09-24;237;32481;
2020-09-25;286;32767;
2020-09-26;352;33119;
2020-09-27;277;33396;
2020-09-28;282;33678;
2020-09-29;350;34028;
2020-09-30;323;34351;
2020-10-01;318;34669;
2020-10-02;419;35088;
2020-10-03;376;35464;
2020-10-04;302;35766;
2020-10-05;284;36050;
2020-10-06;257;36307;
2020-10-07;304;36611;
2020-10-08;345;36956;
2020-10-09;288;37244;
2020-10-10;198;37442;
2020-10-11;336;37778;
2020-10-12;275;38053;
2020-10-13;204;38257;
2020-10-14;278;38535;
2020-10-15;257;38792;
2020-10-16;265;39057;
2020-10-17;274;39331;
2020-10-18;193;39524;
2020-10-19;241;39765;
2020-10-20;256;40021;
2020-10-21;295;40316;
2020-10-22;226;40542;
2020-10-23;250;40792;
2020-10-24;165;40957;
2020-10-25;219;41176;
2020-10-26;359;41535;
2020-10-27;247;41782;
2020-10-28;216;41998;
2020-10-29;216;42214;
2020-10-30;198;42412;
2020-10-31;242;42654;
2020-11-01;234;42888;
2020-11-02;196;43084;
;;;
;;;
;;;
;;;
;;;
;;;
;;;
;;;
;;;
;;;
;;;
;;;
;;;
;;;
;;;
;;;
;;;
;;;
;;;
;;;
;;;
;;;
;;;
;;;
;;;
;;;
;;;
;;;
;;;
;;;
;;;
;;;
;;;
;;;
;;;
;;;
;;;
;;;
;;;
;;;
;;;
;;;
;;;
;;;
;;;
;;;
;;;
;;;
;;;
;;;
;;;
;;;
;;;
;;;
;;;
