Date;Nouveaux cas;Cumulatif de cas;
2020-02-25;1;1;
2020-02-26;0;1;
2020-02-27;0;1;
2020-02-28;0;1;
2020-02-29;0;1;
2020-03-01;1;2;
2020-03-02;2;4;
2020-03-03;0;4;
2020-03-04;0;4;
2020-03-05;0;4;
2020-03-06;0;4;
2020-03-07;0;4;
2020-03-08;1;5;
2020-03-09;1;6;
2020-03-10;2;8;
2020-03-11;3;11;
2020-03-12;3;14;
2020-03-13;2;16;
2020-03-14;5;21;
2020-03-15;6;27;
2020-03-16;5;32;
2020-03-17;7;39;
2020-03-18;6;45;
2020-03-19;36;81;
2020-03-20;49;130;
2020-03-21;91;221;
2020-03-22;89;310;
2020-03-23;133;443;
2020-03-24;145;588;
2020-03-25;187;775;
2020-03-26;180;955;
2020-03-27;241;1196;
2020-03-28;199;1395;
2020-03-29;258;1653;
2020-03-30;265;1918;
2020-03-31;330;2248;
2020-04-01;304;2552;
2020-04-02;409;2961;
2020-04-03;348;3309;
2020-04-04;340;3649;
2020-04-05;260;3909;
2020-04-06;457;4366;
2020-04-07;423;4789;
2020-04-08;373;5162;
2020-04-09;351;5513;
2020-04-10;305;5818;
2020-04-11;261;6079;
2020-04-12;330;6409;
2020-04-13;542;6951;
2020-04-14;468;7419;
2020-04-15;613;8032;
2020-04-16;497;8529;
2020-04-17;571;9100;
2020-04-18;331;9431;
2020-04-19;431;9862;
2020-04-20;483;10345;
2020-04-21;457;10802;
2020-04-22;531;11333;
2020-04-23;527;11860;
2020-04-24;493;12353;
2020-04-25;311;12664;
2020-04-26;282;12946;
2020-04-27;461;13407;
2020-04-28;471;13878;
2020-04-29;519;14397;
2020-04-30;588;14985;
2020-05-01;616;15601;
2020-05-02;526;16127;
2020-05-03;345;16472;
2020-05-04;419;16891;
2020-05-05;469;17360;
2020-05-06;569;17929;
2020-05-07;429;18358;
2020-05-08;429;18787;
2020-05-09;313;19100;
2020-05-10;299;19399;
2020-05-11;366;19765;
2020-05-12;427;20192;
2020-05-13;401;20593;
2020-05-14;356;20949;
2020-05-15;348;21297;
2020-05-16;271;21568;
2020-05-17;343;21911;
2020-05-18;332;22243;
2020-05-19;319;22562;
2020-05-20;406;22968;
2020-05-21;380;23348;
2020-05-22;257;23605;
2020-05-23;216;23821;
2020-05-24;216;24037;
2020-05-25;204;24241;
2020-05-26;240;24481;
2020-05-27;253;24734;
2020-05-28;193;24927;
2020-05-29;193;25120;
2020-05-30;205;25325;
2020-05-31;141;25466;
2020-06-01;156;25622;
2020-06-02;97;25719;
2020-06-03;114;25833;
2020-06-04;128;25961;
2020-06-05;109;26070;
2020-06-06;105;26175;
2020-06-07;76;26251;
2020-06-08;51;26302;
2020-06-09;79;26381;
2020-06-10;67;26448;
2020-06-11;66;26514;
2020-06-12;72;26586;
2020-06-13;66;26652;
2020-06-14;28;26680;
2020-06-15;56;26736;
2020-06-16;74;26810;
2020-06-17;53;26863;
2020-06-18;48;26911;
2020-06-19;64;26975;
2020-06-20;33;27008;
2020-06-21;26;27034;
2020-06-22;41;27075;
2020-06-23;40;27115;
2020-06-24;29;27144;
2020-06-25;46;27190;
2020-06-26;42;27232;
2020-06-27;30;27262;
2020-06-28;18;27280;
2020-06-29;16;27296;
2020-06-30;40;27336;
2020-07-01;24;27360;
2020-07-02;16;27376;
2020-07-03;17;27393;
2020-07-04;16;27409;
2020-07-05;7;27416;
2020-07-06;16;27432;
2020-07-07;21;27453;
2020-07-08;33;27486;
2020-07-09;52;27538;
2020-07-10;50;27588;
2020-07-11;21;27609;
2020-07-12;13;27622;
2020-07-13;75;27697;
2020-07-14;65;27762;
2020-07-15;69;27831;
2020-07-16;66;27897;
2020-07-17;100;27997;
2020-07-18;97;28094;
2020-07-19;55;28149;
2020-07-20;37;28186;
2020-07-21;63;28249;
2020-07-22;78;28327;
2020-07-23;92;28419;
2020-07-24;69;28488;
2020-07-25;34;28522;
2020-07-26;52;28574;
2020-07-27;34;28608;
2020-07-28;37;28645;
2020-07-29;69;28714;
2020-07-30;59;28773;
2020-07-31;57;28830;
2020-08-01;50;28880;
2020-08-02;31;28911;
2020-08-03;46;28957;
2020-08-04;65;29022;
2020-08-05;46;29068;
2020-08-06;21;29089;
2020-08-07;45;29134;
2020-08-08;35;29169;
2020-08-09;38;29207;
2020-08-10;34;29241;
2020-08-11;36;29277;
2020-08-12;35;29312;
2020-08-13;38;29350;
2020-08-14;29;29379;
2020-08-15;14;29393;
2020-08-16;12;29405;
2020-08-17;17;29422;
2020-08-18;17;29439;
2020-08-19;22;29461;
2020-08-20;36;29497;
2020-08-21;32;29529;
2020-08-22;20;29549;
2020-08-23;21;29570;
2020-08-24;8;29578;
2020-08-25;29;29607;
2020-08-26;41;29648;
2020-08-27;43;29691;
2020-08-28;25;29716;
2020-08-29;54;29770;
2020-08-30;14;29784;
2020-08-31;32;29816;
2020-09-01;36;29852;
2020-09-02;36;29888;
2020-09-03;72;29960;
2020-09-04;49;30009;
2020-09-05;64;30073;
2020-09-06;57;30130;
2020-09-07;50;30180;
2020-09-08;71;30251;
2020-09-09;70;30321;
2020-09-10;90;30411;
2020-09-11;109;30520;
2020-09-12;71;30591;
2020-09-13;97;30688;
2020-09-14;72;30760;
2020-09-15;95;30855;
2020-09-16;81;30936;
2020-09-17;71;31007;
2020-09-18;201;31208;
2020-09-19;141;31349;
2020-09-20;203;31552;
2020-09-21;140;31692;
2020-09-22;170;31862;
2020-09-23;254;32116;
2020-09-24;238;32354;
2020-09-25;287;32641;
2020-09-26;352;32993;
2020-09-27;274;33267;
2020-09-28;284;33551;
2020-09-29;357;33908;
2020-09-30;318;34226;
2020-10-01;313;34539;
2020-10-02;418;34957;
2020-10-03;373;35330;
2020-10-04;301;35631;
2020-10-05;280;35911;
2020-10-06;257;36168;
2020-10-07;305;36473;
2020-10-08;348;36821;
2020-10-09;287;37108;
2020-10-10;196;37304;
2020-10-11;331;37635;
2020-10-12;273;37908;
2020-10-13;204;38112;
2020-10-14;273;38385;
2020-10-15;255;38640;
2020-10-16;266;38906;
2020-10-17;276;39182;
2020-10-18;192;39374;
2020-10-19;244;39618;
2020-10-20;254;39872;
2020-10-21;292;40164;
2020-10-22;223;40387;
2020-10-23;247;40634;
2020-10-24;166;40800;
2020-10-25;220;41020;
2020-10-26;362;41382;
2020-10-27;244;41626;
2020-10-28;212;41838;
2020-10-29;219;42057;
2020-10-30;198;42255;
2020-10-31;239;42542;
2020-11-01;236;42778;
2020-11-02;198;42928;
2020-11-03;241;43169;
2020-11-04;246;43415;
2020-11-05;328;43743;
2020-11-06;265;44008;
2020-11-07;273;44281;
2020-11-08;277;44558;
2020-11-09;272;44830;
2020-11-10;323;45153;
2020-11-11;349;45502;
2020-11-12;286;45788;
2020-11-13;331;46119;
2020-11-14;310;46429;
2020-11-15;280;46709;
2020-11-16;308;47017;
2020-11-17;238;47255;
2020-11-18;230;47485;
2020-11-19;284;47769;
2020-11-20;255;48024;
2020-11-21;268;48292;
2020-11-22;303;48595;
2020-11-23;278;48873;
2020-11-24;245;49118;
2020-11-25;304;49422;
2020-11-26;348;49770;
2020-11-27;418;50188;
2020-11-28;448;50636;
2020-11-29;366;51002;
2020-11-30;339;51341;
2020-12-01;418;51759;
2020-12-02;459;52218;
2020-12-03;452;52670;
2020-12-04;501;53171;
2020-12-05;522;53693;
2020-12-06;487;54180;
2020-12-07;464;54644;
2020-12-08;532;55176;
2020-12-09;589;55765;
2020-12-10;551;56316;
2020-12-11;649;56965;
2020-12-12;738;57703;
2020-12-13;570;58273;
2020-12-14;678;58951;
2020-12-15;560;59511;
2020-12-16;703;60214;
2020-12-17;936;61150;
2020-12-18;817;61967;
2020-12-19;698;62665;
2020-12-20;651;63316;
2020-12-21;753;64069;
2020-12-22;765;64834;
2020-12-23;706;65540;
2020-12-24;883;66423;
2020-12-25;952;67375;
2020-12-26;757;68132;
2020-12-27;805;68937;
2020-12-28;846;69783;
2020-12-29;1003;70786;
2020-12-30;941;71727;
2020-12-31;751;72478;
2021-01-01;1235;73713;
2021-01-02;930;74643;
2021-01-03;793;75436;
2021-01-04;774;76210;
2021-01-05;823;77033;
2021-01-06;1097;78130;
2021-01-07;1283;79413;
2021-01-08;1051;80464;
2021-01-09;824;81288;
2021-01-10;780;82068;
2021-01-11;564;82632;
2021-01-12;864;83496;
2021-01-13;735;84231;
2021-01-14;820;85051;
2021-01-15;717;85768;
2021-01-16;886;86654;
2021-01-17;586;87240;
2021-01-18;471;87711;
2021-01-19;640;88351;
2021-01-20;673;89024;
2021-01-21;767;89791;
2021-01-22;615;90406;
2021-01-23;565;90971;
2021-01-24;431;91402;
2021-01-25;506;91908;
2021-01-26;596;92504;
2021-01-27;455;92959;
2021-01-28;580;93539;
2021-01-29;499;94038;
2021-01-30;557;94595;
2021-01-31;390;94985;
2021-02-01;471;95456;
2021-02-02;562;96018;
2021-02-03;489;96507;
2021-02-04;488;96995;
2021-02-05;559;97554;
2021-02-06;510;98064;
2021-02-07;443;98507;
2021-02-08;340;98847;
2021-02-09;452;99299;
2021-02-10;551;99850;
2021-02-11;477;100327;
2021-02-12;486;100813;
2021-02-13;342;101155;
2021-02-14;354;101509;
2021-02-15;317;101826;
2021-02-16;415;102241;
2021-02-17;332;102573;
2021-02-18;377;102950;
2021-02-19;395;103345;
2021-02-20;392;103737;
2021-02-21;407;104144;
2021-02-22;259;104403;
2021-02-23;422;104825;
2021-02-24;411;105236;
2021-02-25;282;105518;
;;;
;;;
;;;
;;;
;;;
;;;
;;;
;;;
;;;
;;;
;;;
;;;
;;;
;;;
;;;
;;;
;;;
;;;
;;;
;;;
;;;
;;;
;;;
;;;
;;;
;;;
;;;
;;;
;;;
;;;
;;;
;;;
;;;
;;;
;;;
;;;
;;;
;;;
;;;
;;;
;;;
;;;
;;;
;;;
;;;
;;;
;;;
;;;
;;;
;;;
;;;
;;;
;;;
;;;
;;;
;;;
;;;
;;;
;;;
;;;
;;;
;;;
;;;
;;;
;;;
;;;
;;;
;;;
;;;
;;;
;;;
;;;
;;;
;;;
;;;
;;;
;;;
;;;
;;;
;;;
;;;
;;;
;;;
;;;
;;;
;;;
;;;
;;;
;;;
;;;
;;;
;;;
;;;
;;;
;;;
;;;
;;;
;;;
;;;
;;;
;;;
;;;
;;;
;;;
;;;
;;;
;;;
;;;
;;;
;;;
;;;
;;;
;;;
;;;
;;;
;;;
;;;
;;;
;;;
;;;
;;;
;;;
;;;
;;;
;;;
;;;
;;;
;;;
;;;
;;;
;;;
;;;
;;;
;;;
;;;
;;;
;;;
;;;
;;;
;;;
;;;
;;;
;;;
;;;
;;;
;;;
;;;
;;;
;;;
;;;
;;;
;;;
;;;
;;;
;;;
;;;
;;;
;;;
;;;
;;;
